1.000000e+00 2.971041e-17
1.002306e+00 3.088965e-17
1.004617e+00 3.214969e-17
1.006934e+00 3.349564e-17
1.009256e+00 3.493302e-17
1.011583e+00 3.656777e-17
1.013916e+00 3.831234e-17
1.016254e+00 4.013180e-17
1.018598e+00 4.198369e-17
1.020947e+00 4.376556e-17
1.023301e+00 4.576564e-17
1.025661e+00 4.788872e-17
1.028026e+00 5.002016e-17
1.030396e+00 5.152580e-17
1.032773e+00 5.224320e-17
1.035154e+00 5.233009e-17
1.037541e+00 5.197341e-17
1.039934e+00 5.128365e-17
1.042332e+00 5.044391e-17
1.044735e+00 4.947313e-17
1.047145e+00 4.839037e-17
1.049559e+00 4.635984e-17
1.051980e+00 4.388226e-17
1.054406e+00 4.119824e-17
1.056837e+00 3.851143e-17
1.059274e+00 3.617698e-17
1.061717e+00 3.401318e-17
1.064165e+00 3.197407e-17
1.066619e+00 3.002258e-17
1.069079e+00 2.820764e-17
1.071544e+00 2.655505e-17
1.074015e+00 2.504513e-17
1.076492e+00 2.366080e-17
1.078974e+00 2.238800e-17
1.081462e+00 2.120945e-17
1.083956e+00 2.011913e-17
1.086456e+00 1.911142e-17
1.088961e+00 1.819030e-17
1.091472e+00 1.733341e-17
1.093989e+00 1.653534e-17
1.096512e+00 1.579119e-17
1.099040e+00 1.510384e-17
1.101575e+00 1.446070e-17
1.104115e+00 1.385826e-17
1.106661e+00 1.329337e-17
1.109213e+00 1.276799e-17
1.111771e+00 1.227297e-17
1.114335e+00 1.180616e-17
1.116904e+00 1.136559e-17
1.119480e+00 1.095353e-17
1.122062e+00 1.056351e-17
1.124649e+00 1.019392e-17
1.127242e+00 9.843269e-18
1.129842e+00 9.512921e-18
1.132447e+00 9.199002e-18
1.135059e+00 8.900422e-18
1.137676e+00 8.616178e-18
1.140300e+00 8.347174e-18
1.142929e+00 8.090436e-18
1.145565e+00 7.845554e-18
1.148207e+00 7.612478e-18
1.150854e+00 7.394019e-18
1.153508e+00 7.203675e-18
1.156168e+00 3.034270e-17
1.158834e+00 6.806307e-18
1.161507e+00 6.593227e-18
1.164185e+00 6.408882e-18
1.166870e+00 6.234642e-18
1.169560e+00 6.067922e-18
1.172257e+00 5.908694e-18
1.174961e+00 5.755587e-18
1.177670e+00 5.608230e-18
1.180386e+00 5.466304e-18
1.183108e+00 5.330198e-18
1.185836e+00 5.198848e-18
1.188571e+00 5.072073e-18
1.191312e+00 4.949701e-18
1.194059e+00 4.832108e-18
1.196812e+00 4.718426e-18
1.199572e+00 4.608478e-18
1.202338e+00 4.502098e-18
1.205111e+00 4.399666e-18
1.207890e+00 4.300499e-18
1.210675e+00 4.204455e-18
1.213467e+00 4.111399e-18
1.216265e+00 4.021577e-18
1.219070e+00 3.934486e-18
1.221881e+00 3.850021e-18
1.224699e+00 3.768084e-18
1.227523e+00 3.688891e-18
1.230354e+00 3.611986e-18
1.233191e+00 3.537294e-18
1.236035e+00 3.464740e-18
1.238885e+00 3.394530e-18
1.241742e+00 3.326283e-18
1.244605e+00 3.259928e-18
1.247475e+00 3.195398e-18
1.250352e+00 3.132862e-18
1.253235e+00 3.072015e-18
1.256125e+00 3.012802e-18
1.259022e+00 2.955169e-18
1.261925e+00 2.899277e-18
1.264835e+00 2.844841e-18
1.267752e+00 2.791816e-18
1.270676e+00 2.740156e-18
1.273606e+00 2.690010e-18
1.276543e+00 2.641140e-18
1.279486e+00 2.593508e-18
1.282437e+00 2.547073e-18
1.285394e+00 2.501940e-18
1.288358e+00 2.457846e-18
1.291329e+00 2.414720e-18
1.294307e+00 2.372566e-18
1.297292e+00 2.331666e-18
1.300283e+00 2.291700e-18
1.303282e+00 2.252593e-18
1.306287e+00 2.214272e-18
1.309300e+00 2.176672e-18
1.312319e+00 2.139681e-18
1.315345e+00 2.103296e-18
1.318378e+00 2.067506e-18
1.321418e+00 2.032374e-18
1.324466e+00 1.997823e-18
1.327520e+00 1.963805e-18
1.330581e+00 1.930268e-18
1.333649e+00 1.897200e-18
1.336725e+00 1.864520e-18
1.339807e+00 1.832183e-18
1.342897e+00 1.800572e-18
1.345994e+00 1.769701e-18
1.349098e+00 1.739172e-18
1.352209e+00 1.708930e-18
1.355327e+00 1.678920e-18
1.358452e+00 1.649158e-18
1.361585e+00 1.619500e-18
1.364725e+00 1.589877e-18
1.367872e+00 1.560217e-18
1.371026e+00 1.530502e-18
1.374188e+00 1.500580e-18
1.377356e+00 1.470364e-18
1.380533e+00 1.439766e-18
1.383716e+00 1.408749e-18
1.386907e+00 1.377164e-18
1.390105e+00 1.344920e-18
1.393311e+00 1.313822e-18
1.396524e+00 1.282453e-18
1.399744e+00 1.250579e-18
1.402972e+00 1.218161e-18
1.406207e+00 1.185172e-18
1.409450e+00 1.151625e-18
1.412700e+00 1.117479e-18
1.415958e+00 1.082741e-18
1.419223e+00 1.047437e-18
1.422496e+00 1.011634e-18
1.425776e+00 9.753632e-19
1.429064e+00 9.387035e-19
1.432359e+00 9.017493e-19
1.435662e+00 8.646252e-19
1.438973e+00 8.274351e-19
1.442291e+00 7.908888e-19
1.445617e+00 7.566962e-19
1.448951e+00 7.228757e-19
1.452292e+00 6.895142e-19
1.455641e+00 6.567104e-19
1.458998e+00 6.245580e-19
1.462362e+00 5.931506e-19
1.465735e+00 5.625595e-19
1.469115e+00 5.328542e-19
1.472502e+00 5.040946e-19
1.475898e+00 4.763334e-19
1.479301e+00 4.496051e-19
1.482713e+00 4.239382e-19
1.486132e+00 3.993510e-19
1.489559e+00 3.758538e-19
1.492994e+00 3.534447e-19
1.496437e+00 3.327680e-19
1.499888e+00 3.137098e-19
1.503346e+00 2.955793e-19
1.506813e+00 2.783531e-19
1.510288e+00 2.620067e-19
1.513770e+00 2.465129e-19
1.517261e+00 2.318435e-19
1.520760e+00 2.179675e-19
1.524267e+00 2.048537e-19
1.527782e+00 1.924704e-19
1.531305e+00 1.807858e-19
1.534836e+00 1.697679e-19
1.538375e+00 1.593849e-19
1.541923e+00 1.496059e-19
1.545479e+00 1.404006e-19
1.549043e+00 1.317392e-19
1.552615e+00 1.239100e-19
1.556195e+00 1.166096e-19
1.559784e+00 1.097270e-19
1.563380e+00 1.032401e-19
1.566986e+00 9.712758e-20
1.570599e+00 9.136925e-20
1.574221e+00 8.594574e-20
1.577851e+00 8.083852e-20
1.581490e+00 7.602997e-20
1.585137e+00 7.150334e-20
1.588792e+00 6.724273e-20
1.592456e+00 6.323301e-20
1.596128e+00 5.945984e-20
1.599809e+00 5.590965e-20
1.603498e+00 5.256959e-20
1.607195e+00 4.943797e-20
1.610902e+00 4.660139e-20
1.614616e+00 4.392653e-20
1.618340e+00 4.140431e-20
1.622072e+00 3.902614e-20
1.625812e+00 3.678391e-20
1.629561e+00 3.466995e-20
1.633319e+00 3.267699e-20
1.637085e+00 3.079817e-20
1.640861e+00 2.902703e-20
1.644644e+00 2.735744e-20
1.648437e+00 2.578362e-20
1.652238e+00 2.430012e-20
1.656048e+00 2.290178e-20
1.659867e+00 2.158375e-20
1.663695e+00 2.034143e-20
1.667531e+00 1.918533e-20
1.671377e+00 1.811846e-20
1.675231e+00 1.711084e-20
1.679094e+00 1.615918e-20
1.682966e+00 1.526040e-20
1.686847e+00 1.441156e-20
1.690737e+00 1.360989e-20
1.694636e+00 1.285278e-20
1.698544e+00 1.213776e-20
1.702460e+00 1.146249e-20
1.706386e+00 1.082477e-20
1.710321e+00 1.022252e-20
1.714265e+00 9.653759e-21
1.718218e+00 9.116634e-21
1.722181e+00 8.609389e-21
1.726152e+00 8.130362e-21
1.730132e+00 7.686699e-21
1.734122e+00 7.271460e-21
1.738121e+00 6.878654e-21
1.742129e+00 6.507070e-21
1.746147e+00 6.155563e-21
1.750173e+00 5.823049e-21
1.754209e+00 5.508503e-21
1.758254e+00 5.210955e-21
1.762309e+00 4.929488e-21
1.766373e+00 4.663234e-21
1.770446e+00 4.411370e-21
1.774529e+00 4.173120e-21
1.778621e+00 3.947750e-21
1.782722e+00 3.734563e-21
1.786833e+00 3.532901e-21
1.790954e+00 3.342143e-21
1.795084e+00 3.166026e-21
1.799223e+00 2.999414e-21
1.803372e+00 2.841585e-21
1.807531e+00 2.692076e-21
1.811699e+00 2.550449e-21
1.815877e+00 2.416289e-21
1.820064e+00 2.289203e-21
1.824261e+00 2.168818e-21
1.828468e+00 2.054783e-21
1.832684e+00 1.946762e-21
1.836911e+00 1.844439e-21
1.841147e+00 1.747515e-21
1.845392e+00 1.655704e-21
1.849648e+00 1.568738e-21
1.853913e+00 1.486361e-21
1.858188e+00 1.408747e-21
1.862473e+00 1.336446e-21
1.866768e+00 1.267878e-21
1.871073e+00 1.202850e-21
1.875388e+00 1.141181e-21
1.879712e+00 1.082698e-21
1.884047e+00 1.027237e-21
1.888391e+00 9.746421e-22
1.892746e+00 9.247661e-22
1.897111e+00 8.774691e-22
1.901486e+00 8.326184e-22
1.905870e+00 7.900883e-22
1.910265e+00 7.497593e-22
1.914670e+00 7.115183e-22
1.919086e+00 6.752579e-22
1.923511e+00 6.408764e-22
1.927947e+00 6.086124e-22
1.932393e+00 5.782857e-22
1.936849e+00 5.495016e-22
1.941315e+00 5.221823e-22
1.945792e+00 4.962539e-22
1.950279e+00 4.716465e-22
1.954776e+00 4.482936e-22
1.959284e+00 4.261319e-22
1.963802e+00 4.051015e-22
1.968331e+00 3.851456e-22
1.972870e+00 3.662099e-22
1.977419e+00 3.482433e-22
1.981979e+00 3.311969e-22
1.986549e+00 3.150245e-22
1.991130e+00 2.996822e-22
1.995722e+00 2.851282e-22
2.000324e+00 2.715360e-22
2.004937e+00 2.589264e-22
2.009560e+00 2.469447e-22
2.014194e+00 2.355606e-22
2.018839e+00 2.247453e-22
2.023495e+00 2.144712e-22
2.028161e+00 2.047121e-22
2.032838e+00 1.954432e-22
2.037525e+00 1.866408e-22
2.042224e+00 1.782822e-22
2.046933e+00 1.703461e-22
2.051654e+00 1.628119e-22
2.056385e+00 1.556602e-22
2.061127e+00 1.488725e-22
2.065880e+00 1.424310e-22
2.070644e+00 1.363292e-22
2.075419e+00 1.306173e-22
2.080205e+00 1.251940e-22
2.085001e+00 1.200454e-22
2.089810e+00 1.151584e-22
2.094629e+00 1.105203e-22
2.099459e+00 1.061189e-22
2.104300e+00 1.019429e-22
2.109153e+00 9.798110e-23
2.114016e+00 9.422312e-23
2.118891e+00 9.065890e-23
2.123778e+00 8.727884e-23
2.128675e+00 8.407378e-23
2.133584e+00 8.103496e-23
2.138504e+00 7.815400e-23
2.143435e+00 7.542289e-23
2.148378e+00 7.284668e-23
2.153332e+00 7.042169e-23
2.158298e+00 6.812092e-23
2.163275e+00 6.593797e-23
2.168263e+00 6.386671e-23
2.173263e+00 6.190129e-23
2.178275e+00 6.003611e-23
2.183298e+00 5.826583e-23
2.188333e+00 5.658535e-23
2.193379e+00 5.498978e-23
2.198437e+00 5.347447e-23
2.203507e+00 5.203498e-23
2.208588e+00 5.066709e-23
2.213681e+00 4.936677e-23
2.218786e+00 4.813018e-23
2.223902e+00 4.695369e-23
2.229031e+00 4.584043e-23
2.234171e+00 4.478236e-23
2.239323e+00 4.377328e-23
2.244487e+00 4.281038e-23
2.249663e+00 4.189095e-23
2.254850e+00 4.101247e-23
2.260050e+00 4.017253e-23
2.265262e+00 3.936886e-23
2.270485e+00 3.859932e-23
2.275721e+00 3.786191e-23
2.280969e+00 3.715470e-23
2.286229e+00 3.647592e-23
2.291501e+00 3.582388e-23
2.296785e+00 3.519700e-23
2.302082e+00 3.459380e-23
2.307390e+00 3.401288e-23
2.312711e+00 3.345544e-23
2.318044e+00 3.291742e-23
2.323390e+00 3.239766e-23
2.328747e+00 3.189512e-23
2.334117e+00 3.140884e-23
2.339500e+00 3.093791e-23
2.344895e+00 3.048148e-23
2.350302e+00 3.003876e-23
2.355722e+00 2.960900e-23
2.361154e+00 2.919151e-23
2.366599e+00 2.878565e-23
2.372057e+00 2.839081e-23
2.377527e+00 2.800642e-23
2.383009e+00 2.763196e-23
2.388504e+00 2.726692e-23
2.394012e+00 2.691105e-23
2.399533e+00 2.656416e-23
2.405066e+00 2.622531e-23
2.410612e+00 2.589413e-23
2.416171e+00 2.557029e-23
2.421743e+00 2.525347e-23
2.427327e+00 2.494336e-23
2.432925e+00 2.463968e-23
2.438535e+00 2.434218e-23
2.444159e+00 2.405061e-23
2.449795e+00 2.376474e-23
2.455444e+00 2.348435e-23
2.461106e+00 2.320924e-23
2.466782e+00 2.293923e-23
2.472470e+00 2.267412e-23
2.478172e+00 2.241375e-23
2.483886e+00 2.215806e-23
2.489614e+00 2.190686e-23
2.495355e+00 2.165993e-23
2.501110e+00 2.141713e-23
2.506877e+00 2.117835e-23
2.512658e+00 2.094347e-23
2.518452e+00 2.071238e-23
2.524260e+00 2.048497e-23
2.530081e+00 2.026115e-23
2.535915e+00 2.004082e-23
2.541763e+00 1.982389e-23
2.547624e+00 1.961027e-23
2.553499e+00 1.939989e-23
2.559388e+00 1.919266e-23
2.565289e+00 1.898852e-23
2.571205e+00 1.878739e-23
2.577134e+00 1.858924e-23
2.583077e+00 1.839397e-23
2.589034e+00 1.820151e-23
2.595004e+00 1.801180e-23
2.600988e+00 1.782479e-23
2.606986e+00 1.764042e-23
2.612998e+00 1.745863e-23
2.619023e+00 1.727939e-23
2.625063e+00 1.710263e-23
2.631116e+00 1.692831e-23
2.637184e+00 1.675639e-23
2.643265e+00 1.658681e-23
2.649360e+00 1.641955e-23
2.655470e+00 1.625455e-23
2.661593e+00 1.609178e-23
2.667731e+00 1.593119e-23
2.673883e+00 1.577276e-23
2.680049e+00 1.561644e-23
2.686229e+00 1.546220e-23
2.692424e+00 1.530999e-23
2.698632e+00 1.515979e-23
2.704855e+00 1.501155e-23
2.711093e+00 1.486526e-23
2.717345e+00 1.472087e-23
2.723611e+00 1.457836e-23
2.729891e+00 1.443769e-23
2.736187e+00 1.429884e-23
2.742496e+00 1.416177e-23
2.748821e+00 1.402646e-23
2.755159e+00 1.389289e-23
2.761513e+00 1.376103e-23
2.767881e+00 1.363087e-23
2.774264e+00 1.350238e-23
2.780661e+00 1.337550e-23
2.787073e+00 1.325022e-23
2.793500e+00 1.312652e-23
2.799942e+00 1.300437e-23
2.806399e+00 1.288375e-23
2.812870e+00 1.276463e-23
2.819357e+00 1.264699e-23
2.825858e+00 1.253080e-23
2.832375e+00 1.241606e-23
2.838906e+00 1.230273e-23
2.845453e+00 1.219082e-23
2.852014e+00 1.208028e-23
2.858591e+00 1.197110e-23
2.865183e+00 1.186324e-23
2.871790e+00 1.175669e-23
2.878413e+00 1.165144e-23
2.885050e+00 1.154746e-23
2.891703e+00 1.144473e-23
2.898372e+00 1.134324e-23
2.905055e+00 1.124296e-23
2.911754e+00 1.114388e-23
2.918469e+00 1.104598e-23
2.925199e+00 1.094924e-23
2.931944e+00 1.085365e-23
2.938705e+00 1.075918e-23
2.945482e+00 1.066583e-23
2.952274e+00 1.057357e-23
2.959082e+00 1.048239e-23
2.965906e+00 1.039228e-23
2.972745e+00 1.030321e-23
2.979601e+00 1.021518e-23
2.986472e+00 1.012816e-23
2.993358e+00 1.004214e-23
3.000261e+00 9.957541e-24
3.007180e+00 9.884707e-24
3.014114e+00 9.812475e-24
3.021065e+00 9.740841e-24
3.028031e+00 9.669799e-24
3.035014e+00 9.599342e-24
3.042013e+00 9.529465e-24
3.049028e+00 9.460163e-24
3.056059e+00 9.391428e-24
3.063106e+00 9.323257e-24
3.070170e+00 9.255643e-24
3.077250e+00 9.188580e-24
3.084346e+00 9.122064e-24
3.091458e+00 9.056089e-24
3.098587e+00 8.990650e-24
3.105733e+00 8.925742e-24
3.112894e+00 8.861358e-24
3.120073e+00 8.797495e-24
3.127268e+00 8.734147e-24
3.134479e+00 8.671309e-24
3.141707e+00 8.608976e-24
3.148952e+00 8.547144e-24
3.156214e+00 8.485807e-24
3.163492e+00 8.424960e-24
3.170787e+00 8.364600e-24
3.178099e+00 8.304721e-24
3.185427e+00 8.245318e-24
3.192773e+00 8.186388e-24
3.200136e+00 8.127925e-24
3.207515e+00 8.069926e-24
3.214912e+00 8.012384e-24
3.222325e+00 7.955298e-24
3.229756e+00 7.898661e-24
3.237204e+00 7.842470e-24
3.244669e+00 7.786720e-24
3.252151e+00 7.731407e-24
3.259651e+00 7.676528e-24
3.267167e+00 7.622078e-24
3.274702e+00 7.568052e-24
3.282253e+00 7.514448e-24
3.289822e+00 7.461261e-24
3.297408e+00 7.408487e-24
3.305012e+00 7.356122e-24
3.312634e+00 7.304162e-24
3.320272e+00 7.252604e-24
3.327929e+00 7.201444e-24
3.335603e+00 7.150678e-24
3.343295e+00 7.100303e-24
3.351005e+00 7.050314e-24
3.358732e+00 7.000709e-24
3.366478e+00 6.951483e-24
3.374241e+00 6.902634e-24
3.382022e+00 6.854158e-24
3.389821e+00 6.806050e-24
3.397638e+00 6.758309e-24
3.405473e+00 6.710931e-24
3.413326e+00 6.663911e-24
3.421197e+00 6.617248e-24
3.429086e+00 6.570938e-24
3.436994e+00 6.524977e-24
3.444919e+00 6.479362e-24
3.452863e+00 6.434091e-24
3.460826e+00 6.389159e-24
3.468806e+00 6.344565e-24
3.476805e+00 6.300305e-24
3.484823e+00 6.256376e-24
3.492859e+00 6.212774e-24
3.500914e+00 6.169498e-24
3.508987e+00 6.126544e-24
3.517078e+00 6.083910e-24
3.525189e+00 6.041591e-24
3.533318e+00 5.999587e-24
3.541466e+00 5.957893e-24
3.549633e+00 5.916508e-24
3.557818e+00 5.875427e-24
3.566022e+00 5.834650e-24
3.574246e+00 5.794172e-24
3.582488e+00 5.753992e-24
3.590749e+00 5.714107e-24
3.599029e+00 5.674514e-24
3.607329e+00 5.635211e-24
3.615647e+00 5.596194e-24
3.623985e+00 5.557463e-24
3.632342e+00 5.519013e-24
3.640718e+00 5.480844e-24
3.649114e+00 5.442951e-24
3.657529e+00 5.405334e-24
3.665963e+00 5.367989e-24
3.674417e+00 5.330914e-24
3.682890e+00 5.294108e-24
3.691383e+00 5.257566e-24
3.699895e+00 5.221289e-24
3.708427e+00 5.185272e-24
3.716979e+00 5.149515e-24
3.725550e+00 5.114014e-24
3.734141e+00 5.078768e-24
3.742752e+00 5.043774e-24
3.751383e+00 5.009030e-24
3.760034e+00 4.974535e-24
3.768704e+00 4.940286e-24
3.777395e+00 4.906281e-24
3.786106e+00 4.872519e-24
3.794836e+00 4.838996e-24
3.803587e+00 4.805711e-24
3.812358e+00 4.772663e-24
3.821150e+00 4.739849e-24
3.829961e+00 4.707267e-24
3.838793e+00 4.674915e-24
3.847646e+00 4.642792e-24
3.856518e+00 4.610896e-24
3.865411e+00 4.579225e-24
3.874325e+00 4.547776e-24
3.883259e+00 4.516549e-24
3.892214e+00 4.485541e-24
3.901190e+00 4.454751e-24
3.910186e+00 4.424177e-24
3.919203e+00 4.393817e-24
3.928240e+00 4.363670e-24
3.937299e+00 4.333733e-24
3.946378e+00 4.304006e-24
3.955479e+00 4.274486e-24
3.964600e+00 4.245173e-24
3.973743e+00 4.216063e-24
3.982906e+00 4.187156e-24
3.992091e+00 4.158451e-24
4.001296e+00 4.130239e-24
4.010524e+00 4.103993e-24
4.019772e+00 4.077902e-24
4.029041e+00 4.051962e-24
4.038332e+00 4.026175e-24
4.047645e+00 4.000538e-24
4.056979e+00 3.975051e-24
4.066334e+00 3.949714e-24
4.075711e+00 3.924525e-24
4.085110e+00 3.899484e-24
4.094530e+00 3.874590e-24
4.103972e+00 3.849843e-24
4.113436e+00 3.825241e-24
4.122922e+00 3.800784e-24
4.132429e+00 3.776471e-24
4.141958e+00 3.752301e-24
4.151510e+00 3.728274e-24
4.161083e+00 3.704389e-24
4.170679e+00 3.680645e-24
4.180296e+00 3.657041e-24
4.189936e+00 3.633578e-24
4.199598e+00 3.610253e-24
4.209282e+00 3.587067e-24
4.218989e+00 3.564019e-24
4.228718e+00 3.541108e-24
4.238470e+00 3.518333e-24
4.248244e+00 3.495694e-24
4.258040e+00 3.473190e-24
4.267859e+00 3.450820e-24
4.277701e+00 3.428584e-24
4.287565e+00 3.406481e-24
4.297452e+00 3.384511e-24
4.307362e+00 3.362776e-24
4.317295e+00 3.341178e-24
4.327251e+00 3.319711e-24
4.337230e+00 3.298374e-24
4.347231e+00 3.277166e-24
4.357256e+00 3.256087e-24
4.367304e+00 3.235136e-24
4.377375e+00 3.214313e-24
4.387469e+00 3.193617e-24
4.397587e+00 3.173047e-24
4.407728e+00 3.152602e-24
4.417892e+00 3.132283e-24
4.428079e+00 3.112091e-24
4.438291e+00 3.092022e-24
4.448525e+00 3.072077e-24
4.458784e+00 3.052255e-24
4.469066e+00 3.032555e-24
4.479371e+00 3.012977e-24
4.489701e+00 2.993520e-24
4.500054e+00 2.974183e-24
4.510431e+00 2.954967e-24
4.520832e+00 2.935870e-24
4.531257e+00 2.916893e-24
4.541707e+00 2.898034e-24
4.552180e+00 2.879292e-24
4.562677e+00 2.860669e-24
4.573199e+00 2.842162e-24
4.583745e+00 2.823771e-24
4.594315e+00 2.805497e-24
4.604909e+00 2.787337e-24
4.615528e+00 2.769293e-24
4.626172e+00 2.751363e-24
4.636840e+00 2.733547e-24
4.647532e+00 2.715844e-24
4.658249e+00 2.698254e-24
4.668991e+00 2.680776e-24
4.679758e+00 2.663411e-24
4.690550e+00 2.646157e-24
4.701366e+00 2.629013e-24
4.712208e+00 2.611981e-24
4.723074e+00 2.595058e-24
4.733965e+00 2.578245e-24
4.744882e+00 2.561541e-24
4.755824e+00 2.544945e-24
4.766791e+00 2.528458e-24
4.777783e+00 2.512079e-24
4.788800e+00 2.495807e-24
4.799843e+00 2.479641e-24
4.810912e+00 2.463583e-24
4.822006e+00 2.447630e-24
4.833126e+00 2.431783e-24
4.844271e+00 2.416040e-24
4.855442e+00 2.400403e-24
4.866638e+00 2.384870e-24
4.877861e+00 2.369441e-24
4.889109e+00 2.354115e-24
4.900384e+00 2.338892e-24
4.911684e+00 2.323772e-24
4.923010e+00 2.308754e-24
4.934363e+00 2.293838e-24
4.945741e+00 2.279023e-24
4.957146e+00 2.264310e-24
4.968578e+00 2.249697e-24
4.980035e+00 2.235184e-24
4.991519e+00 2.220771e-24
5.003030e+00 2.206317e-24
5.014567e+00 2.191572e-24
5.026130e+00 2.176935e-24
5.037721e+00 2.162406e-24
5.049338e+00 2.147984e-24
5.060981e+00 2.133669e-24
5.072652e+00 2.119460e-24
5.084350e+00 2.105357e-24
5.096074e+00 2.091359e-24
5.107826e+00 2.077466e-24
5.119605e+00 2.063677e-24
5.131410e+00 2.049992e-24
5.143243e+00 2.036410e-24
5.155104e+00 2.022932e-24
5.166991e+00 2.009555e-24
5.178907e+00 1.996281e-24
5.190849e+00 1.983108e-24
5.202819e+00 1.970037e-24
5.214817e+00 1.957066e-24
5.226842e+00 1.944195e-24
5.238896e+00 1.931424e-24
5.250977e+00 1.918752e-24
5.263085e+00 1.906179e-24
5.275222e+00 1.893705e-24
5.287387e+00 1.881329e-24
5.299580e+00 1.869050e-24
5.311800e+00 1.856868e-24
5.324049e+00 1.844784e-24
5.336327e+00 1.832795e-24
5.348632e+00 1.820903e-24
5.360966e+00 1.809106e-24
5.373329e+00 1.797404e-24
5.385720e+00 1.785797e-24
5.398139e+00 1.774284e-24
5.410587e+00 1.762865e-24
5.423064e+00 1.751540e-24
5.435570e+00 1.740308e-24
5.448104e+00 1.729169e-24
5.460668e+00 1.718122e-24
5.473260e+00 1.707167e-24
5.485881e+00 1.696304e-24
5.498532e+00 1.685532e-24
5.511212e+00 1.674851e-24
5.523920e+00 1.664260e-24
5.536659e+00 1.653760e-24
5.549426e+00 1.643350e-24
5.562223e+00 1.633029e-24
5.575050e+00 1.622797e-24
5.587906e+00 1.612655e-24
5.600792e+00 1.602600e-24
5.613707e+00 1.592635e-24
5.626652e+00 1.582757e-24
5.639627e+00 1.572966e-24
5.652632e+00 1.563263e-24
5.665668e+00 1.553647e-24
5.678733e+00 1.544118e-24
5.691828e+00 1.534675e-24
5.704953e+00 1.525318e-24
5.718109e+00 1.516048e-24
5.731295e+00 1.506863e-24
5.744511e+00 1.497763e-24
5.757758e+00 1.488748e-24
5.771036e+00 1.479818e-24
5.784344e+00 1.470973e-24
5.797682e+00 1.462212e-24
5.811052e+00 1.453535e-24
5.824452e+00 1.444942e-24
5.837883e+00 1.436432e-24
5.851346e+00 1.428006e-24
5.864839e+00 1.419662e-24
5.878363e+00 1.411402e-24
5.891919e+00 1.403224e-24
5.905506e+00 1.395128e-24
5.919124e+00 1.387114e-24
5.932773e+00 1.379183e-24
5.946454e+00 1.371332e-24
5.960167e+00 1.363563e-24
5.973911e+00 1.355874e-24
5.987687e+00 1.348266e-24
6.001495e+00 1.340735e-24
6.015334e+00 1.333247e-24
6.029206e+00 1.325841e-24
6.043109e+00 1.318515e-24
6.057044e+00 1.311269e-24
6.071012e+00 1.304102e-24
6.085012e+00 1.297015e-24
6.099044e+00 1.290006e-24
6.113108e+00 1.283076e-24
6.127205e+00 1.276225e-24
6.141335e+00 1.269450e-24
6.155496e+00 1.262754e-24
6.169691e+00 1.256134e-24
6.183918e+00 1.249590e-24
6.198179e+00 1.243123e-24
6.212472e+00 1.236731e-24
6.226798e+00 1.230415e-24
6.241157e+00 1.224173e-24
6.255549e+00 1.218006e-24
6.269974e+00 1.211913e-24
6.284433e+00 1.205893e-24
6.298925e+00 1.199946e-24
6.313450e+00 1.194071e-24
6.328009e+00 1.188269e-24
6.342601e+00 1.182538e-24
6.357228e+00 1.176878e-24
6.371887e+00 1.171289e-24
6.386581e+00 1.165770e-24
6.401308e+00 1.160322e-24
6.416070e+00 1.154942e-24
6.430865e+00 1.149632e-24
6.445695e+00 1.144389e-24
6.460559e+00 1.139215e-24
6.475457e+00 1.134109e-24
6.490389e+00 1.129070e-24
6.505356e+00 1.124097e-24
6.520358e+00 1.119179e-24
6.535394e+00 1.114322e-24
6.550464e+00 1.109529e-24
6.565570e+00 1.104802e-24
6.580710e+00 1.100140e-24
6.595885e+00 1.095542e-24
6.611095e+00 1.091007e-24
6.626341e+00 1.086537e-24
6.641621e+00 1.082129e-24
6.656937e+00 1.077784e-24
6.672288e+00 1.073502e-24
6.687674e+00 1.069281e-24
6.703096e+00 1.065096e-24
6.718553e+00 1.060957e-24
6.734046e+00 1.056878e-24
6.749575e+00 1.052861e-24
6.765140e+00 1.048903e-24
6.780740e+00 1.045006e-24
6.796376e+00 1.041167e-24
6.812049e+00 1.037389e-24
6.827758e+00 1.033668e-24
6.843502e+00 1.030007e-24
6.859284e+00 1.026403e-24
6.875101e+00 1.022856e-24
6.890955e+00 1.019367e-24
6.906846e+00 1.015935e-24
6.922773e+00 1.012559e-24
6.938737e+00 1.009240e-24
6.954738e+00 1.005975e-24
6.970775e+00 1.002766e-24
6.986850e+00 9.996123e-25
7.002962e+00 9.965097e-25
7.019111e+00 9.934480e-25
7.035297e+00 9.904405e-25
7.051520e+00 9.874865e-25
7.067781e+00 9.845857e-25
7.084080e+00 9.817377e-25
7.100415e+00 9.789419e-25
7.116789e+00 9.761979e-25
7.133200e+00 9.735053e-25
7.149650e+00 9.708636e-25
7.166137e+00 9.682723e-25
7.182662e+00 9.657310e-25
7.199225e+00 9.632392e-25
7.215827e+00 9.607963e-25
7.232466e+00 9.584019e-25
7.249145e+00 9.560556e-25
7.265861e+00 9.537567e-25
7.282616e+00 9.515049e-25
7.299410e+00 9.492995e-25
7.316243e+00 9.471402e-25
7.333114e+00 9.450263e-25
7.350024e+00 9.429573e-25
7.366973e+00 9.409329e-25
7.383962e+00 9.389523e-25
7.400989e+00 9.370151e-25
7.418056e+00 9.351208e-25
7.435162e+00 9.332687e-25
7.452307e+00 9.314585e-25
7.469493e+00 9.296896e-25
7.486717e+00 9.279613e-25
7.503982e+00 9.262732e-25
7.521286e+00 9.246248e-25
7.538630e+00 9.230154e-25
7.556014e+00 9.214446e-25
7.573438e+00 9.199117e-25
7.590903e+00 9.184164e-25
7.608407e+00 9.169579e-25
7.625953e+00 9.155359e-25
7.643538e+00 9.141496e-25
7.661164e+00 9.127986e-25
7.678831e+00 9.114824e-25
7.696538e+00 9.102004e-25
7.714287e+00 9.089520e-25
7.732076e+00 9.077367e-25
7.749906e+00 9.065541e-25
7.767777e+00 9.054035e-25
7.785690e+00 9.042844e-25
7.803644e+00 9.031963e-25
7.821639e+00 9.021387e-25
7.839676e+00 9.011111e-25
7.857754e+00 9.001128e-25
7.875874e+00 8.991436e-25
7.894036e+00 8.982027e-25
7.912240e+00 8.972897e-25
7.930485e+00 8.964041e-25
7.948773e+00 8.955455e-25
7.967103e+00 8.947132e-25
7.985475e+00 8.939069e-25
8.003890e+00 8.931519e-25
8.022347e+00 8.925165e-25
8.040846e+00 8.919028e-25
8.059389e+00 8.913104e-25
8.077974e+00 8.907389e-25
8.096602e+00 8.901880e-25
8.115272e+00 8.896572e-25
8.133986e+00 8.891461e-25
8.152743e+00 8.886543e-25
8.171544e+00 8.881815e-25
8.190387e+00 8.877274e-25
8.209274e+00 8.872915e-25
8.228205e+00 8.868736e-25
8.247179e+00 8.864732e-25
8.266197e+00 8.860901e-25
8.285259e+00 8.857240e-25
8.304365e+00 8.853746e-25
8.323515e+00 8.850415e-25
8.342709e+00 8.847246e-25
8.361947e+00 8.844234e-25
8.381230e+00 8.841379e-25
8.400557e+00 8.838677e-25
8.419929e+00 8.836127e-25
8.439346e+00 8.833726e-25
8.458807e+00 8.831472e-25
8.478313e+00 8.829365e-25
8.497864e+00 8.827401e-25
8.517460e+00 8.825581e-25
8.537101e+00 8.823902e-25
8.556788e+00 8.822364e-25
8.576520e+00 8.820966e-25
8.596298e+00 8.819708e-25
8.616121e+00 8.818589e-25
8.635989e+00 8.817609e-25
8.655904e+00 8.816769e-25
8.675865e+00 8.816068e-25
8.695871e+00 8.815509e-25
8.715924e+00 8.815091e-25
8.736023e+00 8.814816e-25
8.756168e+00 8.814685e-25
8.776360e+00 8.814701e-25
8.796599e+00 8.814865e-25
8.816884e+00 8.815181e-25
8.837215e+00 8.815650e-25
8.857594e+00 8.816277e-25
8.878020e+00 8.817063e-25
8.898493e+00 8.818014e-25
8.919012e+00 8.819132e-25
8.939580e+00 8.820423e-25
8.960195e+00 8.821889e-25
8.980857e+00 8.823536e-25
9.001567e+00 8.825276e-25
9.022324e+00 8.826086e-25
9.043130e+00 8.827124e-25
9.063984e+00 8.828392e-25
9.084885e+00 8.829895e-25
9.105835e+00 8.831635e-25
9.126833e+00 8.833614e-25
9.147880e+00 8.835834e-25
9.168975e+00 8.838294e-25
9.190118e+00 8.840993e-25
9.211311e+00 8.843931e-25
9.232552e+00 8.847101e-25
9.253843e+00 8.850497e-25
9.275182e+00 8.854111e-25
9.296571e+00 8.857930e-25
9.318009e+00 8.861940e-25
9.339496e+00 8.866121e-25
9.361033e+00 8.870451e-25
9.382620e+00 8.874902e-25
9.404256e+00 8.879445e-25
9.425942e+00 8.884042e-25
9.447679e+00 8.888654e-25
9.469465e+00 8.893235e-25
9.491302e+00 8.897738e-25
9.513189e+00 8.902109e-25
9.535126e+00 8.906294e-25
9.557114e+00 8.910236e-25
9.579153e+00 8.913876e-25
9.601243e+00 8.917156e-25
9.623383e+00 8.920019e-25
9.645575e+00 8.922414e-25
9.667817e+00 8.924289e-25
9.690112e+00 8.925602e-25
9.712457e+00 8.926315e-25
9.734854e+00 8.926399e-25
9.757303e+00 8.925832e-25
9.779803e+00 8.924602e-25
9.802355e+00 8.922706e-25
9.824960e+00 8.920147e-25
9.847616e+00 8.916940e-25
9.870325e+00 8.913165e-25
9.893086e+00 8.908902e-25
9.915899e+00 8.904066e-25
9.938766e+00 8.898691e-25
9.961684e+00 8.892818e-25
9.984656e+00 8.886487e-25
1.000768e+01 8.879797e-25
1.003076e+01 8.872844e-25
1.005389e+01 8.865551e-25
1.007707e+01 8.857957e-25
1.010031e+01 8.850100e-25
1.012360e+01 8.842016e-25
1.014695e+01 8.833790e-25
1.017035e+01 8.825505e-25
1.019380e+01 8.817080e-25
1.021731e+01 8.808538e-25
1.024087e+01 8.799901e-25
1.026448e+01 8.791187e-25
1.028815e+01 8.782413e-25
1.031188e+01 8.773592e-25
1.033566e+01 8.764736e-25
1.035949e+01 8.755853e-25
1.038338e+01 8.746952e-25
1.040732e+01 8.738039e-25
1.043132e+01 8.729118e-25
1.045538e+01 8.720193e-25
1.047949e+01 8.711265e-25
1.050365e+01 8.702337e-25
1.052788e+01 8.693409e-25
1.055215e+01 8.684480e-25
1.057649e+01 8.675549e-25
1.060088e+01 8.666616e-25
1.062532e+01 8.657679e-25
1.064982e+01 8.648735e-25
1.067438e+01 8.639783e-25
1.069900e+01 8.630819e-25
1.072367e+01 8.621841e-25
1.074840e+01 8.612846e-25
1.077318e+01 8.603832e-25
1.079803e+01 8.594795e-25
1.082293e+01 8.585733e-25
1.084789e+01 8.576641e-25
1.087290e+01 8.567519e-25
1.089797e+01 8.558362e-25
1.092311e+01 8.549167e-25
1.094829e+01 8.539932e-25
1.097354e+01 8.530655e-25
1.099885e+01 8.521331e-25
1.102421e+01 8.511960e-25
1.104963e+01 8.502538e-25
1.107511e+01 8.493062e-25
1.110065e+01 8.483531e-25
1.112625e+01 8.473942e-25
1.115191e+01 8.464293e-25
1.117762e+01 8.454582e-25
1.120340e+01 8.444807e-25
1.122923e+01 8.434966e-25
1.125513e+01 8.425057e-25
1.128108e+01 8.415078e-25
1.130710e+01 8.405028e-25
1.133317e+01 8.394905e-25
1.135931e+01 8.384707e-25
1.138550e+01 8.374434e-25
1.141176e+01 8.364084e-25
1.143807e+01 8.353655e-25
1.146445e+01 8.343146e-25
1.149088e+01 8.332556e-25
1.151738e+01 8.321885e-25
1.154394e+01 8.311131e-25
1.157056e+01 8.300292e-25
1.159724e+01 8.289369e-25
1.162399e+01 8.278361e-25
1.165079e+01 8.267266e-25
1.167766e+01 8.256084e-25
1.170459e+01 8.244814e-25
1.173158e+01 8.233455e-25
1.175863e+01 8.222008e-25
1.178575e+01 8.210472e-25
1.181293e+01 8.198845e-25
1.184017e+01 8.187129e-25
1.186747e+01 8.175321e-25
1.189484e+01 8.163423e-25
1.192227e+01 8.151433e-25
1.194976e+01 8.139352e-25
1.197731e+01 8.127180e-25
1.200493e+01 8.114915e-25
1.203262e+01 8.102559e-25
1.206037e+01 8.090110e-25
1.208818e+01 8.077570e-25
1.211605e+01 8.064937e-25
1.214399e+01 8.052212e-25
1.217200e+01 8.039396e-25
1.220006e+01 8.026487e-25
1.222820e+01 8.013487e-25
1.225640e+01 8.000395e-25
1.228466e+01 7.987212e-25
1.231299e+01 7.973937e-25
1.234138e+01 7.960572e-25
1.236984e+01 7.947116e-25
1.239837e+01 7.933569e-25
1.242696e+01 7.919933e-25
1.245561e+01 7.906207e-25
1.248434e+01 7.892391e-25
1.251313e+01 7.878487e-25
1.254198e+01 7.864495e-25
1.257090e+01 7.850414e-25
1.259989e+01 7.836246e-25
1.262895e+01 7.821991e-25
1.265807e+01 7.807650e-25
1.268726e+01 7.793223e-25
1.271652e+01 7.778711e-25
1.274584e+01 7.764114e-25
1.277523e+01 7.749434e-25
1.280469e+01 7.734670e-25
1.283422e+01 7.719823e-25
1.286382e+01 7.704895e-25
1.289348e+01 7.689885e-25
1.292321e+01 7.674796e-25
1.295301e+01 7.659626e-25
1.298288e+01 7.644378e-25
1.301282e+01 7.629051e-25
1.304283e+01 7.613648e-25
1.307291e+01 7.598168e-25
1.310305e+01 7.582613e-25
1.313327e+01 7.566983e-25
1.316355e+01 7.551280e-25
1.319391e+01 7.535504e-25
1.322433e+01 7.519657e-25
1.325483e+01 7.503739e-25
1.328539e+01 7.487751e-25
1.331603e+01 7.471694e-25
1.334674e+01 7.455571e-25
1.337752e+01 7.439380e-25
1.340836e+01 7.423124e-25
1.343928e+01 7.406804e-25
1.347027e+01 7.390421e-25
1.350134e+01 7.373976e-25
1.353247e+01 7.357470e-25
1.356368e+01 7.340904e-25
1.359496e+01 7.324280e-25
1.362631e+01 7.307599e-25
1.365773e+01 7.290862e-25
1.368922e+01 7.274071e-25
1.372079e+01 7.257226e-25
1.375243e+01 7.240330e-25
1.378414e+01 7.223383e-25
1.381593e+01 7.206386e-25
1.384779e+01 7.189342e-25
1.387972e+01 7.172252e-25
1.391173e+01 7.155116e-25
1.394381e+01 7.137938e-25
1.397596e+01 7.120717e-25
1.400819e+01 7.103456e-25
1.404050e+01 7.086156e-25
1.407287e+01 7.068818e-25
1.410533e+01 7.051445e-25
1.413785e+01 7.034038e-25
1.417045e+01 7.016598e-25
1.420313e+01 6.999128e-25
1.423588e+01 6.981628e-25
1.426871e+01 6.964101e-25
1.430162e+01 6.946548e-25
1.433460e+01 6.928971e-25
1.436765e+01 6.911372e-25
1.440078e+01 6.893753e-25
1.443399e+01 6.876115e-25
1.446728e+01 6.858461e-25
1.450064e+01 6.840792e-25
1.453408e+01 6.823110e-25
1.456759e+01 6.805417e-25
1.460119e+01 6.787716e-25
1.463486e+01 6.770007e-25
1.466860e+01 6.752294e-25
1.470243e+01 6.734578e-25
1.473633e+01 6.716862e-25
1.477032e+01 6.699147e-25
1.480438e+01 6.681435e-25
1.483852e+01 6.663730e-25
1.487273e+01 6.646032e-25
1.490703e+01 6.628345e-25
1.494141e+01 6.610670e-25
1.497586e+01 6.593011e-25
1.501040e+01 6.575368e-25
1.504501e+01 6.557745e-25
1.507970e+01 6.540145e-25
1.511448e+01 6.522568e-25
1.514933e+01 6.505019e-25
1.518427e+01 6.487499e-25
1.521928e+01 6.470012e-25
1.525438e+01 6.452558e-25
1.528955e+01 6.435142e-25
1.532481e+01 6.417766e-25
1.536015e+01 6.400433e-25
1.539557e+01 6.383144e-25
1.543107e+01 6.365904e-25
1.546666e+01 6.348714e-25
1.550232e+01 6.331578e-25
1.553807e+01 6.314498e-25
1.557390e+01 6.297478e-25
1.560982e+01 6.280519e-25
1.564581e+01 6.263626e-25
1.568189e+01 6.246801e-25
1.571805e+01 6.230047e-25
1.575430e+01 6.213367e-25
1.579063e+01 6.196764e-25
1.582704e+01 6.180242e-25
1.586354e+01 6.163803e-25
1.590012e+01 6.147451e-25
1.593679e+01 6.131188e-25
1.597354e+01 6.115018e-25
1.601037e+01 6.098945e-25
1.604729e+01 6.082971e-25
1.608430e+01 6.067100e-25
1.612139e+01 6.051335e-25
1.615857e+01 6.035679e-25
1.619583e+01 6.020137e-25
1.623317e+01 6.004710e-25
1.627061e+01 5.989403e-25
1.630813e+01 5.974219e-25
1.634574e+01 5.959162e-25
1.638343e+01 5.944234e-25
1.642121e+01 5.929440e-25
1.645908e+01 5.914782e-25
1.649703e+01 5.900265e-25
1.653507e+01 5.885892e-25
1.657320e+01 5.871666e-25
1.661142e+01 5.857591e-25
1.664973e+01 5.843670e-25
1.668812e+01 5.829907e-25
1.672661e+01 5.816305e-25
1.676518e+01 5.802868e-25
1.680384e+01 5.789599e-25
1.684259e+01 5.776502e-25
1.688143e+01 5.763580e-25
1.692035e+01 5.750837e-25
1.695937e+01 5.738275e-25
1.699848e+01 5.725900e-25
1.703768e+01 5.713713e-25
1.707697e+01 5.701718e-25
1.711635e+01 5.689918e-25
1.715582e+01 5.678317e-25
1.719538e+01 5.666918e-25
1.723503e+01 5.655725e-25
1.727478e+01 5.644739e-25
1.731461e+01 5.633965e-25
1.735454e+01 5.623406e-25
1.739456e+01 5.613063e-25
1.743467e+01 5.602942e-25
1.747488e+01 5.593043e-25
1.751517e+01 5.583371e-25
1.755556e+01 5.573927e-25
1.759605e+01 5.564715e-25
1.763662e+01 5.555738e-25
1.767729e+01 5.546997e-25
1.771806e+01 5.538495e-25
1.775892e+01 5.530234e-25
1.779987e+01 5.522218e-25
1.784092e+01 5.514447e-25
1.788206e+01 5.506925e-25
1.792329e+01 5.499653e-25
1.796462e+01 5.492633e-25
1.800605e+01 5.485867e-25
1.804757e+01 5.479356e-25
1.808919e+01 5.473103e-25
1.813090e+01 5.467109e-25
1.817271e+01 5.461374e-25
1.821462e+01 5.455901e-25
1.825662e+01 5.450691e-25
1.829872e+01 5.445744e-25
1.834092e+01 5.441062e-25
1.838322e+01 5.436645e-25
1.842561e+01 5.432494e-25
1.846810e+01 5.428609e-25
1.851068e+01 5.424990e-25
1.855337e+01 5.421639e-25
1.859615e+01 5.418555e-25
1.863904e+01 5.415737e-25
1.868202e+01 5.413187e-25
1.872510e+01 5.410902e-25
1.876828e+01 5.408883e-25
1.881156e+01 5.407129e-25
1.885494e+01 5.405638e-25
1.889842e+01 5.404411e-25
1.894200e+01 5.403444e-25
1.898568e+01 5.402738e-25
1.902946e+01 5.402290e-25
1.907334e+01 5.402099e-25
1.911733e+01 5.402161e-25
1.916141e+01 5.402476e-25
1.920560e+01 5.403040e-25
1.924989e+01 5.403851e-25
1.929428e+01 5.404906e-25
1.933877e+01 5.406202e-25
1.938336e+01 5.407735e-25
1.942806e+01 5.409501e-25
1.947286e+01 5.411498e-25
1.951777e+01 5.413720e-25
1.956278e+01 5.416164e-25
1.960789e+01 5.418825e-25
1.965310e+01 5.421698e-25
1.969842e+01 5.424779e-25
1.974385e+01 5.428061e-25
1.978938e+01 5.431540e-25
1.983501e+01 5.435210e-25
1.988075e+01 5.439065e-25
1.992660e+01 5.443099e-25
1.997255e+01 5.447305e-25
2.001861e+01 5.451678e-25
2.006477e+01 5.456212e-25
2.011104e+01 5.460898e-25
2.015741e+01 5.465730e-25
2.020390e+01 5.470699e-25
2.025049e+01 5.475798e-25
2.029719e+01 5.481020e-25
2.034399e+01 5.486356e-25
2.039090e+01 5.491799e-25
2.043793e+01 5.497341e-25
2.048506e+01 5.502973e-25
2.053229e+01 5.508687e-25
2.057964e+01 5.514474e-25
2.062710e+01 5.520327e-25
2.067466e+01 5.526235e-25
2.072234e+01 5.532191e-25
2.077013e+01 5.538186e-25
2.081802e+01 5.544211e-25
2.086603e+01 5.550258e-25
2.091415e+01 5.556316e-25
2.096237e+01 5.562379e-25
2.101071e+01 5.568436e-25
2.105916e+01 5.574479e-25
2.110773e+01 5.580500e-25
2.115640e+01 5.586489e-25
2.120519e+01 5.592439e-25
2.125409e+01 5.598341e-25
2.130310e+01 5.604187e-25
2.135223e+01 5.609967e-25
2.140146e+01 5.615675e-25
2.145082e+01 5.621303e-25
2.150028e+01 5.626842e-25
2.154986e+01 5.632285e-25
2.159956e+01 5.637624e-25
2.164936e+01 5.642853e-25
2.169929e+01 5.647965e-25
2.174933e+01 5.652952e-25
2.179948e+01 5.657808e-25
2.184975e+01 5.662527e-25
2.190014e+01 5.667102e-25
2.195064e+01 5.671528e-25
2.200126e+01 5.675799e-25
2.205199e+01 5.679910e-25
2.210284e+01 5.683855e-25
2.215381e+01 5.687630e-25
2.220490e+01 5.691230e-25
2.225610e+01 5.694651e-25
2.230743e+01 5.697888e-25
2.235887e+01 5.700939e-25
2.241043e+01 5.703798e-25
2.246211e+01 5.706464e-25
2.251390e+01 5.708933e-25
2.256582e+01 5.711202e-25
2.261786e+01 5.713270e-25
2.267002e+01 5.715132e-25
2.272229e+01 5.716789e-25
2.277469e+01 5.718238e-25
2.282721e+01 5.719477e-25
2.287985e+01 5.720505e-25
2.293261e+01 5.721322e-25
2.298549e+01 5.721927e-25
2.303850e+01 5.722319e-25
2.309162e+01 5.722498e-25
2.314487e+01 5.722464e-25
2.319825e+01 5.722216e-25
2.325174e+01 5.721757e-25
2.330536e+01 5.721085e-25
2.335910e+01 5.720202e-25
2.341297e+01 5.719109e-25
2.346696e+01 5.717807e-25
2.352107e+01 5.716296e-25
2.357531e+01 5.714580e-25
2.362968e+01 5.712658e-25
2.368417e+01 5.710534e-25
2.373878e+01 5.708208e-25
2.379353e+01 5.705683e-25
2.384839e+01 5.702961e-25
2.390339e+01 5.700045e-25
2.395851e+01 5.696937e-25
2.401376e+01 5.693638e-25
2.406914e+01 5.690153e-25
2.412464e+01 5.686483e-25
2.418027e+01 5.682631e-25
2.423603e+01 5.678601e-25
2.429192e+01 5.674394e-25
2.434794e+01 5.670015e-25
2.440408e+01 5.665466e-25
2.446036e+01 5.660750e-25
2.451676e+01 5.655871e-25
2.457330e+01 5.650831e-25
2.462997e+01 5.645634e-25
2.468676e+01 5.640283e-25
2.474369e+01 5.634781e-25
2.480075e+01 5.629132e-25
2.485794e+01 5.623340e-25
2.491526e+01 5.617406e-25
2.497272e+01 5.611335e-25
2.503031e+01 5.605130e-25
2.508803e+01 5.598795e-25
2.514588e+01 5.592332e-25
2.520387e+01 5.585746e-25
2.526199e+01 5.579039e-25
2.532024e+01 5.572215e-25
2.537863e+01 5.565276e-25
2.543715e+01 5.558227e-25
2.549581e+01 5.551071e-25
2.555460e+01 5.543810e-25
2.561353e+01 5.536449e-25
2.567260e+01 5.528989e-25
2.573180e+01 5.521435e-25
2.579114e+01 5.513790e-25
2.585061e+01 5.506056e-25
2.591022e+01 5.498237e-25
2.596997e+01 5.490335e-25
2.602986e+01 5.482354e-25
2.608988e+01 5.474296e-25
2.615005e+01 5.466165e-25
2.621035e+01 5.457963e-25
2.627079e+01 5.449693e-25
2.633137e+01 5.441358e-25
2.639209e+01 5.432960e-25
2.645295e+01 5.424502e-25
2.651395e+01 5.415988e-25
2.657509e+01 5.407418e-25
2.663638e+01 5.398797e-25
2.669780e+01 5.390126e-25
2.675937e+01 5.381407e-25
2.682107e+01 5.372644e-25
2.688292e+01 5.363839e-25
2.694492e+01 5.354993e-25
2.700705e+01 5.346109e-25
2.706933e+01 5.337190e-25
2.713175e+01 5.328237e-25
2.719432e+01 5.319252e-25
2.725703e+01 5.310239e-25
2.731988e+01 5.301197e-25
2.738288e+01 5.292131e-25
2.744603e+01 5.283041e-25
2.750932e+01 5.273929e-25
2.757275e+01 5.264798e-25
2.763634e+01 5.255648e-25
2.770007e+01 5.246482e-25
2.776394e+01 5.237302e-25
2.782797e+01 5.228109e-25
2.789214e+01 5.218904e-25
2.795646e+01 5.209690e-25
2.802093e+01 5.200468e-25
2.808554e+01 5.191239e-25
2.815031e+01 5.182005e-25
2.821522e+01 5.172767e-25
2.828029e+01 5.163527e-25
2.834550e+01 5.154285e-25
2.841087e+01 5.145044e-25
2.847638e+01 5.135804e-25
2.854205e+01 5.126567e-25
2.860787e+01 5.117334e-25
2.867384e+01 5.108106e-25
2.873996e+01 5.098885e-25
2.880623e+01 5.089670e-25
2.887266e+01 5.080464e-25
2.893924e+01 5.071268e-25
2.900598e+01 5.062081e-25
2.907286e+01 5.052906e-25
2.913991e+01 5.043744e-25
2.920710e+01 5.034594e-25
2.927446e+01 5.025459e-25
2.934196e+01 5.016339e-25
2.940963e+01 5.007234e-25
2.947744e+01 4.998146e-25
2.954542e+01 4.989075e-25
2.961355e+01 4.980022e-25
2.968184e+01 4.970988e-25
2.975029e+01 4.961974e-25
2.981889e+01 4.952979e-25
2.988765e+01 4.944006e-25
2.995658e+01 4.935054e-25
3.002566e+01 4.926124e-25
3.009489e+01 4.917217e-25
3.016429e+01 4.908333e-25
3.023385e+01 4.899473e-25
3.030357e+01 4.890638e-25
3.037345e+01 4.881826e-25
3.044349e+01 4.873040e-25
3.051370e+01 4.864280e-25
3.058406e+01 4.855545e-25
3.065459e+01 4.846837e-25
3.072528e+01 4.838156e-25
3.079613e+01 4.829502e-25
3.086715e+01 4.820875e-25
3.093833e+01 4.812277e-25
3.100967e+01 4.803707e-25
3.108118e+01 4.795165e-25
3.115285e+01 4.786652e-25
3.122469e+01 4.778168e-25
3.129670e+01 4.769714e-25
3.136887e+01 4.761289e-25
3.144120e+01 4.752895e-25
3.151371e+01 4.744530e-25
3.158638e+01 4.736196e-25
3.165922e+01 4.727893e-25
3.173222e+01 4.719620e-25
3.180540e+01 4.711379e-25
3.187874e+01 4.703168e-25
3.195225e+01 4.694989e-25
3.202594e+01 4.686841e-25
3.209979e+01 4.678725e-25
3.217381e+01 4.670641e-25
3.224800e+01 4.662589e-25
3.232237e+01 4.654568e-25
3.239690e+01 4.646580e-25
3.247161e+01 4.638624e-25
3.254649e+01 4.630700e-25
3.262154e+01 4.622808e-25
3.269677e+01 4.614949e-25
3.277217e+01 4.607123e-25
3.284774e+01 4.599329e-25
3.292349e+01 4.591567e-25
3.299941e+01 4.583838e-25
3.307551e+01 4.576142e-25
3.315178e+01 4.568478e-25
3.322823e+01 4.560847e-25
3.330485e+01 4.553249e-25
3.338165e+01 4.545683e-25
3.345863e+01 4.538150e-25
3.353579e+01 4.530650e-25
3.361312e+01 4.523183e-25
3.369063e+01 4.515748e-25
3.376832e+01 4.508345e-25
3.384619e+01 4.500976e-25
3.392424e+01 4.493638e-25
3.400247e+01 4.486334e-25
3.408088e+01 4.479062e-25
3.415947e+01 4.471822e-25
3.423825e+01 4.464615e-25
3.431720e+01 4.457439e-25
3.439634e+01 4.450297e-25
3.447565e+01 4.443186e-25
3.455515e+01 4.436107e-25
3.463484e+01 4.429061e-25
3.471471e+01 4.422046e-25
3.479476e+01 4.415064e-25
3.487500e+01 4.408113e-25
3.495542e+01 4.401194e-25
3.503603e+01 4.394306e-25
3.511682e+01 4.387450e-25
3.519780e+01 4.380626e-25
3.527897e+01 4.373833e-25
3.536032e+01 4.367071e-25
3.544186e+01 4.360340e-25
3.552359e+01 4.353640e-25
3.560551e+01 4.346972e-25
3.568761e+01 4.340334e-25
3.576991e+01 4.333726e-25
3.585240e+01 4.327150e-25
3.593507e+01 4.320603e-25
3.601794e+01 4.314087e-25
3.610100e+01 4.307602e-25
3.618424e+01 4.301146e-25
3.626769e+01 4.294721e-25
3.635132e+01 4.288325e-25
3.643515e+01 4.281959e-25
3.651917e+01 4.275623e-25
3.660338e+01 4.269316e-25
3.668779e+01 4.263038e-25
3.677239e+01 4.256790e-25
3.685719e+01 4.250571e-25
3.694218e+01 4.244381e-25
3.702737e+01 4.238220e-25
3.711275e+01 4.232087e-25
3.719834e+01 4.225983e-25
3.728412e+01 4.219907e-25
3.737009e+01 4.213860e-25
3.745627e+01 4.207840e-25
3.754264e+01 4.201849e-25
3.762922e+01 4.195886e-25
3.771599e+01 4.189950e-25
3.780296e+01 4.184042e-25
3.789014e+01 4.178161e-25
3.797751e+01 4.172308e-25
3.806509e+01 4.166482e-25
3.815287e+01 4.160682e-25
3.824085e+01 4.154910e-25
3.832903e+01 4.149164e-25
3.841742e+01 4.143445e-25
3.850601e+01 4.137753e-25
3.859480e+01 4.132087e-25
3.868380e+01 4.126447e-25
3.877301e+01 4.120833e-25
3.886242e+01 4.115244e-25
3.895204e+01 4.109682e-25
3.904186e+01 4.104145e-25
3.913189e+01 4.098634e-25
3.922213e+01 4.093148e-25
3.931258e+01 4.087688e-25
3.940323e+01 4.082253e-25
3.949410e+01 4.076843e-25
3.958517e+01 4.071459e-25
3.967645e+01 4.066101e-25
3.976795e+01 4.060772e-25
3.985965e+01 4.055479e-25
3.995157e+01 4.050267e-25
4.004370e+01 4.046150e-25
4.013604e+01 4.040253e-25
4.022859e+01 4.034525e-25
4.032136e+01 4.029284e-25
4.041434e+01 4.024106e-25
4.050754e+01 4.018960e-25
4.060095e+01 4.013841e-25
4.069457e+01 4.008746e-25
4.078842e+01 4.003675e-25
4.088247e+01 3.998628e-25
4.097675e+01 3.993603e-25
4.107124e+01 3.988602e-25
4.116595e+01 3.983624e-25
4.126088e+01 3.978668e-25
4.135603e+01 3.973734e-25
4.145140e+01 3.968823e-25
4.154698e+01 3.963934e-25
4.164279e+01 3.959067e-25
4.173882e+01 3.954222e-25
4.183507e+01 3.949399e-25
4.193154e+01 3.944597e-25
4.202824e+01 3.939818e-25
4.212516e+01 3.935059e-25
4.222230e+01 3.930322e-25
4.231966e+01 3.925606e-25
4.241725e+01 3.920912e-25
4.251507e+01 3.916238e-25
4.261311e+01 3.911586e-25
4.271137e+01 3.906954e-25
4.280986e+01 3.902343e-25
4.290858e+01 3.897752e-25
4.300753e+01 3.893183e-25
4.310671e+01 3.888633e-25
4.320611e+01 3.884104e-25
4.330575e+01 3.879595e-25
4.340561e+01 3.875107e-25
4.350570e+01 3.870638e-25
4.360603e+01 3.866190e-25
4.370658e+01 3.861761e-25
4.380737e+01 3.857352e-25
4.390839e+01 3.852963e-25
4.400964e+01 3.848594e-25
4.411113e+01 3.844244e-25
4.421285e+01 3.839914e-25
4.431481e+01 3.835603e-25
4.441700e+01 3.831311e-25
4.451942e+01 3.827039e-25
4.462208e+01 3.822786e-25
4.472498e+01 3.818553e-25
4.482812e+01 3.814338e-25
4.493149e+01 3.810142e-25
4.503511e+01 3.805966e-25
4.513896e+01 3.801809e-25
4.524305e+01 3.797670e-25
4.534738e+01 3.793551e-25
4.545195e+01 3.789450e-25
4.555676e+01 3.785368e-25
4.566182e+01 3.781305e-25
4.576711e+01 3.777260e-25
4.587265e+01 3.773235e-25
4.597843e+01 3.769228e-25
4.608446e+01 3.765240e-25
4.619073e+01 3.761270e-25
4.629725e+01 3.757320e-25
4.640401e+01 3.753388e-25
4.651102e+01 3.749474e-25
4.661827e+01 3.745580e-25
4.672578e+01 3.741704e-25
4.683353e+01 3.737846e-25
4.694152e+01 3.734008e-25
4.704977e+01 3.730188e-25
4.715827e+01 3.726387e-25
4.726702e+01 3.722605e-25
4.737601e+01 3.718842e-25
4.748526e+01 3.715098e-25
4.759476e+01 3.711373e-25
4.770452e+01 3.707666e-25
4.781453e+01 3.703979e-25
4.792479e+01 3.700312e-25
4.803530e+01 3.696663e-25
4.814607e+01 3.693034e-25
4.825710e+01 3.689424e-25
4.836838e+01 3.685834e-25
4.847992e+01 3.682264e-25
4.859171e+01 3.678713e-25
4.870376e+01 3.675183e-25
4.881607e+01 3.671672e-25
4.892864e+01 3.668182e-25
4.904147e+01 3.664712e-25
4.915456e+01 3.661263e-25
4.926792e+01 3.657835e-25
4.938153e+01 3.654427e-25
4.949540e+01 3.651041e-25
4.960954e+01 3.647676e-25
4.972394e+01 3.644333e-25
4.983860e+01 3.641011e-25
4.995353e+01 3.637712e-25
5.006872e+01 3.634258e-25
5.018418e+01 3.630700e-25
5.029991e+01 3.627155e-25
5.041590e+01 3.623624e-25
5.053216e+01 3.620106e-25
5.064869e+01 3.616600e-25
5.076548e+01 3.613108e-25
5.088255e+01 3.609629e-25
5.099988e+01 3.606163e-25
5.111749e+01 3.602710e-25
5.123537e+01 3.599269e-25
5.135352e+01 3.595841e-25
5.147194e+01 3.592426e-25
5.159063e+01 3.589023e-25
5.170960e+01 3.585633e-25
5.182884e+01 3.582255e-25
5.194836e+01 3.578889e-25
5.206816e+01 3.575536e-25
5.218822e+01 3.572195e-25
5.230857e+01 3.568865e-25
5.242920e+01 3.565548e-25
5.255010e+01 3.562243e-25
5.267128e+01 3.558950e-25
5.279274e+01 3.555668e-25
5.291448e+01 3.552398e-25
5.303650e+01 3.549140e-25
5.315880e+01 3.545893e-25
5.328139e+01 3.542658e-25
5.340425e+01 3.539434e-25
5.352741e+01 3.536222e-25
5.365084e+01 3.533021e-25
5.377456e+01 3.529831e-25
5.389856e+01 3.526652e-25
5.402285e+01 3.523485e-25
5.414743e+01 3.520328e-25
5.427230e+01 3.517183e-25
5.439745e+01 3.514048e-25
5.452289e+01 3.510924e-25
5.464862e+01 3.507811e-25
5.477464e+01 3.504709e-25
5.490095e+01 3.501617e-25
5.502755e+01 3.498536e-25
5.515445e+01 3.495465e-25
5.528163e+01 3.492405e-25
5.540911e+01 3.489355e-25
5.553689e+01 3.486315e-25
5.566495e+01 3.483286e-25
5.579332e+01 3.480267e-25
5.592198e+01 3.477258e-25
5.605093e+01 3.474259e-25
5.618019e+01 3.471271e-25
5.630974e+01 3.468292e-25
5.643959e+01 3.465322e-25
5.656974e+01 3.462364e-25
5.670019e+01 3.459415e-25
5.683094e+01 3.456475e-25
5.696200e+01 3.453545e-25
5.709335e+01 3.450625e-25
5.722501e+01 3.447715e-25
5.735697e+01 3.444815e-25
5.748923e+01 3.441926e-25
5.762181e+01 3.439066e-25
5.775468e+01 3.436670e-25
5.788786e+01 3.433315e-25
5.802135e+01 3.430450e-25
5.815515e+01 3.427603e-25
5.828926e+01 3.424765e-25
5.842367e+01 3.421938e-25
5.855840e+01 3.419119e-25
5.869344e+01 3.416310e-25
5.882878e+01 3.413509e-25
5.896444e+01 3.410717e-25
5.910041e+01 3.407935e-25
5.923670e+01 3.405161e-25
5.937330e+01 3.402395e-25
5.951022e+01 3.399638e-25
5.964745e+01 3.396890e-25
5.978500e+01 3.394151e-25
5.992286e+01 3.391420e-25
6.006104e+01 3.388697e-25
6.019954e+01 3.385983e-25
6.033836e+01 3.383277e-25
6.047750e+01 3.380579e-25
6.061697e+01 3.377890e-25
6.075675e+01 3.375209e-25
6.089686e+01 3.372536e-25
6.103728e+01 3.369871e-25
6.117804e+01 3.367215e-25
6.131911e+01 3.364566e-25
6.146052e+01 3.361925e-25
6.160224e+01 3.359292e-25
6.174430e+01 3.356668e-25
6.188668e+01 3.354051e-25
6.202939e+01 3.351441e-25
6.217243e+01 3.348840e-25
6.231580e+01 3.346246e-25
6.245950e+01 3.343660e-25
6.260354e+01 3.341082e-25
6.274790e+01 3.338511e-25
6.289260e+01 3.335948e-25
6.303763e+01 3.333392e-25
6.318299e+01 3.330844e-25
6.332869e+01 3.328303e-25
6.347473e+01 3.325770e-25
6.362110e+01 3.323244e-25
6.376781e+01 3.320725e-25
6.391486e+01 3.318214e-25
6.406225e+01 3.315710e-25
6.420998e+01 3.313213e-25
6.435805e+01 3.310723e-25
6.450646e+01 3.308240e-25
6.465521e+01 3.305764e-25
6.480431e+01 3.303296e-25
6.495375e+01 3.300834e-25
6.510353e+01 3.298380e-25
6.525366e+01 3.295932e-25
6.540413e+01 3.293491e-25
6.555496e+01 3.291058e-25
6.570613e+01 3.288631e-25
6.585765e+01 3.286210e-25
6.600951e+01 3.283797e-25
6.616173e+01 3.281390e-25
6.631430e+01 3.278990e-25
6.646722e+01 3.276597e-25
6.662050e+01 3.274210e-25
6.677412e+01 3.271830e-25
6.692811e+01 3.269457e-25
6.708244e+01 3.267090e-25
6.723714e+01 3.264729e-25
6.739218e+01 3.262375e-25
6.754759e+01 3.260028e-25
6.770336e+01 3.257687e-25
6.785948e+01 3.255352e-25
6.801597e+01 3.253024e-25
6.817281e+01 3.250701e-25
6.833002e+01 3.248386e-25
6.848759e+01 3.246076e-25
6.864552e+01 3.243773e-25
6.880382e+01 3.241476e-25
6.896248e+01 3.239185e-25
6.912151e+01 3.236900e-25
6.928090e+01 3.234621e-25
6.944067e+01 3.232349e-25
6.960080e+01 3.230082e-25
6.976130e+01 3.227822e-25
6.992217e+01 3.225567e-25
7.008341e+01 3.223319e-25
7.024502e+01 3.221076e-25
7.040701e+01 3.218840e-25
7.056936e+01 3.216609e-25
7.073210e+01 3.214384e-25
7.089521e+01 3.212165e-25
7.105869e+01 3.209952e-25
7.122255e+01 3.207744e-25
7.138679e+01 3.205543e-25
7.155141e+01 3.203347e-25
7.171641e+01 3.201157e-25
7.188179e+01 3.198972e-25
7.204755e+01 3.196794e-25
7.221369e+01 3.194621e-25
7.238022e+01 3.192453e-25
7.254713e+01 3.190291e-25
7.271442e+01 3.188135e-25
7.288210e+01 3.185984e-25
7.305017e+01 3.183839e-25
7.321862e+01 3.181699e-25
7.338746e+01 3.179565e-25
7.355669e+01 3.177437e-25
7.372632e+01 3.175313e-25
7.389633e+01 3.173196e-25
7.406674e+01 3.171083e-25
7.423753e+01 3.168976e-25
7.440873e+01 3.166874e-25
7.458031e+01 3.164778e-25
7.475230e+01 3.162687e-25
7.492468e+01 3.160602e-25
7.509745e+01 3.158521e-25
7.527063e+01 3.156446e-25
7.544420e+01 3.154376e-25
7.561818e+01 3.152312e-25
7.579255e+01 3.150252e-25
7.596733e+01 3.148198e-25
7.614251e+01 3.146149e-25
7.631810e+01 3.144105e-25
7.649409e+01 3.142066e-25
7.667048e+01 3.140033e-25
7.684729e+01 3.138004e-25
7.702450e+01 3.135980e-25
7.720212e+01 3.133962e-25
7.738015e+01 3.131949e-25
7.755858e+01 3.129940e-25
7.773744e+01 3.127937e-25
7.791670e+01 3.125939e-25
7.809638e+01 3.123945e-25
7.827647e+01 3.121957e-25
7.845697e+01 3.119974e-25
7.863789e+01 3.117995e-25
7.881923e+01 3.116021e-25
7.900099e+01 3.114053e-25
7.918317e+01 3.112089e-25
7.936577e+01 3.110130e-25
7.954878e+01 3.108176e-25
7.973222e+01 3.106227e-25
7.991609e+01 3.104282e-25
8.010037e+01 3.102342e-25
8.028509e+01 3.100407e-25
8.047022e+01 3.098477e-25
8.065579e+01 3.096552e-25
8.084178e+01 3.094631e-25
8.102820e+01 3.092715e-25
8.121506e+01 3.090804e-25
8.140234e+01 3.088898e-25
8.159005e+01 3.086996e-25
8.177820e+01 3.085099e-25
8.196678e+01 3.083206e-25
8.215580e+01 3.081318e-25
8.234525e+01 3.079435e-25
8.253514e+01 3.077556e-25
8.272546e+01 3.075682e-25
8.291623e+01 3.073813e-25
8.310744e+01 3.071948e-25
8.329908e+01 3.070088e-25
8.349117e+01 3.068232e-25
8.368370e+01 3.066380e-25
8.387668e+01 3.064534e-25
8.407010e+01 3.062691e-25
8.426396e+01 3.060854e-25
8.445828e+01 3.059020e-25
8.465304e+01 3.057191e-25
8.484825e+01 3.055367e-25
8.504391e+01 3.053547e-25
8.524002e+01 3.051731e-25
8.543659e+01 3.049920e-25
8.563360e+01 3.048113e-25
8.583107e+01 3.046311e-25
8.602900e+01 3.044513e-25
8.622738e+01 3.042719e-25
8.642623e+01 3.040930e-25
8.662553e+01 3.039145e-25
8.682528e+01 3.037364e-25
8.702550e+01 3.035588e-25
8.722619e+01 3.033816e-25
8.742733e+01 3.032048e-25
8.762894e+01 3.030285e-25
8.783101e+01 3.028525e-25
8.803355e+01 3.026770e-25
8.823656e+01 3.025020e-25
8.844003e+01 3.023273e-25
8.864397e+01 3.021531e-25
8.884839e+01 3.019793e-25
8.905327e+01 3.018059e-25
8.925863e+01 3.016329e-25
8.946446e+01 3.014603e-25
8.967077e+01 3.012882e-25
8.987755e+01 3.011165e-25
9.008481e+01 3.009452e-25
9.029254e+01 3.007743e-25
9.050076e+01 3.006038e-25
9.070945e+01 3.004337e-25
9.091863e+01 3.002641e-25
9.112829e+01 3.000948e-25
9.133843e+01 2.999260e-25
9.154906e+01 2.997575e-25
9.176017e+01 2.995895e-25
9.197177e+01 2.994219e-25
9.218386e+01 2.992546e-25
9.239644e+01 2.990878e-25
9.260950e+01 2.989214e-25
9.282306e+01 2.987554e-25
9.303711e+01 2.985898e-25
9.325166e+01 2.984245e-25
9.346669e+01 2.982597e-25
9.368223e+01 2.980953e-25
9.389826e+01 2.979313e-25
9.411479e+01 2.977677e-25
9.433182e+01 2.976044e-25
9.454935e+01 2.974416e-25
9.476738e+01 2.972791e-25
9.498592e+01 2.971171e-25
9.520496e+01 2.969554e-25
9.542450e+01 2.967941e-25
9.564455e+01 2.966333e-25
9.586511e+01 2.964728e-25
9.608617e+01 2.963127e-25
9.630775e+01 2.961530e-25
9.652983e+01 2.959936e-25
9.675243e+01 2.958347e-25
9.697554e+01 2.956761e-25
9.719917e+01 2.955180e-25
9.742331e+01 2.953602e-25
9.764797e+01 2.952028e-25
9.787315e+01 2.950457e-25
9.809884e+01 2.948891e-25
9.832506e+01 2.947328e-25
9.855180e+01 2.945770e-25
9.877906e+01 2.944215e-25
9.900685e+01 2.942663e-25
9.923516e+01 2.941116e-25
9.946399e+01 2.939572e-25
9.969336e+01 2.938032e-25
9.992325e+01 2.936496e-25
1.001537e+02 2.934964e-25
1.003846e+02 2.933435e-25
1.006161e+02 2.931910e-25
1.008481e+02 2.930389e-25
1.010807e+02 2.928872e-25
1.013138e+02 2.927358e-25
1.015474e+02 2.925848e-25
1.017816e+02 2.924342e-25
1.020163e+02 2.922839e-25
1.022515e+02 2.921341e-25
1.024873e+02 2.919845e-25
1.027237e+02 2.918354e-25
1.029606e+02 2.916866e-25
1.031980e+02 2.915382e-25
1.034360e+02 2.913902e-25
1.036745e+02 2.912425e-25
1.039136e+02 2.910952e-25
1.041532e+02 2.909483e-25
1.043934e+02 2.908017e-25
1.046341e+02 2.906555e-25
1.048754e+02 2.905096e-25
1.051172e+02 2.903642e-25
1.053596e+02 2.902191e-25
1.056026e+02 2.900743e-25
1.058461e+02 2.899299e-25
1.060902e+02 2.897859e-25
1.063348e+02 2.896422e-25
1.065800e+02 2.894989e-25
1.068258e+02 2.893560e-25
1.070722e+02 2.892134e-25
1.073191e+02 2.890712e-25
1.075665e+02 2.889293e-25
1.078146e+02 2.887878e-25
1.080632e+02 2.886467e-25
1.083124e+02 2.885059e-25
1.085622e+02 2.883655e-25
1.088125e+02 2.882254e-25
1.090634e+02 2.880857e-25
1.093149e+02 2.879463e-25
1.095670e+02 2.878073e-25
1.098197e+02 2.876687e-25
1.100729e+02 2.875304e-25
1.103268e+02 2.873925e-25
1.105812e+02 2.872549e-25
1.108362e+02 2.871177e-25
1.110918e+02 2.869808e-25
1.113480e+02 2.868443e-25
1.116047e+02 2.867082e-25
1.118621e+02 2.865724e-25
1.121200e+02 2.864369e-25
1.123786e+02 2.863018e-25
1.126377e+02 2.861671e-25
1.128975e+02 2.860327e-25
1.131578e+02 2.858987e-25
1.134188e+02 2.857650e-25
1.136803e+02 2.856316e-25
1.139425e+02 2.854986e-25
1.142052e+02 2.853660e-25
1.144686e+02 2.852337e-25
1.147325e+02 2.851018e-25
1.149971e+02 2.849702e-25
1.152623e+02 2.848390e-25
1.155281e+02 2.847081e-25
1.157945e+02 2.845776e-25
1.160615e+02 2.844474e-25
1.163292e+02 2.843175e-25
1.165974e+02 2.841881e-25
1.168663e+02 2.840589e-25
1.171358e+02 2.839301e-25
1.174059e+02 2.838017e-25
1.176766e+02 2.836736e-25
1.179480e+02 2.835458e-25
1.182200e+02 2.834184e-25
1.184926e+02 2.832914e-25
1.187658e+02 2.831647e-25
1.190397e+02 2.830383e-25
1.193142e+02 2.829123e-25
1.195894e+02 2.827866e-25
1.198651e+02 2.826613e-25
1.201416e+02 2.825363e-25
1.204186e+02 2.824117e-25
1.206963e+02 2.822874e-25
1.209746e+02 2.821634e-25
1.212536e+02 2.820398e-25
1.215332e+02 2.819166e-25
1.218134e+02 2.817936e-25
1.220943e+02 2.816711e-25
1.223759e+02 2.815489e-25
1.226581e+02 2.814270e-25
1.229410e+02 2.813054e-25
1.232245e+02 2.811842e-25
1.235086e+02 2.810634e-25
1.237934e+02 2.809429e-25
1.240789e+02 2.808227e-25
1.243650e+02 2.807029e-25
1.246518e+02 2.805834e-25
1.249393e+02 2.804643e-25
1.252274e+02 2.803455e-25
1.255161e+02 2.802271e-25
1.258056e+02 2.801090e-25
1.260957e+02 2.799912e-25
1.263865e+02 2.798738e-25
1.266779e+02 2.797567e-25
1.269700e+02 2.796400e-25
1.272628e+02 2.795236e-25
1.275563e+02 2.794076e-25
1.278504e+02 2.792918e-25
1.281453e+02 2.791765e-25
1.284408e+02 2.790615e-25
1.287370e+02 2.789468e-25
1.290338e+02 2.788324e-25
1.293314e+02 2.787185e-25
1.296296e+02 2.786048e-25
1.299285e+02 2.784915e-25
1.302282e+02 2.783785e-25
1.305285e+02 2.782659e-25
1.308295e+02 2.781536e-25
1.311312e+02 2.780417e-25
1.314335e+02 2.779301e-25
1.317366e+02 2.778188e-25
1.320404e+02 2.777079e-25
1.323449e+02 2.775973e-25
1.326501e+02 2.774871e-25
1.329560e+02 2.773772e-25
1.332626e+02 2.772677e-25
1.335699e+02 2.771585e-25
1.338779e+02 2.770496e-25
1.341866e+02 2.769411e-25
1.344961e+02 2.768329e-25
1.348062e+02 2.767251e-25
1.351171e+02 2.766176e-25
1.354287e+02 2.765105e-25
1.357410e+02 2.764037e-25
1.360540e+02 2.762972e-25
1.363677e+02 2.761911e-25
1.366822e+02 2.760853e-25
1.369974e+02 2.759799e-25
1.373133e+02 2.758748e-25
1.376299e+02 2.757700e-25
1.379473e+02 2.756657e-25
1.382654e+02 2.755616e-25
1.385843e+02 2.754579e-25
1.389038e+02 2.753545e-25
1.392241e+02 2.752515e-25
1.395452e+02 2.751488e-25
1.398670e+02 2.750465e-25
1.401895e+02 2.749445e-25
1.405128e+02 2.748428e-25
1.408368e+02 2.747415e-25
1.411616e+02 2.746406e-25
1.414871e+02 2.745400e-25
1.418134e+02 2.744397e-25
1.421404e+02 2.743398e-25
1.424682e+02 2.742402e-25
1.427967e+02 2.741410e-25
1.431260e+02 2.740421e-25
1.434561e+02 2.739435e-25
1.437869e+02 2.738454e-25
1.441184e+02 2.737475e-25
1.444508e+02 2.736500e-25
1.447839e+02 2.735529e-25
1.451178e+02 2.734560e-25
1.454524e+02 2.733596e-25
1.457878e+02 2.732635e-25
1.461240e+02 2.731677e-25
1.464610e+02 2.730723e-25
1.467987e+02 2.729772e-25
1.471372e+02 2.728825e-25
1.474765e+02 2.727881e-25
1.478166e+02 2.726941e-25
1.481575e+02 2.726004e-25
1.484991e+02 2.725071e-25
1.488416e+02 2.724141e-25
1.491848e+02 2.723215e-25
1.495288e+02 2.722292e-25
1.498736e+02 2.721373e-25
1.502192e+02 2.720457e-25
1.505657e+02 2.719545e-25
1.509129e+02 2.718636e-25
1.512609e+02 2.717731e-25
1.516097e+02 2.716829e-25
1.519593e+02 2.715931e-25
1.523097e+02 2.715036e-25
1.526609e+02 2.714145e-25
1.530130e+02 2.713258e-25
1.533658e+02 2.712373e-25
1.537195e+02 2.711493e-25
1.540740e+02 2.710616e-25
1.544293e+02 2.709742e-25
1.547854e+02 2.708872e-25
1.551423e+02 2.708006e-25
1.555001e+02 2.707143e-25
1.558587e+02 2.706284e-25
1.562181e+02 2.705428e-25
1.565783e+02 2.704576e-25
1.569394e+02 2.703727e-25
1.573013e+02 2.702882e-25
1.576640e+02 2.702040e-25
1.580276e+02 2.701202e-25
1.583920e+02 2.700368e-25
1.587573e+02 2.699537e-25
1.591233e+02 2.698710e-25
1.594903e+02 2.697886e-25
1.598581e+02 2.697066e-25
1.602267e+02 2.696250e-25
1.605962e+02 2.695437e-25
1.609665e+02 2.694628e-25
1.613377e+02 2.693822e-25
1.617098e+02 2.693020e-25
1.620827e+02 2.692222e-25
1.624564e+02 2.691427e-25
1.628311e+02 2.690636e-25
1.632065e+02 2.689848e-25
1.635829e+02 2.689064e-25
1.639601e+02 2.688284e-25
1.643382e+02 2.687507e-25
1.647172e+02 2.686734e-25
1.650970e+02 2.685965e-25
1.654777e+02 2.685199e-25
1.658593e+02 2.684437e-25
1.662418e+02 2.683679e-25
1.666252e+02 2.682924e-25
1.670094e+02 2.682173e-25
1.673945e+02 2.681425e-25
1.677805e+02 2.680682e-25
1.681674e+02 2.679942e-25
1.685552e+02 2.679205e-25
1.689439e+02 2.678473e-25
1.693335e+02 2.677744e-25
1.697240e+02 2.677019e-25
1.701154e+02 2.676297e-25
1.705077e+02 2.675579e-25
1.709009e+02 2.674865e-25
1.712950e+02 2.674155e-25
1.716900e+02 2.673448e-25
1.720859e+02 2.672746e-25
1.724827e+02 2.672046e-25
1.728805e+02 2.671351e-25
1.732791e+02 2.670659e-25
1.736787e+02 2.669971e-25
1.740792e+02 2.669287e-25
1.744806e+02 2.668607e-25
1.748830e+02 2.667930e-25
1.752863e+02 2.667258e-25
1.756905e+02 2.666589e-25
1.760956e+02 2.665923e-25
1.765017e+02 2.665262e-25
1.769087e+02 2.664604e-25
1.773167e+02 2.663951e-25
1.777256e+02 2.663301e-25
1.781354e+02 2.662654e-25
1.785462e+02 2.662012e-25
1.789579e+02 2.661373e-25
1.793706e+02 2.660739e-25
1.797842e+02 2.660108e-25
1.801988e+02 2.659481e-25
1.806143e+02 2.658858e-25
1.810308e+02 2.658239e-25
1.814483e+02 2.657623e-25
1.818667e+02 2.657012e-25
1.822861e+02 2.656404e-25
1.827065e+02 2.655800e-25
1.831278e+02 2.655200e-25
1.835501e+02 2.654604e-25
1.839734e+02 2.654012e-25
1.843976e+02 2.653424e-25
1.848228e+02 2.652840e-25
1.852490e+02 2.652260e-25
1.856762e+02 2.651683e-25
1.861044e+02 2.651111e-25
1.865335e+02 2.650542e-25
1.869637e+02 2.649978e-25
1.873948e+02 2.649417e-25
1.878270e+02 2.648861e-25
1.882601e+02 2.648308e-25
1.886942e+02 2.647760e-25
1.891293e+02 2.647215e-25
1.895655e+02 2.646674e-25
1.900026e+02 2.646138e-25
1.904408e+02 2.645605e-25
1.908799e+02 2.645076e-25
1.913201e+02 2.644552e-25
1.917613e+02 2.644031e-25
1.922035e+02 2.643515e-25
1.926467e+02 2.643002e-25
1.930910e+02 2.642494e-25
1.935362e+02 2.641990e-25
1.939825e+02 2.641489e-25
1.944298e+02 2.640993e-25
1.948782e+02 2.640501e-25
1.953276e+02 2.640013e-25
1.957780e+02 2.639529e-25
1.962295e+02 2.639050e-25
1.966820e+02 2.638574e-25
1.971355e+02 2.638103e-25
1.975901e+02 2.637635e-25
1.980458e+02 2.637172e-25
1.985025e+02 2.636713e-25
1.989602e+02 2.636258e-25
1.994190e+02 2.635807e-25
1.998789e+02 2.635361e-25
2.003398e+02 2.634918e-25
2.008018e+02 2.634480e-25
2.012648e+02 2.634046e-25
2.017290e+02 2.633616e-25
2.021942e+02 2.633191e-25
2.026604e+02 2.632770e-25
2.031277e+02 2.632352e-25
2.035962e+02 2.631940e-25
2.040657e+02 2.631531e-25
2.045362e+02 2.631127e-25
2.050079e+02 2.630727e-25
2.054806e+02 2.630331e-25
2.059545e+02 2.629940e-25
2.064294e+02 2.629552e-25
2.069054e+02 2.629170e-25
2.073826e+02 2.628791e-25
2.078608e+02 2.628417e-25
2.083401e+02 2.628047e-25
2.088206e+02 2.627681e-25
2.093021e+02 2.627320e-25
2.097848e+02 2.626964e-25
2.102685e+02 2.626611e-25
2.107534e+02 2.626263e-25
2.112394e+02 2.625919e-25
2.117265e+02 2.625580e-25
2.122148e+02 2.625245e-25
2.127041e+02 2.624915e-25
2.131946e+02 2.624589e-25
2.136863e+02 2.624268e-25
2.141790e+02 2.623951e-25
2.146729e+02 2.623638e-25
2.151680e+02 2.623330e-25
2.156641e+02 2.623026e-25
2.161615e+02 2.622727e-25
2.166599e+02 2.622432e-25
2.171595e+02 2.622142e-25
2.176603e+02 2.621857e-25
2.181622e+02 2.621576e-25
2.186653e+02 2.621299e-25
2.191696e+02 2.621027e-25
2.196750e+02 2.620760e-25
2.201816e+02 2.620497e-25
2.206893e+02 2.620239e-25
2.211982e+02 2.619985e-25
2.217083e+02 2.619736e-25
2.222195e+02 2.619492e-25
2.227320e+02 2.619252e-25
2.232456e+02 2.619017e-25
2.237604e+02 2.618787e-25
2.242764e+02 2.618561e-25
2.247936e+02 2.618340e-25
2.253120e+02 2.618123e-25
2.258315e+02 2.617912e-25
2.263523e+02 2.617705e-25
2.268743e+02 2.617502e-25
2.273975e+02 2.617305e-25
2.279218e+02 2.617112e-25
2.284474e+02 2.616924e-25
2.289742e+02 2.616741e-25
2.295022e+02 2.616562e-25
2.300315e+02 2.616388e-25
2.305619e+02 2.616220e-25
2.310936e+02 2.616055e-25
2.316265e+02 2.615896e-25
2.321606e+02 2.615742e-25
2.326960e+02 2.615592e-25
2.332326e+02 2.615447e-25
2.337704e+02 2.615308e-25
2.343095e+02 2.615173e-25
2.348498e+02 2.615043e-25
2.353914e+02 2.614917e-25
2.359342e+02 2.614797e-25
2.364783e+02 2.614682e-25
2.370236e+02 2.614572e-25
2.375702e+02 2.614466e-25
2.381180e+02 2.614366e-25
2.386671e+02 2.614270e-25
2.392175e+02 2.614180e-25
2.397691e+02 2.614095e-25
2.403220e+02 2.614014e-25
2.408762e+02 2.613939e-25
2.414317e+02 2.613869e-25
2.419884e+02 2.613803e-25
2.425465e+02 2.613743e-25
2.431058e+02 2.613688e-25
2.436664e+02 2.613638e-25
2.442283e+02 2.613593e-25
2.447915e+02 2.613554e-25
2.453560e+02 2.613519e-25
2.459217e+02 2.613490e-25
2.464888e+02 2.613465e-25
2.470572e+02 2.613446e-25
2.476270e+02 2.613433e-25
2.481980e+02 2.613424e-25
2.487703e+02 2.613420e-25
2.493440e+02 2.613422e-25
2.499190e+02 2.613429e-25
2.504953e+02 2.613442e-25
2.510730e+02 2.613459e-25
2.516519e+02 2.613482e-25
2.522322e+02 2.613510e-25
2.528139e+02 2.613544e-25
2.533969e+02 2.613583e-25
2.539812e+02 2.613627e-25
2.545669e+02 2.613677e-25
2.551539e+02 2.613732e-25
2.557423e+02 2.613792e-25
2.563321e+02 2.613858e-25
2.569232e+02 2.613929e-25
2.575156e+02 2.614006e-25
2.581095e+02 2.614088e-25
2.587047e+02 2.614175e-25
2.593012e+02 2.614268e-25
2.598992e+02 2.614367e-25
2.604985e+02 2.614471e-25
2.610992e+02 2.614580e-25
2.617013e+02 2.614695e-25
2.623048e+02 2.614816e-25
2.629097e+02 2.614942e-25
2.635160e+02 2.615074e-25
2.641236e+02 2.615212e-25
2.647327e+02 2.615355e-25
2.653432e+02 2.615503e-25
2.659551e+02 2.615658e-25
2.665684e+02 2.615818e-25
2.671831e+02 2.615983e-25
2.677992e+02 2.616155e-25
2.684167e+02 2.616332e-25
2.690357e+02 2.616515e-25
2.696561e+02 2.616703e-25
2.702779e+02 2.616898e-25
2.709012e+02 2.617098e-25
2.715259e+02 2.617304e-25
2.721520e+02 2.617515e-25
2.727796e+02 2.617733e-25
2.734087e+02 2.617956e-25
2.740391e+02 2.618185e-25
2.746711e+02 2.618420e-25
2.753045e+02 2.618661e-25
2.759393e+02 2.618908e-25
2.765756e+02 2.619161e-25
2.772134e+02 2.619420e-25
2.778527e+02 2.619685e-25
2.784934e+02 2.619955e-25
2.791356e+02 2.620232e-25
2.797793e+02 2.620515e-25
2.804245e+02 2.620803e-25
2.810712e+02 2.621098e-25
2.817193e+02 2.621399e-25
2.823690e+02 2.621706e-25
2.830201e+02 2.622019e-25
2.836727e+02 2.622338e-25
2.843269e+02 2.622663e-25
2.849826e+02 2.622995e-25
2.856397e+02 2.623332e-25
2.862984e+02 2.623676e-25
2.869586e+02 2.624026e-25
2.876203e+02 2.624382e-25
2.882836e+02 2.624744e-25
2.889484e+02 2.625113e-25
2.896147e+02 2.625488e-25
2.902826e+02 2.625869e-25
2.909520e+02 2.626257e-25
2.916229e+02 2.626650e-25
2.922954e+02 2.627051e-25
2.929694e+02 2.627457e-25
2.936450e+02 2.627870e-25
2.943221e+02 2.628289e-25
2.950009e+02 2.628715e-25
2.956811e+02 2.629147e-25
2.963630e+02 2.629586e-25
2.970464e+02 2.630031e-25
2.977314e+02 2.630483e-25
2.984179e+02 2.630941e-25
2.991061e+02 2.631405e-25
2.997958e+02 2.631877e-25
3.004872e+02 2.632354e-25
3.011801e+02 2.632839e-25
3.018746e+02 2.633330e-25
3.025708e+02 2.633827e-25
3.032685e+02 2.634331e-25
3.039678e+02 2.634842e-25
3.046688e+02 2.635360e-25
3.053713e+02 2.635884e-25
3.060755e+02 2.636415e-25
3.067813e+02 2.636953e-25
3.074888e+02 2.637497e-25
3.081979e+02 2.638049e-25
3.089086e+02 2.638607e-25
3.096209e+02 2.639172e-25
3.103349e+02 2.639744e-25
3.110505e+02 2.640322e-25
3.117678e+02 2.640908e-25
3.124868e+02 2.641500e-25
3.132073e+02 2.642099e-25
3.139296e+02 2.642706e-25
3.146535e+02 2.643319e-25
3.153791e+02 2.643939e-25
3.161064e+02 2.644566e-25
3.168353e+02 2.645201e-25
3.175660e+02 2.645842e-25
3.182983e+02 2.646491e-25
3.190323e+02 2.647146e-25
3.197680e+02 2.647809e-25
3.205053e+02 2.648478e-25
3.212444e+02 2.649155e-25
3.219852e+02 2.649839e-25
3.227277e+02 2.650531e-25
3.234719e+02 2.651229e-25
3.242179e+02 2.651935e-25
3.249655e+02 2.652648e-25
3.257149e+02 2.653368e-25
3.264660e+02 2.654096e-25
3.272188e+02 2.654831e-25
3.279734e+02 2.655573e-25
3.287297e+02 2.656322e-25
3.294878e+02 2.657079e-25
3.302476e+02 2.657844e-25
3.310091e+02 2.658616e-25
3.317724e+02 2.659395e-25
3.325375e+02 2.660182e-25
3.333043e+02 2.660976e-25
3.340729e+02 2.661778e-25
3.348433e+02 2.662588e-25
3.356155e+02 2.663405e-25
3.363894e+02 2.664229e-25
3.371651e+02 2.665061e-25
3.379426e+02 2.665901e-25
3.387219e+02 2.666749e-25
3.395030e+02 2.667604e-25
3.402859e+02 2.668467e-25
3.410706e+02 2.669337e-25
3.418571e+02 2.670216e-25
3.426454e+02 2.671102e-25
3.434356e+02 2.671996e-25
3.442275e+02 2.672898e-25
3.450213e+02 2.673808e-25
3.458170e+02 2.674725e-25
3.466144e+02 2.675651e-25
3.474137e+02 2.676584e-25
3.482148e+02 2.677525e-25
3.490178e+02 2.678475e-25
3.498227e+02 2.679432e-25
3.506294e+02 2.680397e-25
3.514379e+02 2.681371e-25
3.522483e+02 2.682352e-25
3.530606e+02 2.683342e-25
3.538748e+02 2.684339e-25
3.546908e+02 2.685345e-25
3.555087e+02 2.686359e-25
3.563285e+02 2.687381e-25
3.571502e+02 2.688412e-25
3.579738e+02 2.689451e-25
3.587993e+02 2.690498e-25
3.596267e+02 2.691553e-25
3.604560e+02 2.692617e-25
3.612872e+02 2.693689e-25
3.621204e+02 2.694769e-25
3.629554e+02 2.695858e-25
3.637924e+02 2.696955e-25
3.646313e+02 2.698061e-25
3.654721e+02 2.699175e-25
3.663149e+02 2.700298e-25
3.671597e+02 2.701429e-25
3.680063e+02 2.702569e-25
3.688550e+02 2.703717e-25
3.697055e+02 2.704874e-25
3.705581e+02 2.706040e-25
3.714126e+02 2.707215e-25
3.722691e+02 2.708398e-25
3.731275e+02 2.709590e-25
3.739880e+02 2.710790e-25
3.748504e+02 2.712000e-25
3.757148e+02 2.713218e-25
3.765812e+02 2.714446e-25
3.774496e+02 2.715682e-25
3.783200e+02 2.716927e-25
3.791924e+02 2.718182e-25
3.800668e+02 2.719445e-25
3.809433e+02 2.720717e-25
3.818217e+02 2.721998e-25
3.827022e+02 2.723289e-25
3.835847e+02 2.724589e-25
3.844693e+02 2.725898e-25
3.853558e+02 2.727216e-25
3.862445e+02 2.728543e-25
3.871352e+02 2.729880e-25
3.880279e+02 2.731227e-25
3.889227e+02 2.732583e-25
3.898196e+02 2.733948e-25
3.907185e+02 2.735323e-25
3.916195e+02 2.736707e-25
3.925226e+02 2.738101e-25
3.934277e+02 2.739505e-25
3.943350e+02 2.740919e-25
3.952443e+02 2.742343e-25
3.961557e+02 2.743777e-25
3.970693e+02 2.745221e-25
3.979849e+02 2.746675e-25
3.989027e+02 2.748140e-25
3.998226e+02 2.749615e-25
4.007445e+02 2.751100e-25
4.016687e+02 2.752597e-25
4.025949e+02 2.754104e-25
4.035233e+02 2.755623e-25
4.044538e+02 2.757153e-25
4.053865e+02 2.758696e-25
4.063213e+02 2.760250e-25
4.072583e+02 2.761817e-25
4.081975e+02 2.763396e-25
4.091388e+02 2.764990e-25
4.100822e+02 2.766598e-25
4.110279e+02 2.768221e-25
4.119757e+02 2.769861e-25
4.129257e+02 2.771518e-25
4.138780e+02 2.773195e-25
4.148324e+02 2.774895e-25
4.157890e+02 2.776619e-25
4.167478e+02 2.778372e-25
4.177088e+02 2.780159e-25
4.186720e+02 2.781989e-25
4.196375e+02 2.783871e-25
4.206052e+02 2.785822e-25
4.215751e+02 2.787866e-25
4.225473e+02 2.790038e-25
4.235217e+02 2.792402e-25
4.244983e+02 2.795061e-25
4.254772e+02 2.798214e-25
4.264584e+02 2.802261e-25
4.274418e+02 2.808131e-25
4.284275e+02 2.818392e-25
4.294154e+02 2.842542e-25
4.304056e+02 2.942109e-25
4.313982e+02 6.119687e-25
4.323930e+02 3.102122e-25
4.333901e+02 2.867440e-25
4.343895e+02 2.833534e-25
4.353912e+02 2.823822e-25
4.363952e+02 2.820560e-25
4.374015e+02 2.819724e-25
4.384102e+02 2.820004e-25
4.394212e+02 2.820869e-25
4.404345e+02 2.822074e-25
4.414501e+02 2.823490e-25
4.424681e+02 2.825047e-25
4.434884e+02 2.826701e-25
4.445111e+02 2.828427e-25
4.455362e+02 2.830208e-25
4.465636e+02 2.832031e-25
4.475934e+02 2.833890e-25
4.486255e+02 2.835779e-25
4.496600e+02 2.837692e-25
4.506970e+02 2.839629e-25
4.517363e+02 2.841585e-25
4.527780e+02 2.843560e-25
4.538221e+02 2.845552e-25
4.548686e+02 2.847560e-25
4.559175e+02 2.849583e-25
4.569689e+02 2.851622e-25
4.580227e+02 2.853674e-25
4.590789e+02 2.855740e-25
4.601375e+02 2.857820e-25
4.611986e+02 2.859913e-25
4.622621e+02 2.862018e-25
4.633281e+02 2.864137e-25
4.643965e+02 2.866268e-25
4.654674e+02 2.868412e-25
4.665408e+02 2.870568e-25
4.676166e+02 2.872737e-25
4.686950e+02 2.874918e-25
4.697758e+02 2.877111e-25
4.708591e+02 2.879317e-25
4.719449e+02 2.881534e-25
4.730332e+02 2.883764e-25
4.741240e+02 2.886006e-25
4.752174e+02 2.888260e-25
4.763132e+02 2.890527e-25
4.774116e+02 2.892805e-25
4.785125e+02 2.895096e-25
4.796160e+02 2.897399e-25
4.807220e+02 2.899714e-25
4.818305e+02 2.902041e-25
4.829416e+02 2.904381e-25
4.840553e+02 2.906733e-25
4.851715e+02 2.909097e-25
4.862903e+02 2.911473e-25
4.874117e+02 2.913862e-25
4.885357e+02 2.916263e-25
4.896623e+02 2.918676e-25
4.907914e+02 2.921102e-25
4.919232e+02 2.923540e-25
4.930576e+02 2.925991e-25
4.941946e+02 2.928454e-25
4.953342e+02 2.930930e-25
4.964764e+02 2.933415e-25
4.976213e+02 2.935917e-25
4.987688e+02 2.938431e-25
4.999190e+02 2.940957e-25
5.010718e+02 2.943495e-25
5.022273e+02 2.946047e-25
5.033854e+02 2.948610e-25
5.045462e+02 2.951187e-25
5.057097e+02 2.953777e-25
5.068759e+02 2.956379e-25
5.080447e+02 2.958994e-25
5.092163e+02 2.961622e-25
5.103906e+02 2.964263e-25
5.115675e+02 2.966917e-25
5.127472e+02 2.969584e-25
5.139296e+02 2.972264e-25
5.151147e+02 2.974957e-25
5.163026e+02 2.977663e-25
5.174932e+02 2.980383e-25
5.186865e+02 2.983115e-25
5.198826e+02 2.985861e-25
5.210815e+02 2.988619e-25
5.222831e+02 2.991392e-25
5.234875e+02 2.994177e-25
5.246946e+02 2.996976e-25
5.259046e+02 2.999788e-25
5.271173e+02 3.002614e-25
5.283329e+02 3.005453e-25
5.295512e+02 3.008305e-25
5.307724e+02 3.011172e-25
5.319963e+02 3.014051e-25
5.332231e+02 3.016945e-25
5.344527e+02 3.019852e-25
5.356852e+02 3.022772e-25
5.369205e+02 3.025707e-25
5.381586e+02 3.028655e-25
5.393996e+02 3.031617e-25
5.406435e+02 3.034593e-25
5.418902e+02 3.037582e-25
5.431398e+02 3.040586e-25
5.443923e+02 3.043603e-25
5.456477e+02 3.046635e-25
5.469059e+02 3.049681e-25
5.481671e+02 3.052740e-25
5.494312e+02 3.055814e-25
5.506982e+02 3.058902e-25
5.519681e+02 3.062004e-25
5.532409e+02 3.065120e-25
5.545167e+02 3.068251e-25
5.557954e+02 3.071396e-25
5.570771e+02 3.074555e-25
5.583617e+02 3.077729e-25
5.596493e+02 3.080917e-25
5.609399e+02 3.084120e-25
5.622334e+02 3.087337e-25
5.635299e+02 3.090568e-25
5.648294e+02 3.093815e-25
5.661319e+02 3.097076e-25
5.674374e+02 3.100351e-25
5.687459e+02 3.103641e-25
5.700575e+02 3.106946e-25
5.713720e+02 3.110266e-25
5.726896e+02 3.113601e-25
5.740102e+02 3.116950e-25
5.753339e+02 3.120315e-25
5.766606e+02 3.123694e-25
5.779904e+02 3.127089e-25
5.793233e+02 3.130498e-25
5.806592e+02 3.133923e-25
5.819982e+02 3.137362e-25
5.833403e+02 3.140817e-25
5.846855e+02 3.144287e-25
5.860338e+02 3.147772e-25
5.873852e+02 3.151273e-25
5.887397e+02 3.154789e-25
5.900973e+02 3.158320e-25
5.914581e+02 3.161867e-25
5.928220e+02 3.165429e-25
5.941890e+02 3.169007e-25
5.955593e+02 3.172600e-25
5.969326e+02 3.176209e-25
5.983091e+02 3.179834e-25
5.996889e+02 3.183474e-25
6.010717e+02 3.187130e-25
6.024578e+02 3.190802e-25
6.038471e+02 3.194489e-25
6.052396e+02 3.198192e-25
6.066353e+02 3.201912e-25
6.080342e+02 3.205647e-25
6.094363e+02 3.209398e-25
6.108417e+02 3.213165e-25
6.122503e+02 3.216949e-25
6.136621e+02 3.220748e-25
6.150772e+02 3.224564e-25
6.164956e+02 3.228396e-25
6.179172e+02 3.232244e-25
6.193422e+02 3.236108e-25
6.207704e+02 3.239989e-25
6.222019e+02 3.243886e-25
6.236367e+02 3.247800e-25
6.250748e+02 3.251730e-25
6.265162e+02 3.255676e-25
6.279610e+02 3.259640e-25
6.294090e+02 3.263619e-25
6.308605e+02 3.267616e-25
6.323152e+02 3.271629e-25
6.337734e+02 3.275659e-25
6.352348e+02 3.279706e-25
6.366997e+02 3.283770e-25
6.381679e+02 3.287850e-25
6.396396e+02 3.291948e-25
6.411146e+02 3.296062e-25
6.425930e+02 3.300193e-25
6.440748e+02 3.304342e-25
6.455600e+02 3.308508e-25
6.470487e+02 3.312691e-25
6.485408e+02 3.316891e-25
6.500364e+02 3.321108e-25
6.515353e+02 3.325343e-25
6.530378e+02 3.329595e-25
6.545437e+02 3.333865e-25
6.560531e+02 3.338152e-25
6.575659e+02 3.342456e-25
6.590823e+02 3.346778e-25
6.606021e+02 3.351118e-25
6.621255e+02 3.355476e-25
6.636524e+02 3.359851e-25
6.651828e+02 3.364244e-25
6.667167e+02 3.368654e-25
6.682541e+02 3.373083e-25
6.697951e+02 3.377529e-25
6.713397e+02 3.381994e-25
6.728878e+02 3.386476e-25
6.744395e+02 3.390977e-25
6.759947e+02 3.395495e-25
6.775536e+02 3.400032e-25
6.791160e+02 3.404587e-25
6.806821e+02 3.409160e-25
6.822517e+02 3.413752e-25
6.838250e+02 3.418362e-25
6.854019e+02 3.422990e-25
6.869825e+02 3.427637e-25
6.885666e+02 3.432302e-25
6.901545e+02 3.436986e-25
6.917460e+02 3.441689e-25
6.933412e+02 3.446410e-25
6.949400e+02 3.451150e-25
6.965425e+02 3.455909e-25
6.981488e+02 3.460686e-25
6.997587e+02 3.465483e-25
7.013724e+02 3.470298e-25
7.029897e+02 3.475132e-25
7.046108e+02 3.479986e-25
7.062357e+02 3.484858e-25
7.078643e+02 3.489750e-25
7.094966e+02 3.494661e-25
7.111327e+02 3.499591e-25
7.127726e+02 3.504540e-25
7.144162e+02 3.509509e-25
7.160637e+02 3.514497e-25
7.177149e+02 3.519505e-25
7.193700e+02 3.524532e-25
7.210289e+02 3.529579e-25
7.226916e+02 3.534645e-25
7.243581e+02 3.539731e-25
7.260285e+02 3.544837e-25
7.277027e+02 3.549963e-25
7.293808e+02 3.555108e-25
7.310627e+02 3.560274e-25
7.327486e+02 3.565459e-25
7.344383e+02 3.570664e-25
7.361319e+02 3.575890e-25
7.378294e+02 3.581136e-25
7.395309e+02 3.586401e-25
7.412363e+02 3.591687e-25
7.429455e+02 3.596994e-25
7.446588e+02 3.602321e-25
7.463760e+02 3.607668e-25
7.480971e+02 3.613035e-25
7.498222e+02 3.618424e-25
7.515513e+02 3.623832e-25
7.532844e+02 3.629262e-25
7.550215e+02 3.634712e-25
7.567626e+02 3.640183e-25
7.585077e+02 3.645675e-25
7.602568e+02 3.651187e-25
7.620100e+02 3.656721e-25
7.637672e+02 3.662276e-25
7.655284e+02 3.667851e-25
7.672937e+02 3.673448e-25
7.690631e+02 3.679066e-25
7.708366e+02 3.684705e-25
7.726141e+02 3.690366e-25
7.743958e+02 3.696048e-25
7.761816e+02 3.701751e-25
7.779714e+02 3.707476e-25
7.797654e+02 3.713223e-25
7.815636e+02 3.718991e-25
7.833659e+02 3.724781e-25
7.851723e+02 3.730592e-25
7.869829e+02 3.736426e-25
7.887977e+02 3.742281e-25
7.906167e+02 3.748159e-25
7.924399e+02 3.754058e-25
7.942672e+02 3.759979e-25
7.960988e+02 3.765923e-25
7.979346e+02 3.771889e-25
7.997747e+02 3.777877e-25
8.016190e+02 3.783888e-25
8.034675e+02 3.789921e-25
8.053203e+02 3.795976e-25
8.071774e+02 3.802055e-25
8.090387e+02 3.808156e-25
8.109044e+02 3.814280e-25
8.127744e+02 3.820427e-25
8.146486e+02 3.826597e-25
8.165272e+02 3.832790e-25
8.184101e+02 3.839007e-25
8.202974e+02 3.845247e-25
8.221890e+02 3.851512e-25
8.240850e+02 3.857800e-25
8.259853e+02 3.864114e-25
8.278900e+02 3.870452e-25
8.297992e+02 3.876817e-25
8.317127e+02 3.883210e-25
8.336306e+02 3.889631e-25
8.355530e+02 3.896086e-25
8.374798e+02 3.902580e-25
8.394110e+02 3.909124e-25
8.413467e+02 3.915744e-25
8.432868e+02 3.922501e-25
8.452315e+02 3.929589e-25
8.471806e+02 3.937901e-25
8.491342e+02 3.957972e-25
8.510923e+02 4.057928e-25
8.530549e+02 3.959916e-25
8.550221e+02 3.963036e-25
8.569938e+02 3.968888e-25
8.589700e+02 3.975279e-25
8.609508e+02 3.981858e-25
8.629361e+02 3.988530e-25
8.649261e+02 3.995260e-25
8.669206e+02 4.002033e-25
8.689197e+02 4.008841e-25
8.709235e+02 4.015680e-25
8.729318e+02 4.022549e-25
8.749448e+02 4.029445e-25
8.769624e+02 4.036369e-25
8.789847e+02 4.043319e-25
8.810117e+02 4.050296e-25
8.830433e+02 4.057298e-25
8.850796e+02 4.064327e-25
8.871206e+02 4.071381e-25
8.891663e+02 4.078461e-25
8.912167e+02 4.085567e-25
8.932719e+02 4.092699e-25
8.953318e+02 4.099857e-25
8.973964e+02 4.107040e-25
8.994658e+02 4.114250e-25
9.015400e+02 4.121485e-25
9.036189e+02 4.128747e-25
9.057027e+02 4.136035e-25
9.077913e+02 4.143349e-25
9.098846e+02 4.150689e-25
9.119828e+02 4.158055e-25
9.140859e+02 4.165448e-25
9.161938e+02 4.172867e-25
9.183065e+02 4.180313e-25
9.204241e+02 4.187785e-25
9.225466e+02 4.195285e-25
9.246740e+02 4.202810e-25
9.268063e+02 4.210363e-25
9.289436e+02 4.217943e-25
9.310857e+02 4.225549e-25
9.332328e+02 4.233183e-25
9.353848e+02 4.240844e-25
9.375419e+02 4.248532e-25
9.397038e+02 4.256248e-25
9.418708e+02 4.263990e-25
9.440428e+02 4.271761e-25
9.462197e+02 4.279559e-25
9.484017e+02 4.287384e-25
9.505887e+02 4.295238e-25
9.527808e+02 4.303119e-25
9.549779e+02 4.311028e-25
9.571801e+02 4.318965e-25
9.593874e+02 4.326930e-25
9.615997e+02 4.334923e-25
9.638172e+02 4.342944e-25
9.660398e+02 4.350994e-25
9.682674e+02 4.359073e-25
9.705003e+02 4.367179e-25
9.727383e+02 4.375315e-25
9.749814e+02 4.383479e-25
9.772297e+02 4.391671e-25
9.794832e+02 4.399893e-25
9.817419e+02 4.408144e-25
9.840058e+02 4.416423e-25
9.862749e+02 4.424732e-25
9.885493e+02 4.433070e-25
9.908289e+02 4.441438e-25
9.931138e+02 4.449834e-25
9.954039e+02 4.458261e-25
9.976993e+02 4.466716e-25
1.000000e+03 nan
