1.000000e+00 4.456562e-17
1.002306e+00 4.633448e-17
1.004617e+00 4.822453e-17
1.006934e+00 5.024346e-17
1.009256e+00 5.239953e-17
1.011583e+00 5.485166e-17
1.013916e+00 5.746851e-17
1.016254e+00 6.019771e-17
1.018598e+00 6.297553e-17
1.020947e+00 6.564834e-17
1.023301e+00 6.864846e-17
1.025661e+00 7.183307e-17
1.028026e+00 7.503024e-17
1.030396e+00 7.728871e-17
1.032773e+00 7.836481e-17
1.035154e+00 7.849514e-17
1.037541e+00 7.796012e-17
1.039934e+00 7.692547e-17
1.042332e+00 7.566587e-17
1.044735e+00 7.420969e-17
1.047145e+00 7.258556e-17
1.049559e+00 6.953977e-17
1.051980e+00 6.582339e-17
1.054406e+00 6.179736e-17
1.056837e+00 5.776715e-17
1.059274e+00 5.426547e-17
1.061717e+00 5.101977e-17
1.064165e+00 4.796111e-17
1.066619e+00 4.503387e-17
1.069079e+00 4.231146e-17
1.071544e+00 3.983258e-17
1.074015e+00 3.756770e-17
1.076492e+00 3.549120e-17
1.078974e+00 3.358200e-17
1.081462e+00 3.181417e-17
1.083956e+00 3.017870e-17
1.086456e+00 2.866713e-17
1.088961e+00 2.728545e-17
1.091472e+00 2.600012e-17
1.093989e+00 2.480301e-17
1.096512e+00 2.368679e-17
1.099040e+00 2.265577e-17
1.101575e+00 2.169104e-17
1.104115e+00 2.078740e-17
1.106661e+00 1.994006e-17
1.109213e+00 1.915199e-17
1.111771e+00 1.840945e-17
1.114335e+00 1.770925e-17
1.116904e+00 1.704839e-17
1.119480e+00 1.643029e-17
1.122062e+00 1.584526e-17
1.124649e+00 1.529088e-17
1.127242e+00 1.476490e-17
1.129842e+00 1.426938e-17
1.132447e+00 1.379850e-17
1.135059e+00 1.335063e-17
1.137676e+00 1.292427e-17
1.140300e+00 1.252076e-17
1.142929e+00 1.213565e-17
1.145565e+00 1.176833e-17
1.148207e+00 1.141872e-17
1.150854e+00 1.109103e-17
1.153508e+00 1.080551e-17
1.156168e+00 4.551406e-17
1.158834e+00 1.020946e-17
1.161507e+00 9.889840e-18
1.164185e+00 9.613323e-18
1.166870e+00 9.351962e-18
1.169560e+00 9.101882e-18
1.172257e+00 8.863040e-18
1.174961e+00 8.633381e-18
1.177670e+00 8.412345e-18
1.180386e+00 8.199455e-18
1.183108e+00 7.995297e-18
1.185836e+00 7.798273e-18
1.188571e+00 7.608110e-18
1.191312e+00 7.424552e-18
1.194059e+00 7.248162e-18
1.196812e+00 7.077638e-18
1.199572e+00 6.912717e-18
1.202338e+00 6.753147e-18
1.205111e+00 6.599499e-18
1.207890e+00 6.450749e-18
1.210675e+00 6.306683e-18
1.213467e+00 6.167099e-18
1.216265e+00 6.032366e-18
1.219070e+00 5.901729e-18
1.221881e+00 5.775032e-18
1.224699e+00 5.652126e-18
1.227523e+00 5.533336e-18
1.230354e+00 5.417979e-18
1.233191e+00 5.305940e-18
1.236035e+00 5.197110e-18
1.238885e+00 5.091795e-18
1.241742e+00 4.989425e-18
1.244605e+00 4.889892e-18
1.247475e+00 4.793097e-18
1.250352e+00 4.699293e-18
1.253235e+00 4.608023e-18
1.256125e+00 4.519202e-18
1.259022e+00 4.432754e-18
1.261925e+00 4.348916e-18
1.264835e+00 4.267262e-18
1.267752e+00 4.187725e-18
1.270676e+00 4.110235e-18
1.273606e+00 4.035016e-18
1.276543e+00 3.961711e-18
1.279486e+00 3.890264e-18
1.282437e+00 3.820613e-18
1.285394e+00 3.752915e-18
1.288358e+00 3.686776e-18
1.291329e+00 3.622089e-18
1.294307e+00 3.558862e-18
1.297292e+00 3.497514e-18
1.300283e+00 3.437568e-18
1.303282e+00 3.378910e-18
1.306287e+00 3.321432e-18
1.309300e+00 3.265036e-18
1.312319e+00 3.209556e-18
1.315345e+00 3.154983e-18
1.318378e+00 3.101305e-18
1.321418e+00 3.048615e-18
1.324466e+00 2.996799e-18
1.327520e+00 2.945784e-18
1.330581e+00 2.895491e-18
1.333649e+00 2.845904e-18
1.336725e+00 2.796902e-18
1.339807e+00 2.748418e-18
1.342897e+00 2.701023e-18
1.345994e+00 2.654738e-18
1.349098e+00 2.608967e-18
1.352209e+00 2.563631e-18
1.355327e+00 2.518647e-18
1.358452e+00 2.474037e-18
1.361585e+00 2.429588e-18
1.364725e+00 2.385195e-18
1.367872e+00 2.340751e-18
1.371026e+00 2.296231e-18
1.374188e+00 2.251406e-18
1.377356e+00 2.206145e-18
1.380533e+00 2.160317e-18
1.383716e+00 2.113867e-18
1.386907e+00 2.066571e-18
1.390105e+00 2.018293e-18
1.393311e+00 1.971726e-18
1.396524e+00 1.924754e-18
1.399744e+00 1.877028e-18
1.402972e+00 1.828490e-18
1.406207e+00 1.779096e-18
1.409450e+00 1.728867e-18
1.412700e+00 1.677739e-18
1.415958e+00 1.625722e-18
1.419223e+00 1.572854e-18
1.422496e+00 1.519231e-18
1.425776e+00 1.464903e-18
1.429064e+00 1.409984e-18
1.432359e+00 1.354615e-18
1.435662e+00 1.298981e-18
1.438973e+00 1.243238e-18
1.442291e+00 1.188448e-18
1.445617e+00 1.137174e-18
1.448951e+00 1.086447e-18
1.452292e+00 1.036400e-18
1.455641e+00 9.871802e-19
1.458998e+00 9.389281e-19
1.462362e+00 8.917851e-19
1.465735e+00 8.458588e-19
1.469115e+00 8.012544e-19
1.472502e+00 7.580622e-19
1.475898e+00 7.163627e-19
1.479301e+00 6.762083e-19
1.482713e+00 6.376426e-19
1.486132e+00 6.006940e-19
1.489559e+00 5.653788e-19
1.492994e+00 5.316947e-19
1.496437e+00 5.006110e-19
1.499888e+00 4.719576e-19
1.503346e+00 4.446963e-19
1.506813e+00 4.187928e-19
1.510288e+00 3.942102e-19
1.513770e+00 3.709083e-19
1.517261e+00 3.488448e-19
1.520760e+00 3.279733e-19
1.524267e+00 3.082473e-19
1.527782e+00 2.896191e-19
1.531305e+00 2.720413e-19
1.534836e+00 2.554656e-19
1.538375e+00 2.398447e-19
1.541923e+00 2.251318e-19
1.545479e+00 2.112817e-19
1.549043e+00 1.982496e-19
1.552615e+00 1.864694e-19
1.556195e+00 1.754845e-19
1.559784e+00 1.651282e-19
1.563380e+00 1.553670e-19
1.566986e+00 1.461691e-19
1.570599e+00 1.375040e-19
1.574221e+00 1.293426e-19
1.577851e+00 1.216571e-19
1.581490e+00 1.144210e-19
1.585137e+00 1.076090e-19
1.588792e+00 1.011973e-19
1.592456e+00 9.516315e-20
1.596128e+00 8.948491e-20
1.599809e+00 8.414220e-20
1.603498e+00 7.911570e-20
1.607195e+00 7.440285e-20
1.610902e+00 7.013399e-20
1.614616e+00 6.610848e-20
1.618340e+00 6.231268e-20
1.622072e+00 5.873366e-20
1.625812e+00 5.535921e-20
1.629561e+00 5.217777e-20
1.633319e+00 4.917845e-20
1.637085e+00 4.635090e-20
1.640861e+00 4.368538e-20
1.644644e+00 4.117270e-20
1.648437e+00 3.880414e-20
1.652238e+00 3.657150e-20
1.656048e+00 3.446703e-20
1.659867e+00 3.248342e-20
1.663695e+00 3.061375e-20
1.667531e+00 2.887384e-20
1.671377e+00 2.726821e-20
1.675231e+00 2.575176e-20
1.679094e+00 2.431953e-20
1.682966e+00 2.296687e-20
1.686847e+00 2.168937e-20
1.690737e+00 2.048287e-20
1.694636e+00 1.934343e-20
1.698544e+00 1.826733e-20
1.702460e+00 1.725106e-20
1.706386e+00 1.629129e-20
1.710321e+00 1.538490e-20
1.714265e+00 1.452893e-20
1.718218e+00 1.372056e-20
1.722181e+00 1.295716e-20
1.726152e+00 1.223623e-20
1.730132e+00 1.156851e-20
1.734122e+00 1.094358e-20
1.738121e+00 1.035241e-20
1.742129e+00 9.793183e-21
1.746147e+00 9.264168e-21
1.750173e+00 8.763737e-21
1.754209e+00 8.290349e-21
1.758254e+00 7.842543e-21
1.762309e+00 7.418938e-21
1.766373e+00 7.018228e-21
1.770446e+00 6.639176e-21
1.774529e+00 6.280614e-21
1.778621e+00 5.941434e-21
1.782722e+00 5.620591e-21
1.786833e+00 5.317095e-21
1.790954e+00 5.030007e-21
1.795084e+00 4.764956e-21
1.799223e+00 4.514209e-21
1.803372e+00 4.276680e-21
1.807531e+00 4.051673e-21
1.811699e+00 3.838528e-21
1.815877e+00 3.636622e-21
1.820064e+00 3.445363e-21
1.824261e+00 3.264189e-21
1.828468e+00 3.092571e-21
1.832684e+00 2.930006e-21
1.836911e+00 2.776016e-21
1.841147e+00 2.630150e-21
1.845392e+00 2.491981e-21
1.849648e+00 2.361104e-21
1.853913e+00 2.237134e-21
1.858188e+00 2.120332e-21
1.862473e+00 2.011526e-21
1.866768e+00 1.908339e-21
1.871073e+00 1.810480e-21
1.875388e+00 1.717677e-21
1.879712e+00 1.629668e-21
1.884047e+00 1.546208e-21
1.888391e+00 1.467062e-21
1.892746e+00 1.392009e-21
1.897111e+00 1.320837e-21
1.901486e+00 1.253348e-21
1.905870e+00 1.189351e-21
1.910265e+00 1.128667e-21
1.914670e+00 1.071127e-21
1.919086e+00 1.016567e-21
1.923511e+00 9.648362e-22
1.927947e+00 9.162924e-22
1.932393e+00 8.706647e-22
1.936849e+00 8.273590e-22
1.941315e+00 7.862584e-22
1.945792e+00 7.472519e-22
1.950279e+00 7.102341e-22
1.954776e+00 6.751048e-22
1.959284e+00 6.417690e-22
1.963802e+00 6.101366e-22
1.968331e+00 5.801218e-22
1.972870e+00 5.516434e-22
1.977419e+00 5.246241e-22
1.981979e+00 4.989905e-22
1.986549e+00 4.746731e-22
1.991130e+00 4.516058e-22
1.995722e+00 4.297258e-22
2.000324e+00 4.092936e-22
2.004937e+00 3.903402e-22
2.009560e+00 3.723328e-22
2.014194e+00 3.552256e-22
2.018839e+00 3.389752e-22
2.023495e+00 3.235401e-22
2.028161e+00 3.088811e-22
2.032838e+00 2.949606e-22
2.037525e+00 2.817429e-22
2.042224e+00 2.691942e-22
2.046933e+00 2.572821e-22
2.051654e+00 2.459758e-22
2.056385e+00 2.352460e-22
2.061127e+00 2.250648e-22
2.065880e+00 2.154056e-22
2.070644e+00 2.062582e-22
2.075419e+00 1.976978e-22
2.080205e+00 1.895725e-22
2.085001e+00 1.818614e-22
2.089810e+00 1.745446e-22
2.094629e+00 1.676029e-22
2.099459e+00 1.610182e-22
2.104300e+00 1.547731e-22
2.109153e+00 1.488510e-22
2.114016e+00 1.432360e-22
2.118891e+00 1.379130e-22
2.123778e+00 1.328674e-22
2.128675e+00 1.280855e-22
2.133584e+00 1.235539e-22
2.138504e+00 1.192600e-22
2.143435e+00 1.151917e-22
2.148378e+00 1.113561e-22
2.153332e+00 1.077476e-22
2.158298e+00 1.043258e-22
2.163275e+00 1.010810e-22
2.168263e+00 9.800401e-23
2.173263e+00 9.508589e-23
2.178275e+00 9.231815e-23
2.183298e+00 8.969269e-23
2.188333e+00 8.720176e-23
2.193379e+00 8.483795e-23
2.198437e+00 8.259422e-23
2.203507e+00 8.046383e-23
2.208588e+00 7.844038e-23
2.213681e+00 7.651776e-23
2.218786e+00 7.469018e-23
2.223902e+00 7.295211e-23
2.229031e+00 7.130794e-23
2.234171e+00 6.974576e-23
2.239323e+00 6.825637e-23
2.244487e+00 6.683551e-23
2.249663e+00 6.547913e-23
2.254850e+00 6.418342e-23
2.260050e+00 6.294476e-23
2.265262e+00 6.175975e-23
2.270485e+00 6.062518e-23
2.275721e+00 5.953802e-23
2.280969e+00 5.849542e-23
2.286229e+00 5.749472e-23
2.291501e+00 5.653340e-23
2.296785e+00 5.560909e-23
2.302082e+00 5.471960e-23
2.307390e+00 5.386285e-23
2.312711e+00 5.304046e-23
2.318044e+00 5.224658e-23
2.323390e+00 5.147949e-23
2.328747e+00 5.073763e-23
2.334117e+00 5.001960e-23
2.339500e+00 4.932404e-23
2.344895e+00 4.864970e-23
2.350302e+00 4.799541e-23
2.355722e+00 4.736009e-23
2.361154e+00 4.674270e-23
2.366599e+00 4.614230e-23
2.372057e+00 4.555800e-23
2.377527e+00 4.498897e-23
2.383009e+00 4.443443e-23
2.388504e+00 4.389366e-23
2.394012e+00 4.336625e-23
2.399533e+00 4.285192e-23
2.405066e+00 4.234934e-23
2.410612e+00 4.185795e-23
2.416171e+00 4.137727e-23
2.421743e+00 4.090684e-23
2.427327e+00 4.044620e-23
2.432925e+00 3.999496e-23
2.438535e+00 3.955273e-23
2.444159e+00 3.911916e-23
2.449795e+00 3.869390e-23
2.455444e+00 3.827665e-23
2.461106e+00 3.786710e-23
2.466782e+00 3.746499e-23
2.472470e+00 3.707004e-23
2.478172e+00 3.668202e-23
2.483886e+00 3.630082e-23
2.489614e+00 3.592618e-23
2.495355e+00 3.555777e-23
2.501110e+00 3.519540e-23
2.506877e+00 3.483890e-23
2.512658e+00 3.448809e-23
2.518452e+00 3.414282e-23
2.524260e+00 3.380293e-23
2.530081e+00 3.346828e-23
2.535915e+00 3.313873e-23
2.541763e+00 3.281414e-23
2.547624e+00 3.249440e-23
2.553499e+00 3.217939e-23
2.559388e+00 3.186898e-23
2.565289e+00 3.156308e-23
2.571205e+00 3.126158e-23
2.577134e+00 3.096442e-23
2.583077e+00 3.067147e-23
2.589034e+00 3.038263e-23
2.595004e+00 3.009780e-23
2.600988e+00 2.981691e-23
2.606986e+00 2.953987e-23
2.612998e+00 2.926661e-23
2.619023e+00 2.899705e-23
2.625063e+00 2.873112e-23
2.631116e+00 2.846875e-23
2.637184e+00 2.820987e-23
2.643265e+00 2.795442e-23
2.649360e+00 2.770233e-23
2.655470e+00 2.745355e-23
2.661593e+00 2.720800e-23
2.667731e+00 2.696565e-23
2.673883e+00 2.672643e-23
2.680049e+00 2.649029e-23
2.686229e+00 2.625716e-23
2.692424e+00 2.602700e-23
2.698632e+00 2.579976e-23
2.704855e+00 2.557538e-23
2.711093e+00 2.535382e-23
2.717345e+00 2.513503e-23
2.723611e+00 2.491896e-23
2.729891e+00 2.470558e-23
2.736187e+00 2.449484e-23
2.742496e+00 2.428669e-23
2.748821e+00 2.408109e-23
2.755159e+00 2.387800e-23
2.761513e+00 2.367740e-23
2.767881e+00 2.347927e-23
2.774264e+00 2.328354e-23
2.780661e+00 2.309017e-23
2.787073e+00 2.289911e-23
2.793500e+00 2.271034e-23
2.799942e+00 2.252380e-23
2.806399e+00 2.233948e-23
2.812870e+00 2.215734e-23
2.819357e+00 2.197734e-23
2.825858e+00 2.179945e-23
2.832375e+00 2.162363e-23
2.838906e+00 2.144987e-23
2.845453e+00 2.127816e-23
2.852014e+00 2.110842e-23
2.858591e+00 2.094064e-23
2.865183e+00 2.077478e-23
2.871790e+00 2.061081e-23
2.878413e+00 2.044872e-23
2.885050e+00 2.028845e-23
2.891703e+00 2.013000e-23
2.898372e+00 1.997333e-23
2.905055e+00 1.981841e-23
2.911754e+00 1.966522e-23
2.918469e+00 1.951373e-23
2.925199e+00 1.936392e-23
2.931944e+00 1.921576e-23
2.938705e+00 1.906923e-23
2.945482e+00 1.892430e-23
2.952274e+00 1.878095e-23
2.959082e+00 1.863916e-23
2.965906e+00 1.849889e-23
2.972745e+00 1.836014e-23
2.979601e+00 1.822288e-23
2.986472e+00 1.808708e-23
2.993358e+00 1.795272e-23
3.000261e+00 1.782034e-23
3.007180e+00 1.770299e-23
3.014114e+00 1.758656e-23
3.021065e+00 1.747102e-23
3.028031e+00 1.735638e-23
3.035014e+00 1.724261e-23
3.042013e+00 1.712972e-23
3.049028e+00 1.701769e-23
3.056059e+00 1.690652e-23
3.063106e+00 1.679619e-23
3.070170e+00 1.668670e-23
3.077250e+00 1.657805e-23
3.084346e+00 1.647022e-23
3.091458e+00 1.636320e-23
3.098587e+00 1.625699e-23
3.105733e+00 1.615159e-23
3.112894e+00 1.604697e-23
3.120073e+00 1.594314e-23
3.127268e+00 1.584009e-23
3.134479e+00 1.573780e-23
3.141707e+00 1.563629e-23
3.148952e+00 1.553552e-23
3.156214e+00 1.543551e-23
3.163492e+00 1.533623e-23
3.170787e+00 1.523770e-23
3.178099e+00 1.513989e-23
3.185427e+00 1.504280e-23
3.192773e+00 1.494643e-23
3.200136e+00 1.485076e-23
3.207515e+00 1.475580e-23
3.214912e+00 1.466153e-23
3.222325e+00 1.456795e-23
3.229756e+00 1.447505e-23
3.237204e+00 1.438282e-23
3.244669e+00 1.429127e-23
3.252151e+00 1.420038e-23
3.259651e+00 1.411015e-23
3.267167e+00 1.402057e-23
3.274702e+00 1.393164e-23
3.282253e+00 1.384334e-23
3.289822e+00 1.375568e-23
3.297408e+00 1.366865e-23
3.305012e+00 1.358224e-23
3.312634e+00 1.349645e-23
3.320272e+00 1.341127e-23
3.327929e+00 1.332669e-23
3.335603e+00 1.324272e-23
3.343295e+00 1.315934e-23
3.351005e+00 1.307655e-23
3.358732e+00 1.299435e-23
3.366478e+00 1.291273e-23
3.374241e+00 1.283168e-23
3.382022e+00 1.275120e-23
3.389821e+00 1.267128e-23
3.397638e+00 1.259192e-23
3.405473e+00 1.251312e-23
3.413326e+00 1.243487e-23
3.421197e+00 1.235716e-23
3.429086e+00 1.227999e-23
3.436994e+00 1.220336e-23
3.444919e+00 1.212726e-23
3.452863e+00 1.205168e-23
3.460826e+00 1.197662e-23
3.468806e+00 1.190209e-23
3.476805e+00 1.182806e-23
3.484823e+00 1.175454e-23
3.492859e+00 1.168153e-23
3.500914e+00 1.160902e-23
3.508987e+00 1.153700e-23
3.517078e+00 1.146547e-23
3.525189e+00 1.139443e-23
3.533318e+00 1.132387e-23
3.541466e+00 1.125379e-23
3.549633e+00 1.118419e-23
3.557818e+00 1.111506e-23
3.566022e+00 1.104639e-23
3.574246e+00 1.097818e-23
3.582488e+00 1.091044e-23
3.590749e+00 1.084315e-23
3.599029e+00 1.077631e-23
3.607329e+00 1.070992e-23
3.615647e+00 1.064397e-23
3.623985e+00 1.057846e-23
3.632342e+00 1.051339e-23
3.640718e+00 1.044875e-23
3.649114e+00 1.038454e-23
3.657529e+00 1.032076e-23
3.665963e+00 1.025739e-23
3.674417e+00 1.019445e-23
3.682890e+00 1.013193e-23
3.691383e+00 1.006981e-23
3.699895e+00 1.000811e-23
3.708427e+00 9.946805e-24
3.716979e+00 9.885907e-24
3.725550e+00 9.825409e-24
3.734141e+00 9.765305e-24
3.742752e+00 9.705595e-24
3.751383e+00 9.646274e-24
3.760034e+00 9.587340e-24
3.768704e+00 9.528789e-24
3.777395e+00 9.470619e-24
3.786106e+00 9.412825e-24
3.794836e+00 9.355407e-24
3.803587e+00 9.298360e-24
3.812358e+00 9.241681e-24
3.821150e+00 9.185368e-24
3.829961e+00 9.129418e-24
3.838793e+00 9.073828e-24
3.847646e+00 9.018595e-24
3.856518e+00 8.963717e-24
3.865411e+00 8.909191e-24
3.874325e+00 8.855013e-24
3.883259e+00 8.801182e-24
3.892214e+00 8.747695e-24
3.901190e+00 8.694549e-24
3.910186e+00 8.641742e-24
3.919203e+00 8.589271e-24
3.928240e+00 8.537133e-24
3.937299e+00 8.485326e-24
3.946378e+00 8.433848e-24
3.955479e+00 8.382695e-24
3.964600e+00 8.331866e-24
3.973743e+00 8.281359e-24
3.982906e+00 8.231170e-24
3.992091e+00 8.181298e-24
4.001296e+00 8.132078e-24
4.010524e+00 8.085202e-24
4.019772e+00 8.038584e-24
4.029041e+00 7.992220e-24
4.038332e+00 7.946111e-24
4.047645e+00 7.900253e-24
4.056979e+00 7.854647e-24
4.066334e+00 7.809291e-24
4.075711e+00 7.764183e-24
4.085110e+00 7.719323e-24
4.094530e+00 7.674709e-24
4.103972e+00 7.630339e-24
4.113436e+00 7.586212e-24
4.122922e+00 7.542328e-24
4.132429e+00 7.498685e-24
4.141958e+00 7.455281e-24
4.151510e+00 7.412116e-24
4.161083e+00 7.369188e-24
4.170679e+00 7.326496e-24
4.180296e+00 7.284038e-24
4.189936e+00 7.241815e-24
4.199598e+00 7.199823e-24
4.209282e+00 7.158063e-24
4.218989e+00 7.116533e-24
4.228718e+00 7.075231e-24
4.238470e+00 7.034158e-24
4.248244e+00 6.993310e-24
4.258040e+00 6.952688e-24
4.267859e+00 6.912291e-24
4.277701e+00 6.872116e-24
4.287565e+00 6.832163e-24
4.297452e+00 6.792431e-24
4.307362e+00 6.753036e-24
4.317295e+00 6.713865e-24
4.327251e+00 6.674913e-24
4.337230e+00 6.636176e-24
4.347231e+00 6.597655e-24
4.357256e+00 6.559348e-24
4.367304e+00 6.521254e-24
4.377375e+00 6.483372e-24
4.387469e+00 6.445701e-24
4.397587e+00 6.408240e-24
4.407728e+00 6.370988e-24
4.417892e+00 6.333943e-24
4.428079e+00 6.297107e-24
4.438291e+00 6.260478e-24
4.448525e+00 6.224053e-24
4.458784e+00 6.187831e-24
4.469066e+00 6.151813e-24
4.479371e+00 6.115996e-24
4.489701e+00 6.080379e-24
4.500054e+00 6.044963e-24
4.510431e+00 6.009745e-24
4.520832e+00 5.974725e-24
4.531257e+00 5.939902e-24
4.541707e+00 5.905275e-24
4.552180e+00 5.870842e-24
4.562677e+00 5.836603e-24
4.573199e+00 5.802558e-24
4.583745e+00 5.768704e-24
4.594315e+00 5.735042e-24
4.604909e+00 5.701569e-24
4.615528e+00 5.668286e-24
4.626172e+00 5.635191e-24
4.636840e+00 5.602284e-24
4.647532e+00 5.569562e-24
4.658249e+00 5.537027e-24
4.668991e+00 5.504676e-24
4.679758e+00 5.472509e-24
4.690550e+00 5.440525e-24
4.701366e+00 5.408723e-24
4.712208e+00 5.377101e-24
4.723074e+00 5.345660e-24
4.733965e+00 5.314399e-24
4.744882e+00 5.283316e-24
4.755824e+00 5.252410e-24
4.766791e+00 5.221681e-24
4.777783e+00 5.191128e-24
4.788800e+00 5.160750e-24
4.799843e+00 5.130547e-24
4.810912e+00 5.100516e-24
4.822006e+00 5.070659e-24
4.833126e+00 5.040972e-24
4.844271e+00 5.011457e-24
4.855442e+00 4.982111e-24
4.866638e+00 4.952935e-24
4.877861e+00 4.923927e-24
4.889109e+00 4.895087e-24
4.900384e+00 4.866413e-24
4.911684e+00 4.837905e-24
4.923010e+00 4.809562e-24
4.934363e+00 4.781383e-24
4.945741e+00 4.753368e-24
4.957146e+00 4.725515e-24
4.968578e+00 4.697824e-24
4.980035e+00 4.670294e-24
4.991519e+00 4.642925e-24
5.003030e+00 4.615562e-24
5.014567e+00 4.587936e-24
5.026130e+00 4.560480e-24
5.037721e+00 4.533192e-24
5.049338e+00 4.506070e-24
5.060981e+00 4.479115e-24
5.072652e+00 4.452324e-24
5.084350e+00 4.425698e-24
5.096074e+00 4.399235e-24
5.107826e+00 4.372934e-24
5.119605e+00 4.346795e-24
5.131410e+00 4.320816e-24
5.143243e+00 4.294996e-24
5.155104e+00 4.269335e-24
5.166991e+00 4.243832e-24
5.178907e+00 4.218486e-24
5.190849e+00 4.193295e-24
5.202819e+00 4.168260e-24
5.214817e+00 4.143379e-24
5.226842e+00 4.118651e-24
5.238896e+00 4.094075e-24
5.250977e+00 4.069651e-24
5.263085e+00 4.045377e-24
5.275222e+00 4.021254e-24
5.287387e+00 3.997279e-24
5.299580e+00 3.973452e-24
5.311800e+00 3.949772e-24
5.324049e+00 3.926239e-24
5.336327e+00 3.902852e-24
5.348632e+00 3.879609e-24
5.360966e+00 3.856510e-24
5.373329e+00 3.833554e-24
5.385720e+00 3.810741e-24
5.398139e+00 3.788069e-24
5.410587e+00 3.765538e-24
5.423064e+00 3.743147e-24
5.435570e+00 3.720896e-24
5.448104e+00 3.698783e-24
5.460668e+00 3.676809e-24
5.473260e+00 3.654972e-24
5.485881e+00 3.633271e-24
5.498532e+00 3.611707e-24
5.511212e+00 3.590279e-24
5.523920e+00 3.568985e-24
5.536659e+00 3.547826e-24
5.549426e+00 3.526800e-24
5.562223e+00 3.505909e-24
5.575050e+00 3.485150e-24
5.587906e+00 3.464523e-24
5.600792e+00 3.444029e-24
5.613707e+00 3.423667e-24
5.626652e+00 3.403437e-24
5.639627e+00 3.383337e-24
5.652632e+00 3.363369e-24
5.665668e+00 3.343531e-24
5.678733e+00 3.323824e-24
5.691828e+00 3.304247e-24
5.704953e+00 3.284800e-24
5.718109e+00 3.265484e-24
5.731295e+00 3.246297e-24
5.744511e+00 3.227241e-24
5.757758e+00 3.208315e-24
5.771036e+00 3.189519e-24
5.784344e+00 3.170853e-24
5.797682e+00 3.152317e-24
5.811052e+00 3.133911e-24
5.824452e+00 3.115636e-24
5.837883e+00 3.097491e-24
5.851346e+00 3.079477e-24
5.864839e+00 3.061594e-24
5.878363e+00 3.043841e-24
5.891919e+00 3.026219e-24
5.905506e+00 3.008729e-24
5.919124e+00 2.991369e-24
5.932773e+00 2.974141e-24
5.946454e+00 2.957045e-24
5.960167e+00 2.940079e-24
5.973911e+00 2.923245e-24
5.987687e+00 2.906543e-24
6.001495e+00 2.889968e-24
6.015334e+00 2.873487e-24
6.029206e+00 2.857139e-24
6.043109e+00 2.840923e-24
6.057044e+00 2.824839e-24
6.071012e+00 2.808888e-24
6.085012e+00 2.793067e-24
6.099044e+00 2.777379e-24
6.113108e+00 2.761821e-24
6.127205e+00 2.746394e-24
6.141335e+00 2.731097e-24
6.155496e+00 2.715930e-24
6.169691e+00 2.700893e-24
6.183918e+00 2.685984e-24
6.198179e+00 2.671204e-24
6.212472e+00 2.656552e-24
6.226798e+00 2.642026e-24
6.241157e+00 2.627628e-24
6.255549e+00 2.613354e-24
6.269974e+00 2.599206e-24
6.284433e+00 2.585183e-24
6.298925e+00 2.571282e-24
6.313450e+00 2.557505e-24
6.328009e+00 2.543849e-24
6.342601e+00 2.530314e-24
6.357228e+00 2.516900e-24
6.371887e+00 2.503604e-24
6.386581e+00 2.490427e-24
6.401308e+00 2.477368e-24
6.416070e+00 2.464425e-24
6.430865e+00 2.451597e-24
6.445695e+00 2.438884e-24
6.460559e+00 2.426285e-24
6.475457e+00 2.413798e-24
6.490389e+00 2.401423e-24
6.505356e+00 2.389158e-24
6.520358e+00 2.376991e-24
6.535394e+00 2.364927e-24
6.550464e+00 2.352970e-24
6.565570e+00 2.341119e-24
6.580710e+00 2.329374e-24
6.595885e+00 2.317733e-24
6.611095e+00 2.306196e-24
6.626341e+00 2.294761e-24
6.641621e+00 2.283427e-24
6.656937e+00 2.272194e-24
6.672288e+00 2.261059e-24
6.687674e+00 2.250023e-24
6.703096e+00 2.239056e-24
6.718553e+00 2.228169e-24
6.734046e+00 2.217377e-24
6.749575e+00 2.206679e-24
6.765140e+00 2.196073e-24
6.780740e+00 2.185559e-24
6.796376e+00 2.175136e-24
6.812049e+00 2.164802e-24
6.827758e+00 2.154556e-24
6.843502e+00 2.144398e-24
6.859284e+00 2.134326e-24
6.875101e+00 2.124339e-24
6.890955e+00 2.114435e-24
6.906846e+00 2.104614e-24
6.922773e+00 2.094875e-24
6.938737e+00 2.085216e-24
6.954738e+00 2.075636e-24
6.970775e+00 2.066135e-24
6.986850e+00 2.056710e-24
7.002962e+00 2.047357e-24
7.019111e+00 2.038066e-24
7.035297e+00 2.028848e-24
7.051520e+00 2.019702e-24
7.067781e+00 2.010628e-24
7.084080e+00 2.001625e-24
7.100415e+00 1.992690e-24
7.116789e+00 1.983824e-24
7.133200e+00 1.975024e-24
7.149650e+00 1.966289e-24
7.166137e+00 1.957619e-24
7.182662e+00 1.949013e-24
7.199225e+00 1.940468e-24
7.215827e+00 1.931984e-24
7.232466e+00 1.923560e-24
7.249145e+00 1.915195e-24
7.265861e+00 1.906887e-24
7.282616e+00 1.898636e-24
7.299410e+00 1.890440e-24
7.316243e+00 1.882298e-24
7.333114e+00 1.874210e-24
7.350024e+00 1.866174e-24
7.366973e+00 1.858189e-24
7.383962e+00 1.850254e-24
7.400989e+00 1.842369e-24
7.418056e+00 1.834532e-24
7.435162e+00 1.826743e-24
7.452307e+00 1.819001e-24
7.469493e+00 1.811304e-24
7.486717e+00 1.803653e-24
7.503982e+00 1.796046e-24
7.521286e+00 1.788483e-24
7.538630e+00 1.780963e-24
7.556014e+00 1.773485e-24
7.573438e+00 1.766049e-24
7.590903e+00 1.758655e-24
7.608407e+00 1.751301e-24
7.625953e+00 1.743988e-24
7.643538e+00 1.736715e-24
7.661164e+00 1.729482e-24
7.678831e+00 1.722288e-24
7.696538e+00 1.715133e-24
7.714287e+00 1.708017e-24
7.732076e+00 1.700940e-24
7.749906e+00 1.693902e-24
7.767777e+00 1.686902e-24
7.785690e+00 1.679941e-24
7.803644e+00 1.673019e-24
7.821639e+00 1.666135e-24
7.839676e+00 1.659290e-24
7.857754e+00 1.652485e-24
7.875874e+00 1.645718e-24
7.894036e+00 1.638991e-24
7.912240e+00 1.632304e-24
7.930485e+00 1.625657e-24
7.948773e+00 1.619050e-24
7.967103e+00 1.612484e-24
7.985475e+00 1.605959e-24
8.003890e+00 1.599508e-24
8.022347e+00 1.593218e-24
8.040846e+00 1.586967e-24
8.059389e+00 1.580758e-24
8.077974e+00 1.574589e-24
8.096602e+00 1.568463e-24
8.115272e+00 1.562379e-24
8.133986e+00 1.556337e-24
8.152743e+00 1.550340e-24
8.171544e+00 1.544387e-24
8.190387e+00 1.538478e-24
8.209274e+00 1.532615e-24
8.228205e+00 1.526799e-24
8.247179e+00 1.521029e-24
8.266197e+00 1.515306e-24
8.285259e+00 1.509632e-24
8.304365e+00 1.504006e-24
8.323515e+00 1.498429e-24
8.342709e+00 1.492903e-24
8.361947e+00 1.487427e-24
8.381230e+00 1.482002e-24
8.400557e+00 1.476629e-24
8.419929e+00 1.471308e-24
8.439346e+00 1.466040e-24
8.458807e+00 1.460826e-24
8.478313e+00 1.455666e-24
8.497864e+00 1.450561e-24
8.517460e+00 1.445510e-24
8.537101e+00 1.440516e-24
8.556788e+00 1.435578e-24
8.576520e+00 1.430696e-24
8.596298e+00 1.425873e-24
8.616121e+00 1.421107e-24
8.635989e+00 1.416399e-24
8.655904e+00 1.411750e-24
8.675865e+00 1.407161e-24
8.695871e+00 1.402632e-24
8.715924e+00 1.398164e-24
8.736023e+00 1.393757e-24
8.756168e+00 1.389411e-24
8.776360e+00 1.385128e-24
8.796599e+00 1.380908e-24
8.816884e+00 1.376751e-24
8.837215e+00 1.372659e-24
8.857594e+00 1.368632e-24
8.878020e+00 1.364670e-24
8.898493e+00 1.360775e-24
8.919012e+00 1.356947e-24
8.939580e+00 1.353188e-24
8.960195e+00 1.349498e-24
8.980857e+00 1.345879e-24
9.001567e+00 1.342317e-24
9.022324e+00 1.338663e-24
9.043130e+00 1.335086e-24
9.063984e+00 1.331589e-24
9.084885e+00 1.328173e-24
9.105835e+00 1.324840e-24
9.126833e+00 1.321590e-24
9.147880e+00 1.318426e-24
9.168975e+00 1.315350e-24
9.190118e+00 1.312363e-24
9.211311e+00 1.309468e-24
9.232552e+00 1.306665e-24
9.253843e+00 1.303957e-24
9.275182e+00 1.301346e-24
9.296571e+00 1.298833e-24
9.318009e+00 1.296420e-24
9.339496e+00 1.294105e-24
9.361033e+00 1.291890e-24
9.382620e+00 1.289773e-24
9.404256e+00 1.287753e-24
9.425942e+00 1.285824e-24
9.447679e+00 1.283983e-24
9.469465e+00 1.282220e-24
9.491302e+00 1.280528e-24
9.513189e+00 1.278893e-24
9.535126e+00 1.277300e-24
9.557114e+00 1.275733e-24
9.579153e+00 1.274170e-24
9.601243e+00 1.272591e-24
9.623383e+00 1.270973e-24
9.645575e+00 1.269293e-24
9.667817e+00 1.267530e-24
9.690112e+00 1.265664e-24
9.712457e+00 1.263679e-24
9.734854e+00 1.261565e-24
9.757303e+00 1.259316e-24
9.779803e+00 1.256932e-24
9.802355e+00 1.254418e-24
9.824960e+00 1.251784e-24
9.847616e+00 1.249045e-24
9.870325e+00 1.246228e-24
9.893086e+00 1.243360e-24
9.915899e+00 1.240442e-24
9.938766e+00 1.237492e-24
9.961684e+00 1.234529e-24
9.984656e+00 1.231569e-24
1.000768e+01 1.228634e-24
1.003076e+01 1.225746e-24
1.005389e+01 1.222894e-24
1.007707e+01 1.220088e-24
1.010031e+01 1.217333e-24
1.012360e+01 1.214632e-24
1.014695e+01 1.211999e-24
1.017035e+01 1.209442e-24
1.019380e+01 1.206945e-24
1.021731e+01 1.204508e-24
1.024087e+01 1.202131e-24
1.026448e+01 1.199811e-24
1.028815e+01 1.197549e-24
1.031188e+01 1.195341e-24
1.033566e+01 1.193187e-24
1.035949e+01 1.191084e-24
1.038338e+01 1.189030e-24
1.040732e+01 1.187023e-24
1.043132e+01 1.185061e-24
1.045538e+01 1.183142e-24
1.047949e+01 1.181264e-24
1.050365e+01 1.179425e-24
1.052788e+01 1.177624e-24
1.055215e+01 1.175858e-24
1.057649e+01 1.174125e-24
1.060088e+01 1.172425e-24
1.062532e+01 1.170756e-24
1.064982e+01 1.169115e-24
1.067438e+01 1.167502e-24
1.069900e+01 1.165915e-24
1.072367e+01 1.164353e-24
1.074840e+01 1.162815e-24
1.077318e+01 1.161300e-24
1.079803e+01 1.159805e-24
1.082293e+01 1.158332e-24
1.084789e+01 1.156877e-24
1.087290e+01 1.155441e-24
1.089797e+01 1.154022e-24
1.092311e+01 1.152620e-24
1.094829e+01 1.151233e-24
1.097354e+01 1.149861e-24
1.099885e+01 1.148503e-24
1.102421e+01 1.147158e-24
1.104963e+01 1.145826e-24
1.107511e+01 1.144506e-24
1.110065e+01 1.143196e-24
1.112625e+01 1.141898e-24
1.115191e+01 1.140609e-24
1.117762e+01 1.139329e-24
1.120340e+01 1.138058e-24
1.122923e+01 1.136796e-24
1.125513e+01 1.135540e-24
1.128108e+01 1.134292e-24
1.130710e+01 1.133051e-24
1.133317e+01 1.131815e-24
1.135931e+01 1.130585e-24
1.138550e+01 1.129361e-24
1.141176e+01 1.128141e-24
1.143807e+01 1.126925e-24
1.146445e+01 1.125713e-24
1.149088e+01 1.124505e-24
1.151738e+01 1.123299e-24
1.154394e+01 1.122097e-24
1.157056e+01 1.120896e-24
1.159724e+01 1.119698e-24
1.162399e+01 1.118501e-24
1.165079e+01 1.117306e-24
1.167766e+01 1.116112e-24
1.170459e+01 1.114918e-24
1.173158e+01 1.113725e-24
1.175863e+01 1.112531e-24
1.178575e+01 1.111338e-24
1.181293e+01 1.110144e-24
1.184017e+01 1.108949e-24
1.186747e+01 1.107753e-24
1.189484e+01 1.106556e-24
1.192227e+01 1.105358e-24
1.194976e+01 1.104157e-24
1.197731e+01 1.102955e-24
1.200493e+01 1.101750e-24
1.203262e+01 1.100544e-24
1.206037e+01 1.099334e-24
1.208818e+01 1.098122e-24
1.211605e+01 1.096906e-24
1.214399e+01 1.095688e-24
1.217200e+01 1.094465e-24
1.220006e+01 1.093240e-24
1.222820e+01 1.092011e-24
1.225640e+01 1.090777e-24
1.228466e+01 1.089540e-24
1.231299e+01 1.088299e-24
1.234138e+01 1.087053e-24
1.236984e+01 1.085802e-24
1.239837e+01 1.084547e-24
1.242696e+01 1.083288e-24
1.245561e+01 1.082023e-24
1.248434e+01 1.080753e-24
1.251313e+01 1.079479e-24
1.254198e+01 1.078199e-24
1.257090e+01 1.076914e-24
1.259989e+01 1.075623e-24
1.262895e+01 1.074327e-24
1.265807e+01 1.073025e-24
1.268726e+01 1.071718e-24
1.271652e+01 1.070404e-24
1.274584e+01 1.069085e-24
1.277523e+01 1.067761e-24
1.280469e+01 1.066430e-24
1.283422e+01 1.065093e-24
1.286382e+01 1.063750e-24
1.289348e+01 1.062401e-24
1.292321e+01 1.061046e-24
1.295301e+01 1.059684e-24
1.298288e+01 1.058316e-24
1.301282e+01 1.056942e-24
1.304283e+01 1.055562e-24
1.307291e+01 1.054176e-24
1.310305e+01 1.052783e-24
1.313327e+01 1.051383e-24
1.316355e+01 1.049978e-24
1.319391e+01 1.048566e-24
1.322433e+01 1.047147e-24
1.325483e+01 1.045722e-24
1.328539e+01 1.044291e-24
1.331603e+01 1.042853e-24
1.334674e+01 1.041409e-24
1.337752e+01 1.039959e-24
1.340836e+01 1.038502e-24
1.343928e+01 1.037040e-24
1.347027e+01 1.035570e-24
1.350134e+01 1.034095e-24
1.353247e+01 1.032613e-24
1.356368e+01 1.031125e-24
1.359496e+01 1.029631e-24
1.362631e+01 1.028131e-24
1.365773e+01 1.026625e-24
1.368922e+01 1.025113e-24
1.372079e+01 1.023595e-24
1.375243e+01 1.022071e-24
1.378414e+01 1.020541e-24
1.381593e+01 1.019006e-24
1.384779e+01 1.017465e-24
1.387972e+01 1.015918e-24
1.391173e+01 1.014366e-24
1.394381e+01 1.012808e-24
1.397596e+01 1.011245e-24
1.400819e+01 1.009677e-24
1.404050e+01 1.008103e-24
1.407287e+01 1.006525e-24
1.410533e+01 1.004941e-24
1.413785e+01 1.003353e-24
1.417045e+01 1.001760e-24
1.420313e+01 1.000162e-24
1.423588e+01 9.985592e-25
1.426871e+01 9.969522e-25
1.430162e+01 9.953409e-25
1.433460e+01 9.937253e-25
1.436765e+01 9.921057e-25
1.440078e+01 9.904820e-25
1.443399e+01 9.888546e-25
1.446728e+01 9.872233e-25
1.450064e+01 9.855885e-25
1.453408e+01 9.839503e-25
1.456759e+01 9.823087e-25
1.460119e+01 9.806639e-25
1.463486e+01 9.790162e-25
1.466860e+01 9.773655e-25
1.470243e+01 9.757121e-25
1.473633e+01 9.740562e-25
1.477032e+01 9.723978e-25
1.480438e+01 9.707371e-25
1.483852e+01 9.690744e-25
1.487273e+01 9.674097e-25
1.490703e+01 9.657433e-25
1.494141e+01 9.640753e-25
1.497586e+01 9.624058e-25
1.501040e+01 9.607351e-25
1.504501e+01 9.590634e-25
1.507970e+01 9.573908e-25
1.511448e+01 9.557174e-25
1.514933e+01 9.540436e-25
1.518427e+01 9.523694e-25
1.521928e+01 9.506950e-25
1.525438e+01 9.490208e-25
1.528955e+01 9.473468e-25
1.532481e+01 9.456732e-25
1.536015e+01 9.440003e-25
1.539557e+01 9.423282e-25
1.543107e+01 9.406572e-25
1.546666e+01 9.389875e-25
1.550232e+01 9.373192e-25
1.553807e+01 9.356526e-25
1.557390e+01 9.339879e-25
1.560982e+01 9.323254e-25
1.564581e+01 9.306651e-25
1.568189e+01 9.290074e-25
1.571805e+01 9.273525e-25
1.575430e+01 9.257005e-25
1.579063e+01 9.240518e-25
1.582704e+01 9.224065e-25
1.586354e+01 9.207649e-25
1.590012e+01 9.191271e-25
1.593679e+01 9.174935e-25
1.597354e+01 9.158642e-25
1.601037e+01 9.142396e-25
1.604729e+01 9.126197e-25
1.608430e+01 9.110049e-25
1.612139e+01 9.093954e-25
1.615857e+01 9.077914e-25
1.619583e+01 9.061931e-25
1.623317e+01 9.046009e-25
1.627061e+01 9.030149e-25
1.630813e+01 9.014353e-25
1.634574e+01 8.998625e-25
1.638343e+01 8.982966e-25
1.642121e+01 8.967379e-25
1.645908e+01 8.951867e-25
1.649703e+01 8.936430e-25
1.653507e+01 8.921073e-25
1.657320e+01 8.905798e-25
1.661142e+01 8.890606e-25
1.664973e+01 8.875500e-25
1.668812e+01 8.860483e-25
1.672661e+01 8.845557e-25
1.676518e+01 8.830723e-25
1.680384e+01 8.815986e-25
1.684259e+01 8.801346e-25
1.688143e+01 8.786806e-25
1.692035e+01 8.772369e-25
1.695937e+01 8.758036e-25
1.699848e+01 8.743810e-25
1.703768e+01 8.729693e-25
1.707697e+01 8.715688e-25
1.711635e+01 8.701795e-25
1.715582e+01 8.688019e-25
1.719538e+01 8.674360e-25
1.723503e+01 8.660821e-25
1.727478e+01 8.647404e-25
1.731461e+01 8.634111e-25
1.735454e+01 8.620944e-25
1.739456e+01 8.607905e-25
1.743467e+01 8.594995e-25
1.747488e+01 8.582218e-25
1.751517e+01 8.569573e-25
1.755556e+01 8.557064e-25
1.759605e+01 8.544692e-25
1.763662e+01 8.532459e-25
1.767729e+01 8.520367e-25
1.771806e+01 8.508416e-25
1.775892e+01 8.496610e-25
1.779987e+01 8.484948e-25
1.784092e+01 8.473434e-25
1.788206e+01 8.462068e-25
1.792329e+01 8.450851e-25
1.796462e+01 8.439785e-25
1.800605e+01 8.428872e-25
1.804757e+01 8.418112e-25
1.808919e+01 8.407507e-25
1.813090e+01 8.397058e-25
1.817271e+01 8.386765e-25
1.821462e+01 8.376631e-25
1.825662e+01 8.366656e-25
1.829872e+01 8.356841e-25
1.834092e+01 8.347186e-25
1.838322e+01 8.337694e-25
1.842561e+01 8.328363e-25
1.846810e+01 8.319196e-25
1.851068e+01 8.310193e-25
1.855337e+01 8.301354e-25
1.859615e+01 8.292681e-25
1.863904e+01 8.284173e-25
1.868202e+01 8.275831e-25
1.872510e+01 8.267655e-25
1.876828e+01 8.259646e-25
1.881156e+01 8.251805e-25
1.885494e+01 8.244131e-25
1.889842e+01 8.236624e-25
1.894200e+01 8.229285e-25
1.898568e+01 8.222114e-25
1.902946e+01 8.215112e-25
1.907334e+01 8.208277e-25
1.911733e+01 8.201610e-25
1.916141e+01 8.195111e-25
1.920560e+01 8.188780e-25
1.924989e+01 8.182616e-25
1.929428e+01 8.176620e-25
1.933877e+01 8.170791e-25
1.938336e+01 8.165128e-25
1.942806e+01 8.159632e-25
1.947286e+01 8.154302e-25
1.951777e+01 8.149137e-25
1.956278e+01 8.144137e-25
1.960789e+01 8.139301e-25
1.965310e+01 8.134628e-25
1.969842e+01 8.130118e-25
1.974385e+01 8.125770e-25
1.978938e+01 8.121583e-25
1.983501e+01 8.117557e-25
1.988075e+01 8.113689e-25
1.992660e+01 8.109979e-25
1.997255e+01 8.106425e-25
2.001861e+01 8.103029e-25
2.006477e+01 8.099788e-25
2.011104e+01 8.096700e-25
2.015741e+01 8.093763e-25
2.020390e+01 8.090976e-25
2.025049e+01 8.088336e-25
2.029719e+01 8.085841e-25
2.034399e+01 8.083491e-25
2.039090e+01 8.081282e-25
2.043793e+01 8.079213e-25
2.048506e+01 8.077280e-25
2.053229e+01 8.075483e-25
2.057964e+01 8.073818e-25
2.062710e+01 8.072283e-25
2.067466e+01 8.070875e-25
2.072234e+01 8.069590e-25
2.077013e+01 8.068427e-25
2.081802e+01 8.067381e-25
2.086603e+01 8.066450e-25
2.091415e+01 8.065631e-25
2.096237e+01 8.064918e-25
2.101071e+01 8.064310e-25
2.105916e+01 8.063802e-25
2.110773e+01 8.063391e-25
2.115640e+01 8.063071e-25
2.120519e+01 8.062840e-25
2.125409e+01 8.062693e-25
2.130310e+01 8.062625e-25
2.135223e+01 8.062632e-25
2.140146e+01 8.062709e-25
2.145082e+01 8.062852e-25
2.150028e+01 8.063056e-25
2.154986e+01 8.063316e-25
2.159956e+01 8.063627e-25
2.164936e+01 8.063983e-25
2.169929e+01 8.064380e-25
2.174933e+01 8.064813e-25
2.179948e+01 8.065275e-25
2.184975e+01 8.065762e-25
2.190014e+01 8.066269e-25
2.195064e+01 8.066789e-25
2.200126e+01 8.067318e-25
2.205199e+01 8.067849e-25
2.210284e+01 8.068377e-25
2.215381e+01 8.068897e-25
2.220490e+01 8.069403e-25
2.225610e+01 8.069889e-25
2.230743e+01 8.070350e-25
2.235887e+01 8.070780e-25
2.241043e+01 8.071174e-25
2.246211e+01 8.071526e-25
2.251390e+01 8.071831e-25
2.256582e+01 8.072083e-25
2.261786e+01 8.072277e-25
2.267002e+01 8.072407e-25
2.272229e+01 8.072469e-25
2.277469e+01 8.072457e-25
2.282721e+01 8.072366e-25
2.287985e+01 8.072191e-25
2.293261e+01 8.071928e-25
2.298549e+01 8.071571e-25
2.303850e+01 8.071116e-25
2.309162e+01 8.070559e-25
2.314487e+01 8.069894e-25
2.319825e+01 8.069118e-25
2.325174e+01 8.068227e-25
2.330536e+01 8.067216e-25
2.335910e+01 8.066082e-25
2.341297e+01 8.064821e-25
2.346696e+01 8.063429e-25
2.352107e+01 8.061903e-25
2.357531e+01 8.060240e-25
2.362968e+01 8.058436e-25
2.368417e+01 8.056490e-25
2.373878e+01 8.054397e-25
2.379353e+01 8.052155e-25
2.384839e+01 8.049763e-25
2.390339e+01 8.047217e-25
2.395851e+01 8.044516e-25
2.401376e+01 8.041657e-25
2.406914e+01 8.038639e-25
2.412464e+01 8.035460e-25
2.418027e+01 8.032119e-25
2.423603e+01 8.028615e-25
2.429192e+01 8.024945e-25
2.434794e+01 8.021111e-25
2.440408e+01 8.017110e-25
2.446036e+01 8.012942e-25
2.451676e+01 8.008606e-25
2.457330e+01 8.004103e-25
2.462997e+01 7.999431e-25
2.468676e+01 7.994592e-25
2.474369e+01 7.989585e-25
2.480075e+01 7.984409e-25
2.485794e+01 7.979067e-25
2.491526e+01 7.973558e-25
2.497272e+01 7.967882e-25
2.503031e+01 7.962042e-25
2.508803e+01 7.956036e-25
2.514588e+01 7.949867e-25
2.520387e+01 7.943536e-25
2.526199e+01 7.937044e-25
2.532024e+01 7.930391e-25
2.537863e+01 7.923580e-25
2.543715e+01 7.916612e-25
2.549581e+01 7.909489e-25
2.555460e+01 7.902212e-25
2.561353e+01 7.894784e-25
2.567260e+01 7.887205e-25
2.573180e+01 7.879478e-25
2.579114e+01 7.871605e-25
2.585061e+01 7.863588e-25
2.591022e+01 7.855429e-25
2.596997e+01 7.847130e-25
2.602986e+01 7.838694e-25
2.608988e+01 7.830122e-25
2.615005e+01 7.821418e-25
2.621035e+01 7.812583e-25
2.627079e+01 7.803620e-25
2.633137e+01 7.794531e-25
2.639209e+01 7.785319e-25
2.645295e+01 7.775986e-25
2.651395e+01 7.766536e-25
2.657509e+01 7.756969e-25
2.663638e+01 7.747289e-25
2.669780e+01 7.737499e-25
2.675937e+01 7.727601e-25
2.682107e+01 7.717598e-25
2.688292e+01 7.707492e-25
2.694492e+01 7.697286e-25
2.700705e+01 7.686982e-25
2.706933e+01 7.676584e-25
2.713175e+01 7.666093e-25
2.719432e+01 7.655512e-25
2.725703e+01 7.644845e-25
2.731988e+01 7.634093e-25
2.738288e+01 7.623259e-25
2.744603e+01 7.612346e-25
2.750932e+01 7.601356e-25
2.757275e+01 7.590291e-25
2.763634e+01 7.579155e-25
2.770007e+01 7.567950e-25
2.776394e+01 7.556677e-25
2.782797e+01 7.545341e-25
2.789214e+01 7.533942e-25
2.795646e+01 7.522484e-25
2.802093e+01 7.510968e-25
2.808554e+01 7.499398e-25
2.815031e+01 7.487775e-25
2.821522e+01 7.476102e-25
2.828029e+01 7.464381e-25
2.834550e+01 7.452614e-25
2.841087e+01 7.440803e-25
2.847638e+01 7.428951e-25
2.854205e+01 7.417060e-25
2.860787e+01 7.405131e-25
2.867384e+01 7.393168e-25
2.873996e+01 7.381171e-25
2.880623e+01 7.369143e-25
2.887266e+01 7.357086e-25
2.893924e+01 7.345002e-25
2.900598e+01 7.332892e-25
2.907286e+01 7.320759e-25
2.913991e+01 7.308605e-25
2.920710e+01 7.296430e-25
2.927446e+01 7.284238e-25
2.934196e+01 7.272029e-25
2.940963e+01 7.259805e-25
2.947744e+01 7.247569e-25
2.954542e+01 7.235321e-25
2.961355e+01 7.223063e-25
2.968184e+01 7.210797e-25
2.975029e+01 7.198525e-25
2.981889e+01 7.186247e-25
2.988765e+01 7.173965e-25
2.995658e+01 7.161681e-25
3.002566e+01 7.149397e-25
3.009489e+01 7.137114e-25
3.016429e+01 7.124833e-25
3.023385e+01 7.112555e-25
3.030357e+01 7.100281e-25
3.037345e+01 7.088013e-25
3.044349e+01 7.075752e-25
3.051370e+01 7.063498e-25
3.058406e+01 7.051253e-25
3.065459e+01 7.039019e-25
3.072528e+01 7.026796e-25
3.079613e+01 7.014585e-25
3.086715e+01 7.002388e-25
3.093833e+01 6.990205e-25
3.100967e+01 6.978038e-25
3.108118e+01 6.965886e-25
3.115285e+01 6.953752e-25
3.122469e+01 6.941636e-25
3.129670e+01 6.929539e-25
3.136887e+01 6.917462e-25
3.144120e+01 6.905405e-25
3.151371e+01 6.893370e-25
3.158638e+01 6.881358e-25
3.165922e+01 6.869368e-25
3.173222e+01 6.857402e-25
3.180540e+01 6.845460e-25
3.187874e+01 6.833543e-25
3.195225e+01 6.821652e-25
3.202594e+01 6.809788e-25
3.209979e+01 6.797951e-25
3.217381e+01 6.786141e-25
3.224800e+01 6.774359e-25
3.232237e+01 6.762606e-25
3.239690e+01 6.750883e-25
3.247161e+01 6.739189e-25
3.254649e+01 6.727526e-25
3.262154e+01 6.715893e-25
3.269677e+01 6.704292e-25
3.277217e+01 6.692722e-25
3.284774e+01 6.681185e-25
3.292349e+01 6.669680e-25
3.299941e+01 6.658208e-25
3.307551e+01 6.646770e-25
3.315178e+01 6.635365e-25
3.322823e+01 6.623994e-25
3.330485e+01 6.612658e-25
3.338165e+01 6.601357e-25
3.345863e+01 6.590090e-25
3.353579e+01 6.578859e-25
3.361312e+01 6.567664e-25
3.369063e+01 6.556504e-25
3.376832e+01 6.545381e-25
3.384619e+01 6.534294e-25
3.392424e+01 6.523243e-25
3.400247e+01 6.512230e-25
3.408088e+01 6.501253e-25
3.415947e+01 6.490314e-25
3.423825e+01 6.479413e-25
3.431720e+01 6.468549e-25
3.439634e+01 6.457722e-25
3.447565e+01 6.446934e-25
3.455515e+01 6.436184e-25
3.463484e+01 6.425472e-25
3.471471e+01 6.414798e-25
3.479476e+01 6.404163e-25
3.487500e+01 6.393566e-25
3.495542e+01 6.383008e-25
3.503603e+01 6.372489e-25
3.511682e+01 6.362009e-25
3.519780e+01 6.351567e-25
3.527897e+01 6.341165e-25
3.536032e+01 6.330801e-25
3.544186e+01 6.320477e-25
3.552359e+01 6.310192e-25
3.560551e+01 6.299946e-25
3.568761e+01 6.289739e-25
3.576991e+01 6.279571e-25
3.585240e+01 6.269442e-25
3.593507e+01 6.259353e-25
3.601794e+01 6.249303e-25
3.610100e+01 6.239292e-25
3.618424e+01 6.229320e-25
3.626769e+01 6.219388e-25
3.635132e+01 6.209495e-25
3.643515e+01 6.199641e-25
3.651917e+01 6.189826e-25
3.660338e+01 6.180050e-25
3.668779e+01 6.170313e-25
3.677239e+01 6.160615e-25
3.685719e+01 6.150956e-25
3.694218e+01 6.141335e-25
3.702737e+01 6.131754e-25
3.711275e+01 6.122212e-25
3.719834e+01 6.112708e-25
3.728412e+01 6.103242e-25
3.737009e+01 6.093816e-25
3.745627e+01 6.084427e-25
3.754264e+01 6.075077e-25
3.762922e+01 6.065766e-25
3.771599e+01 6.056492e-25
3.780296e+01 6.047257e-25
3.789014e+01 6.038060e-25
3.797751e+01 6.028900e-25
3.806509e+01 6.019778e-25
3.815287e+01 6.010694e-25
3.824085e+01 6.001648e-25
3.832903e+01 5.992639e-25
3.841742e+01 5.983668e-25
3.850601e+01 5.974733e-25
3.859480e+01 5.965836e-25
3.868380e+01 5.956976e-25
3.877301e+01 5.948153e-25
3.886242e+01 5.939367e-25
3.895204e+01 5.930617e-25
3.904186e+01 5.921904e-25
3.913189e+01 5.913228e-25
3.922213e+01 5.904588e-25
3.931258e+01 5.895984e-25
3.940323e+01 5.887417e-25
3.949410e+01 5.878887e-25
3.958517e+01 5.870394e-25
3.967645e+01 5.861940e-25
3.976795e+01 5.853529e-25
3.985965e+01 5.845175e-25
3.995157e+01 5.836962e-25
4.004370e+01 5.830792e-25
4.013604e+01 5.821262e-25
4.022859e+01 5.812064e-25
4.032136e+01 5.803760e-25
4.041434e+01 5.795561e-25
4.050754e+01 5.787413e-25
4.060095e+01 5.779305e-25
4.069457e+01 5.771234e-25
4.078842e+01 5.763199e-25
4.088247e+01 5.755199e-25
4.097675e+01 5.747233e-25
4.107124e+01 5.739301e-25
4.116595e+01 5.731403e-25
4.126088e+01 5.723538e-25
4.135603e+01 5.715707e-25
4.145140e+01 5.707909e-25
4.154698e+01 5.700145e-25
4.164279e+01 5.692414e-25
4.173882e+01 5.684715e-25
4.183507e+01 5.677050e-25
4.193154e+01 5.669417e-25
4.202824e+01 5.661816e-25
4.212516e+01 5.654248e-25
4.222230e+01 5.646712e-25
4.231966e+01 5.639209e-25
4.241725e+01 5.631737e-25
4.251507e+01 5.624297e-25
4.261311e+01 5.616889e-25
4.271137e+01 5.609513e-25
4.280986e+01 5.602168e-25
4.290858e+01 5.594855e-25
4.300753e+01 5.587573e-25
4.310671e+01 5.580322e-25
4.320611e+01 5.573102e-25
4.330575e+01 5.565913e-25
4.340561e+01 5.558755e-25
4.350570e+01 5.551628e-25
4.360603e+01 5.544532e-25
4.370658e+01 5.537466e-25
4.380737e+01 5.530430e-25
4.390839e+01 5.523425e-25
4.400964e+01 5.516451e-25
4.411113e+01 5.509506e-25
4.421285e+01 5.502592e-25
4.431481e+01 5.495707e-25
4.441700e+01 5.488853e-25
4.451942e+01 5.482028e-25
4.462208e+01 5.475234e-25
4.472498e+01 5.468469e-25
4.482812e+01 5.461734e-25
4.493149e+01 5.455028e-25
4.503511e+01 5.448352e-25
4.513896e+01 5.441706e-25
4.524305e+01 5.435089e-25
4.534738e+01 5.428501e-25
4.545195e+01 5.421943e-25
4.555676e+01 5.415414e-25
4.566182e+01 5.408915e-25
4.576711e+01 5.402445e-25
4.587265e+01 5.396004e-25
4.597843e+01 5.389593e-25
4.608446e+01 5.383211e-25
4.619073e+01 5.376858e-25
4.629725e+01 5.370534e-25
4.640401e+01 5.364240e-25
4.651102e+01 5.357975e-25
4.661827e+01 5.351740e-25
4.672578e+01 5.345534e-25
4.683353e+01 5.339357e-25
4.694152e+01 5.333210e-25
4.704977e+01 5.327093e-25
4.715827e+01 5.321005e-25
4.726702e+01 5.314946e-25
4.737601e+01 5.308918e-25
4.748526e+01 5.302919e-25
4.759476e+01 5.296951e-25
4.770452e+01 5.291012e-25
4.781453e+01 5.285104e-25
4.792479e+01 5.279226e-25
4.803530e+01 5.273379e-25
4.814607e+01 5.267562e-25
4.825710e+01 5.261776e-25
4.836838e+01 5.256022e-25
4.847992e+01 5.250298e-25
4.859171e+01 5.244606e-25
4.870376e+01 5.238945e-25
4.881607e+01 5.233316e-25
4.892864e+01 5.227720e-25
4.904147e+01 5.222156e-25
4.915456e+01 5.216624e-25
4.926792e+01 5.211126e-25
4.938153e+01 5.205660e-25
4.949540e+01 5.200229e-25
4.960954e+01 5.194831e-25
4.972394e+01 5.189468e-25
4.983860e+01 5.184139e-25
4.995353e+01 5.178846e-25
5.006872e+01 5.173309e-25
5.018418e+01 5.167608e-25
5.029991e+01 5.161928e-25
5.041590e+01 5.156269e-25
5.053216e+01 5.150631e-25
5.064869e+01 5.145014e-25
5.076548e+01 5.139418e-25
5.088255e+01 5.133842e-25
5.099988e+01 5.128288e-25
5.111749e+01 5.122753e-25
5.123537e+01 5.117239e-25
5.135352e+01 5.111745e-25
5.147194e+01 5.106271e-25
5.159063e+01 5.100817e-25
5.170960e+01 5.095383e-25
5.182884e+01 5.089969e-25
5.194836e+01 5.084574e-25
5.206816e+01 5.079199e-25
5.218822e+01 5.073843e-25
5.230857e+01 5.068507e-25
5.242920e+01 5.063189e-25
5.255010e+01 5.057891e-25
5.267128e+01 5.052612e-25
5.279274e+01 5.047351e-25
5.291448e+01 5.042109e-25
5.303650e+01 5.036886e-25
5.315880e+01 5.031682e-25
5.328139e+01 5.026495e-25
5.340425e+01 5.021327e-25
5.352741e+01 5.016177e-25
5.365084e+01 5.011045e-25
5.377456e+01 5.005932e-25
5.389856e+01 5.000836e-25
5.402285e+01 4.995757e-25
5.414743e+01 4.990697e-25
5.427230e+01 4.985653e-25
5.439745e+01 4.980628e-25
5.452289e+01 4.975619e-25
5.464862e+01 4.970628e-25
5.477464e+01 4.965654e-25
5.490095e+01 4.960697e-25
5.502755e+01 4.955757e-25
5.515445e+01 4.950834e-25
5.528163e+01 4.945927e-25
5.540911e+01 4.941037e-25
5.553689e+01 4.936164e-25
5.566495e+01 4.931307e-25
5.579332e+01 4.926466e-25
5.592198e+01 4.921642e-25
5.605093e+01 4.916833e-25
5.618019e+01 4.912041e-25
5.630974e+01 4.907264e-25
5.643959e+01 4.902502e-25
5.656974e+01 4.897760e-25
5.670019e+01 4.893031e-25
5.683094e+01 4.888318e-25
5.696200e+01 4.883620e-25
5.709335e+01 4.878938e-25
5.722501e+01 4.874272e-25
5.735697e+01 4.869624e-25
5.748923e+01 4.865000e-25
5.762181e+01 4.860457e-25
5.775468e+01 4.857225e-25
5.788786e+01 4.851207e-25
5.802135e+01 4.846592e-25
5.815515e+01 4.842020e-25
5.828926e+01 4.837469e-25
5.842367e+01 4.832933e-25
5.855840e+01 4.828413e-25
5.869344e+01 4.823907e-25
5.882878e+01 4.819415e-25
5.896444e+01 4.814938e-25
5.910041e+01 4.810475e-25
5.923670e+01 4.806025e-25
5.937330e+01 4.801590e-25
5.951022e+01 4.797168e-25
5.964745e+01 4.792761e-25
5.978500e+01 4.788367e-25
5.992286e+01 4.783986e-25
6.006104e+01 4.779619e-25
6.019954e+01 4.775265e-25
6.033836e+01 4.770925e-25
6.047750e+01 4.766598e-25
6.061697e+01 4.762284e-25
6.075675e+01 4.757983e-25
6.089686e+01 4.753695e-25
6.103728e+01 4.749420e-25
6.117804e+01 4.745158e-25
6.131911e+01 4.740909e-25
6.146052e+01 4.736672e-25
6.160224e+01 4.732448e-25
6.174430e+01 4.728237e-25
6.188668e+01 4.724038e-25
6.202939e+01 4.719852e-25
6.217243e+01 4.715678e-25
6.231580e+01 4.711516e-25
6.245950e+01 4.707366e-25
6.260354e+01 4.703229e-25
6.274790e+01 4.699104e-25
6.289260e+01 4.694990e-25
6.303763e+01 4.690889e-25
6.318299e+01 4.686799e-25
6.332869e+01 4.682721e-25
6.347473e+01 4.678655e-25
6.362110e+01 4.674601e-25
6.376781e+01 4.670558e-25
6.391486e+01 4.666527e-25
6.406225e+01 4.662507e-25
6.420998e+01 4.658499e-25
6.435805e+01 4.654502e-25
6.450646e+01 4.650516e-25
6.465521e+01 4.646542e-25
6.480431e+01 4.642579e-25
6.495375e+01 4.638627e-25
6.510353e+01 4.634685e-25
6.525366e+01 4.630755e-25
6.540413e+01 4.626836e-25
6.555496e+01 4.622928e-25
6.570613e+01 4.619030e-25
6.585765e+01 4.615143e-25
6.600951e+01 4.611267e-25
6.616173e+01 4.607402e-25
6.631430e+01 4.603547e-25
6.646722e+01 4.599702e-25
6.662050e+01 4.595868e-25
6.677412e+01 4.592045e-25
6.692811e+01 4.588231e-25
6.708244e+01 4.584429e-25
6.723714e+01 4.580636e-25
6.739218e+01 4.576853e-25
6.754759e+01 4.573081e-25
6.770336e+01 4.569319e-25
6.785948e+01 4.565567e-25
6.801597e+01 4.561824e-25
6.817281e+01 4.558092e-25
6.833002e+01 4.554370e-25
6.848759e+01 4.550657e-25
6.864552e+01 4.546954e-25
6.880382e+01 4.543261e-25
6.896248e+01 4.539578e-25
6.912151e+01 4.535904e-25
6.928090e+01 4.532240e-25
6.944067e+01 4.528585e-25
6.960080e+01 4.524940e-25
6.976130e+01 4.521304e-25
6.992217e+01 4.517678e-25
7.008341e+01 4.514061e-25
7.024502e+01 4.510453e-25
7.040701e+01 4.506855e-25
7.056936e+01 4.503266e-25
7.073210e+01 4.499686e-25
7.089521e+01 4.496115e-25
7.105869e+01 4.492553e-25
7.122255e+01 4.489000e-25
7.138679e+01 4.485457e-25
7.155141e+01 4.481922e-25
7.171641e+01 4.478396e-25
7.188179e+01 4.474879e-25
7.204755e+01 4.471371e-25
7.221369e+01 4.467872e-25
7.238022e+01 4.464381e-25
7.254713e+01 4.460899e-25
7.271442e+01 4.457426e-25
7.288210e+01 4.453962e-25
7.305017e+01 4.450506e-25
7.321862e+01 4.447058e-25
7.338746e+01 4.443620e-25
7.355669e+01 4.440189e-25
7.372632e+01 4.436767e-25
7.389633e+01 4.433354e-25
7.406674e+01 4.429949e-25
7.423753e+01 4.426552e-25
7.440873e+01 4.423164e-25
7.458031e+01 4.419784e-25
7.475230e+01 4.416412e-25
7.492468e+01 4.413048e-25
7.509745e+01 4.409693e-25
7.527063e+01 4.406345e-25
7.544420e+01 4.403006e-25
7.561818e+01 4.399675e-25
7.579255e+01 4.396352e-25
7.596733e+01 4.393036e-25
7.614251e+01 4.389729e-25
7.631810e+01 4.386430e-25
7.649409e+01 4.383139e-25
7.667048e+01 4.379855e-25
7.684729e+01 4.376580e-25
7.702450e+01 4.373312e-25
7.720212e+01 4.370052e-25
7.738015e+01 4.366800e-25
7.755858e+01 4.363555e-25
7.773744e+01 4.360319e-25
7.791670e+01 4.357089e-25
7.809638e+01 4.353868e-25
7.827647e+01 4.350654e-25
7.845697e+01 4.347448e-25
7.863789e+01 4.344249e-25
7.881923e+01 4.341058e-25
7.900099e+01 4.337874e-25
7.918317e+01 4.334698e-25
7.936577e+01 4.331529e-25
7.954878e+01 4.328368e-25
7.973222e+01 4.325213e-25
7.991609e+01 4.322067e-25
8.010037e+01 4.318927e-25
8.028509e+01 4.315795e-25
8.047022e+01 4.312671e-25
8.065579e+01 4.309553e-25
8.084178e+01 4.306443e-25
8.102820e+01 4.303340e-25
8.121506e+01 4.300244e-25
8.140234e+01 4.297155e-25
8.159005e+01 4.294073e-25
8.177820e+01 4.290999e-25
8.196678e+01 4.287931e-25
8.215580e+01 4.284871e-25
8.234525e+01 4.281818e-25
8.253514e+01 4.278771e-25
8.272546e+01 4.275732e-25
8.291623e+01 4.272699e-25
8.310744e+01 4.269674e-25
8.329908e+01 4.266655e-25
8.349117e+01 4.263643e-25
8.368370e+01 4.260638e-25
8.387668e+01 4.257640e-25
8.407010e+01 4.254649e-25
8.426396e+01 4.251664e-25
8.445828e+01 4.248687e-25
8.465304e+01 4.245715e-25
8.484825e+01 4.242751e-25
8.504391e+01 4.239794e-25
8.524002e+01 4.236843e-25
8.543659e+01 4.233898e-25
8.563360e+01 4.230961e-25
8.583107e+01 4.228029e-25
8.602900e+01 4.225105e-25
8.622738e+01 4.222187e-25
8.642623e+01 4.219276e-25
8.662553e+01 4.216371e-25
8.682528e+01 4.213472e-25
8.702550e+01 4.210580e-25
8.722619e+01 4.207695e-25
8.742733e+01 4.204816e-25
8.762894e+01 4.201943e-25
8.783101e+01 4.199077e-25
8.803355e+01 4.196217e-25
8.823656e+01 4.193364e-25
8.844003e+01 4.190517e-25
8.864397e+01 4.187676e-25
8.884839e+01 4.184841e-25
8.905327e+01 4.182013e-25
8.925863e+01 4.179191e-25
8.946446e+01 4.176375e-25
8.967077e+01 4.173565e-25
8.987755e+01 4.170762e-25
9.008481e+01 4.167965e-25
9.029254e+01 4.165174e-25
9.050076e+01 4.162389e-25
9.070945e+01 4.159610e-25
9.091863e+01 4.156837e-25
9.112829e+01 4.154071e-25
9.133843e+01 4.151310e-25
9.154906e+01 4.148556e-25
9.176017e+01 4.145807e-25
9.197177e+01 4.143065e-25
9.218386e+01 4.140329e-25
9.239644e+01 4.137598e-25
9.260950e+01 4.134874e-25
9.282306e+01 4.132155e-25
9.303711e+01 4.129443e-25
9.325166e+01 4.126736e-25
9.346669e+01 4.124035e-25
9.368223e+01 4.121340e-25
9.389826e+01 4.118651e-25
9.411479e+01 4.115968e-25
9.433182e+01 4.113291e-25
9.454935e+01 4.110619e-25
9.476738e+01 4.107954e-25
9.498592e+01 4.105294e-25
9.520496e+01 4.102640e-25
9.542450e+01 4.099991e-25
9.564455e+01 4.097349e-25
9.586511e+01 4.094712e-25
9.608617e+01 4.092081e-25
9.630775e+01 4.089455e-25
9.652983e+01 4.086835e-25
9.675243e+01 4.084221e-25
9.697554e+01 4.081613e-25
9.719917e+01 4.079010e-25
9.742331e+01 4.076413e-25
9.764797e+01 4.073821e-25
9.787315e+01 4.071236e-25
9.809884e+01 4.068655e-25
9.832506e+01 4.066080e-25
9.855180e+01 4.063511e-25
9.877906e+01 4.060948e-25
9.900685e+01 4.058390e-25
9.923516e+01 4.055837e-25
9.946399e+01 4.053290e-25
9.969336e+01 4.050749e-25
9.992325e+01 4.048213e-25
1.001537e+02 4.045682e-25
1.003846e+02 4.043157e-25
1.006161e+02 4.040637e-25
1.008481e+02 4.038123e-25
1.010807e+02 4.035615e-25
1.013138e+02 4.033111e-25
1.015474e+02 4.030613e-25
1.017816e+02 4.028121e-25
1.020163e+02 4.025634e-25
1.022515e+02 4.023152e-25
1.024873e+02 4.020676e-25
1.027237e+02 4.018205e-25
1.029606e+02 4.015739e-25
1.031980e+02 4.013279e-25
1.034360e+02 4.010824e-25
1.036745e+02 4.008374e-25
1.039136e+02 4.005930e-25
1.041532e+02 4.003491e-25
1.043934e+02 4.001057e-25
1.046341e+02 3.998629e-25
1.048754e+02 3.996206e-25
1.051172e+02 3.993788e-25
1.053596e+02 3.991375e-25
1.056026e+02 3.988968e-25
1.058461e+02 3.986566e-25
1.060902e+02 3.984169e-25
1.063348e+02 3.981777e-25
1.065800e+02 3.979391e-25
1.068258e+02 3.977009e-25
1.070722e+02 3.974633e-25
1.073191e+02 3.972262e-25
1.075665e+02 3.969896e-25
1.078146e+02 3.967536e-25
1.080632e+02 3.965180e-25
1.083124e+02 3.962830e-25
1.085622e+02 3.960485e-25
1.088125e+02 3.958145e-25
1.090634e+02 3.955810e-25
1.093149e+02 3.953480e-25
1.095670e+02 3.951156e-25
1.098197e+02 3.948836e-25
1.100729e+02 3.946522e-25
1.103268e+02 3.944212e-25
1.105812e+02 3.941908e-25
1.108362e+02 3.939609e-25
1.110918e+02 3.937315e-25
1.113480e+02 3.935026e-25
1.116047e+02 3.932742e-25
1.118621e+02 3.930463e-25
1.121200e+02 3.928189e-25
1.123786e+02 3.925920e-25
1.126377e+02 3.923656e-25
1.128975e+02 3.921397e-25
1.131578e+02 3.919143e-25
1.134188e+02 3.916894e-25
1.136803e+02 3.914650e-25
1.139425e+02 3.912412e-25
1.142052e+02 3.910178e-25
1.144686e+02 3.907949e-25
1.147325e+02 3.905725e-25
1.149971e+02 3.903506e-25
1.152623e+02 3.901292e-25
1.155281e+02 3.899083e-25
1.157945e+02 3.896878e-25
1.160615e+02 3.894679e-25
1.163292e+02 3.892485e-25
1.165974e+02 3.890296e-25
1.168663e+02 3.888111e-25
1.171358e+02 3.885932e-25
1.174059e+02 3.883757e-25
1.176766e+02 3.881587e-25
1.179480e+02 3.879422e-25
1.182200e+02 3.877263e-25
1.184926e+02 3.875108e-25
1.187658e+02 3.872957e-25
1.190397e+02 3.870812e-25
1.193142e+02 3.868672e-25
1.195894e+02 3.866536e-25
1.198651e+02 3.864405e-25
1.201416e+02 3.862280e-25
1.204186e+02 3.860159e-25
1.206963e+02 3.858043e-25
1.209746e+02 3.855931e-25
1.212536e+02 3.853825e-25
1.215332e+02 3.851723e-25
1.218134e+02 3.849626e-25
1.220943e+02 3.847534e-25
1.223759e+02 3.845447e-25
1.226581e+02 3.843364e-25
1.229410e+02 3.841287e-25
1.232245e+02 3.839214e-25
1.235086e+02 3.837146e-25
1.237934e+02 3.835083e-25
1.240789e+02 3.833025e-25
1.243650e+02 3.830971e-25
1.246518e+02 3.828922e-25
1.249393e+02 3.826878e-25
1.252274e+02 3.824839e-25
1.255161e+02 3.822804e-25
1.258056e+02 3.820775e-25
1.260957e+02 3.818750e-25
1.263865e+02 3.816729e-25
1.266779e+02 3.814714e-25
1.269700e+02 3.812703e-25
1.272628e+02 3.810697e-25
1.275563e+02 3.808696e-25
1.278504e+02 3.806700e-25
1.281453e+02 3.804708e-25
1.284408e+02 3.802721e-25
1.287370e+02 3.800739e-25
1.290338e+02 3.798761e-25
1.293314e+02 3.796788e-25
1.296296e+02 3.794820e-25
1.299285e+02 3.792857e-25
1.302282e+02 3.790898e-25
1.305285e+02 3.788945e-25
1.308295e+02 3.786995e-25
1.311312e+02 3.785051e-25
1.314335e+02 3.783111e-25
1.317366e+02 3.781176e-25
1.320404e+02 3.779246e-25
1.323449e+02 3.777320e-25
1.326501e+02 3.775399e-25
1.329560e+02 3.773483e-25
1.332626e+02 3.771572e-25
1.335699e+02 3.769665e-25
1.338779e+02 3.767763e-25
1.341866e+02 3.765865e-25
1.344961e+02 3.763973e-25
1.348062e+02 3.762085e-25
1.351171e+02 3.760202e-25
1.354287e+02 3.758323e-25
1.357410e+02 3.756449e-25
1.360540e+02 3.754580e-25
1.363677e+02 3.752715e-25
1.366822e+02 3.750855e-25
1.369974e+02 3.749000e-25
1.373133e+02 3.747150e-25
1.376299e+02 3.745304e-25
1.379473e+02 3.743463e-25
1.382654e+02 3.741626e-25
1.385843e+02 3.739795e-25
1.389038e+02 3.737968e-25
1.392241e+02 3.736145e-25
1.395452e+02 3.734327e-25
1.398670e+02 3.732514e-25
1.401895e+02 3.730706e-25
1.405128e+02 3.728902e-25
1.408368e+02 3.727103e-25
1.411616e+02 3.725309e-25
1.414871e+02 3.723519e-25
1.418134e+02 3.721734e-25
1.421404e+02 3.719954e-25
1.424682e+02 3.718178e-25
1.427967e+02 3.716408e-25
1.431260e+02 3.714641e-25
1.434561e+02 3.712880e-25
1.437869e+02 3.711123e-25
1.441184e+02 3.709371e-25
1.444508e+02 3.707623e-25
1.447839e+02 3.705880e-25
1.451178e+02 3.704142e-25
1.454524e+02 3.702408e-25
1.457878e+02 3.700679e-25
1.461240e+02 3.698955e-25
1.464610e+02 3.697236e-25
1.467987e+02 3.695521e-25
1.471372e+02 3.693811e-25
1.474765e+02 3.692105e-25
1.478166e+02 3.690404e-25
1.481575e+02 3.688708e-25
1.484991e+02 3.687017e-25
1.488416e+02 3.685330e-25
1.491848e+02 3.683648e-25
1.495288e+02 3.681971e-25
1.498736e+02 3.680298e-25
1.502192e+02 3.678630e-25
1.505657e+02 3.676966e-25
1.509129e+02 3.675308e-25
1.512609e+02 3.673654e-25
1.516097e+02 3.672004e-25
1.519593e+02 3.670360e-25
1.523097e+02 3.668720e-25
1.526609e+02 3.667085e-25
1.530130e+02 3.665454e-25
1.533658e+02 3.663828e-25
1.537195e+02 3.662207e-25
1.540740e+02 3.660591e-25
1.544293e+02 3.658979e-25
1.547854e+02 3.657372e-25
1.551423e+02 3.655770e-25
1.555001e+02 3.654172e-25
1.558587e+02 3.652579e-25
1.562181e+02 3.650991e-25
1.565783e+02 3.649408e-25
1.569394e+02 3.647829e-25
1.573013e+02 3.646255e-25
1.576640e+02 3.644686e-25
1.580276e+02 3.643121e-25
1.583920e+02 3.641561e-25
1.587573e+02 3.640006e-25
1.591233e+02 3.638455e-25
1.594903e+02 3.636910e-25
1.598581e+02 3.635369e-25
1.602267e+02 3.633833e-25
1.605962e+02 3.632301e-25
1.609665e+02 3.630774e-25
1.613377e+02 3.629252e-25
1.617098e+02 3.627735e-25
1.620827e+02 3.626223e-25
1.624564e+02 3.624715e-25
1.628311e+02 3.623212e-25
1.632065e+02 3.621714e-25
1.635829e+02 3.620220e-25
1.639601e+02 3.618732e-25
1.643382e+02 3.617248e-25
1.647172e+02 3.615769e-25
1.650970e+02 3.614294e-25
1.654777e+02 3.612825e-25
1.658593e+02 3.611360e-25
1.662418e+02 3.609900e-25
1.666252e+02 3.608445e-25
1.670094e+02 3.606994e-25
1.673945e+02 3.605549e-25
1.677805e+02 3.604108e-25
1.681674e+02 3.602672e-25
1.685552e+02 3.601241e-25
1.689439e+02 3.599814e-25
1.693335e+02 3.598393e-25
1.697240e+02 3.596976e-25
1.701154e+02 3.595564e-25
1.705077e+02 3.594157e-25
1.709009e+02 3.592755e-25
1.712950e+02 3.591357e-25
1.716900e+02 3.589965e-25
1.720859e+02 3.588577e-25
1.724827e+02 3.587194e-25
1.728805e+02 3.585816e-25
1.732791e+02 3.584443e-25
1.736787e+02 3.583075e-25
1.740792e+02 3.581712e-25
1.744806e+02 3.580353e-25
1.748830e+02 3.578999e-25
1.752863e+02 3.577651e-25
1.756905e+02 3.576307e-25
1.760956e+02 3.574968e-25
1.765017e+02 3.573634e-25
1.769087e+02 3.572304e-25
1.773167e+02 3.570980e-25
1.777256e+02 3.569661e-25
1.781354e+02 3.568346e-25
1.785462e+02 3.567037e-25
1.789579e+02 3.565732e-25
1.793706e+02 3.564433e-25
1.797842e+02 3.563138e-25
1.801988e+02 3.561848e-25
1.806143e+02 3.560563e-25
1.810308e+02 3.559284e-25
1.814483e+02 3.558009e-25
1.818667e+02 3.556739e-25
1.822861e+02 3.555474e-25
1.827065e+02 3.554214e-25
1.831278e+02 3.552959e-25
1.835501e+02 3.551709e-25
1.839734e+02 3.550464e-25
1.843976e+02 3.549224e-25
1.848228e+02 3.547989e-25
1.852490e+02 3.546759e-25
1.856762e+02 3.545534e-25
1.861044e+02 3.544314e-25
1.865335e+02 3.543099e-25
1.869637e+02 3.541890e-25
1.873948e+02 3.540685e-25
1.878270e+02 3.539485e-25
1.882601e+02 3.538291e-25
1.886942e+02 3.537101e-25
1.891293e+02 3.535916e-25
1.895655e+02 3.534737e-25
1.900026e+02 3.533563e-25
1.904408e+02 3.532393e-25
1.908799e+02 3.531229e-25
1.913201e+02 3.530070e-25
1.917613e+02 3.528916e-25
1.922035e+02 3.527768e-25
1.926467e+02 3.526624e-25
1.930910e+02 3.525485e-25
1.935362e+02 3.524352e-25
1.939825e+02 3.523224e-25
1.944298e+02 3.522101e-25
1.948782e+02 3.520983e-25
1.953276e+02 3.519870e-25
1.957780e+02 3.518763e-25
1.962295e+02 3.517660e-25
1.966820e+02 3.516563e-25
1.971355e+02 3.515471e-25
1.975901e+02 3.514385e-25
1.980458e+02 3.513303e-25
1.985025e+02 3.512227e-25
1.989602e+02 3.511156e-25
1.994190e+02 3.510090e-25
1.998789e+02 3.509030e-25
2.003398e+02 3.507974e-25
2.008018e+02 3.506924e-25
2.012648e+02 3.505880e-25
2.017290e+02 3.504840e-25
2.021942e+02 3.503806e-25
2.026604e+02 3.502777e-25
2.031277e+02 3.501754e-25
2.035962e+02 3.500736e-25
2.040657e+02 3.499723e-25
2.045362e+02 3.498715e-25
2.050079e+02 3.497713e-25
2.054806e+02 3.496716e-25
2.059545e+02 3.495725e-25
2.064294e+02 3.494739e-25
2.069054e+02 3.493758e-25
2.073826e+02 3.492783e-25
2.078608e+02 3.491813e-25
2.083401e+02 3.490848e-25
2.088206e+02 3.489889e-25
2.093021e+02 3.488936e-25
2.097848e+02 3.487987e-25
2.102685e+02 3.487045e-25
2.107534e+02 3.486107e-25
2.112394e+02 3.485176e-25
2.117265e+02 3.484249e-25
2.122148e+02 3.483328e-25
2.127041e+02 3.482413e-25
2.131946e+02 3.481503e-25
2.136863e+02 3.480599e-25
2.141790e+02 3.479700e-25
2.146729e+02 3.478807e-25
2.151680e+02 3.477919e-25
2.156641e+02 3.477037e-25
2.161615e+02 3.476160e-25
2.166599e+02 3.475289e-25
2.171595e+02 3.474424e-25
2.176603e+02 3.473564e-25
2.181622e+02 3.472710e-25
2.186653e+02 3.471861e-25
2.191696e+02 3.471018e-25
2.196750e+02 3.470181e-25
2.201816e+02 3.469349e-25
2.206893e+02 3.468523e-25
2.211982e+02 3.467703e-25
2.217083e+02 3.466888e-25
2.222195e+02 3.466079e-25
2.227320e+02 3.465276e-25
2.232456e+02 3.464479e-25
2.237604e+02 3.463687e-25
2.242764e+02 3.462901e-25
2.247936e+02 3.462121e-25
2.253120e+02 3.461346e-25
2.258315e+02 3.460577e-25
2.263523e+02 3.459814e-25
2.268743e+02 3.459057e-25
2.273975e+02 3.458306e-25
2.279218e+02 3.457560e-25
2.284474e+02 3.456820e-25
2.289742e+02 3.456087e-25
2.295022e+02 3.455359e-25
2.300315e+02 3.454636e-25
2.305619e+02 3.453920e-25
2.310936e+02 3.453210e-25
2.316265e+02 3.452505e-25
2.321606e+02 3.451807e-25
2.326960e+02 3.451114e-25
2.332326e+02 3.450428e-25
2.337704e+02 3.449747e-25
2.343095e+02 3.449072e-25
2.348498e+02 3.448403e-25
2.353914e+02 3.447741e-25
2.359342e+02 3.447084e-25
2.364783e+02 3.446433e-25
2.370236e+02 3.445788e-25
2.375702e+02 3.445150e-25
2.381180e+02 3.444517e-25
2.386671e+02 3.443891e-25
2.392175e+02 3.443270e-25
2.397691e+02 3.442656e-25
2.403220e+02 3.442048e-25
2.408762e+02 3.441446e-25
2.414317e+02 3.440850e-25
2.419884e+02 3.440260e-25
2.425465e+02 3.439676e-25
2.431058e+02 3.439099e-25
2.436664e+02 3.438527e-25
2.442283e+02 3.437962e-25
2.447915e+02 3.437403e-25
2.453560e+02 3.436851e-25
2.459217e+02 3.436304e-25
2.464888e+02 3.435764e-25
2.470572e+02 3.435231e-25
2.476270e+02 3.434703e-25
2.481980e+02 3.434182e-25
2.487703e+02 3.433667e-25
2.493440e+02 3.433158e-25
2.499190e+02 3.432656e-25
2.504953e+02 3.432160e-25
2.510730e+02 3.431671e-25
2.516519e+02 3.431188e-25
2.522322e+02 3.430711e-25
2.528139e+02 3.430241e-25
2.533969e+02 3.429777e-25
2.539812e+02 3.429320e-25
2.545669e+02 3.428869e-25
2.551539e+02 3.428424e-25
2.557423e+02 3.427986e-25
2.563321e+02 3.427555e-25
2.569232e+02 3.427130e-25
2.575156e+02 3.426712e-25
2.581095e+02 3.426300e-25
2.587047e+02 3.425895e-25
2.593012e+02 3.425496e-25
2.598992e+02 3.425104e-25
2.604985e+02 3.424719e-25
2.610992e+02 3.424340e-25
2.617013e+02 3.423968e-25
2.623048e+02 3.423603e-25
2.629097e+02 3.423244e-25
2.635160e+02 3.422892e-25
2.641236e+02 3.422547e-25
2.647327e+02 3.422208e-25
2.653432e+02 3.421876e-25
2.659551e+02 3.421551e-25
2.665684e+02 3.421233e-25
2.671831e+02 3.420921e-25
2.677992e+02 3.420617e-25
2.684167e+02 3.420319e-25
2.690357e+02 3.420028e-25
2.696561e+02 3.419744e-25
2.702779e+02 3.419467e-25
2.709012e+02 3.419197e-25
2.715259e+02 3.418933e-25
2.721520e+02 3.418677e-25
2.727796e+02 3.418427e-25
2.734087e+02 3.418185e-25
2.740391e+02 3.417949e-25
2.746711e+02 3.417721e-25
2.753045e+02 3.417499e-25
2.759393e+02 3.417285e-25
2.765756e+02 3.417078e-25
2.772134e+02 3.416877e-25
2.778527e+02 3.416684e-25
2.784934e+02 3.416498e-25
2.791356e+02 3.416319e-25
2.797793e+02 3.416147e-25
2.804245e+02 3.415983e-25
2.810712e+02 3.415825e-25
2.817193e+02 3.415675e-25
2.823690e+02 3.415532e-25
2.830201e+02 3.415396e-25
2.836727e+02 3.415268e-25
2.843269e+02 3.415147e-25
2.849826e+02 3.415033e-25
2.856397e+02 3.414926e-25
2.862984e+02 3.414827e-25
2.869586e+02 3.414735e-25
2.876203e+02 3.414651e-25
2.882836e+02 3.414574e-25
2.889484e+02 3.414504e-25
2.896147e+02 3.414442e-25
2.902826e+02 3.414387e-25
2.909520e+02 3.414340e-25
2.916229e+02 3.414300e-25
2.922954e+02 3.414267e-25
2.929694e+02 3.414243e-25
2.936450e+02 3.414225e-25
2.943221e+02 3.414216e-25
2.950009e+02 3.414214e-25
2.956811e+02 3.414219e-25
2.963630e+02 3.414232e-25
2.970464e+02 3.414253e-25
2.977314e+02 3.414282e-25
2.984179e+02 3.414318e-25
2.991061e+02 3.414362e-25
2.997958e+02 3.414413e-25
3.004872e+02 3.414473e-25
3.011801e+02 3.414540e-25
3.018746e+02 3.414615e-25
3.025708e+02 3.414698e-25
3.032685e+02 3.414788e-25
3.039678e+02 3.414887e-25
3.046688e+02 3.414993e-25
3.053713e+02 3.415107e-25
3.060755e+02 3.415230e-25
3.067813e+02 3.415360e-25
3.074888e+02 3.415498e-25
3.081979e+02 3.415644e-25
3.089086e+02 3.415798e-25
3.096209e+02 3.415960e-25
3.103349e+02 3.416130e-25
3.110505e+02 3.416309e-25
3.117678e+02 3.416495e-25
3.124868e+02 3.416689e-25
3.132073e+02 3.416892e-25
3.139296e+02 3.417103e-25
3.146535e+02 3.417322e-25
3.153791e+02 3.417549e-25
3.161064e+02 3.417784e-25
3.168353e+02 3.418028e-25
3.175660e+02 3.418280e-25
3.182983e+02 3.418540e-25
3.190323e+02 3.418809e-25
3.197680e+02 3.419086e-25
3.205053e+02 3.419371e-25
3.212444e+02 3.419665e-25
3.219852e+02 3.419967e-25
3.227277e+02 3.420277e-25
3.234719e+02 3.420596e-25
3.242179e+02 3.420924e-25
3.249655e+02 3.421260e-25
3.257149e+02 3.421604e-25
3.264660e+02 3.421957e-25
3.272188e+02 3.422319e-25
3.279734e+02 3.422689e-25
3.287297e+02 3.423068e-25
3.294878e+02 3.423455e-25
3.302476e+02 3.423852e-25
3.310091e+02 3.424257e-25
3.317724e+02 3.424670e-25
3.325375e+02 3.425093e-25
3.333043e+02 3.425524e-25
3.340729e+02 3.425964e-25
3.348433e+02 3.426412e-25
3.356155e+02 3.426870e-25
3.363894e+02 3.427336e-25
3.371651e+02 3.427812e-25
3.379426e+02 3.428296e-25
3.387219e+02 3.428789e-25
3.395030e+02 3.429292e-25
3.402859e+02 3.429803e-25
3.410706e+02 3.430323e-25
3.418571e+02 3.430853e-25
3.426454e+02 3.431391e-25
3.434356e+02 3.431939e-25
3.442275e+02 3.432495e-25
3.450213e+02 3.433061e-25
3.458170e+02 3.433636e-25
3.466144e+02 3.434220e-25
3.474137e+02 3.434814e-25
3.482148e+02 3.435416e-25
3.490178e+02 3.436028e-25
3.498227e+02 3.436650e-25
3.506294e+02 3.437280e-25
3.514379e+02 3.437920e-25
3.522483e+02 3.438570e-25
3.530606e+02 3.439229e-25
3.538748e+02 3.439897e-25
3.546908e+02 3.440575e-25
3.555087e+02 3.441262e-25
3.563285e+02 3.441959e-25
3.571502e+02 3.442666e-25
3.579738e+02 3.443382e-25
3.587993e+02 3.444107e-25
3.596267e+02 3.444843e-25
3.604560e+02 3.445588e-25
3.612872e+02 3.446343e-25
3.621204e+02 3.447107e-25
3.629554e+02 3.447882e-25
3.637924e+02 3.448666e-25
3.646313e+02 3.449460e-25
3.654721e+02 3.450264e-25
3.663149e+02 3.451078e-25
3.671597e+02 3.451901e-25
3.680063e+02 3.452735e-25
3.688550e+02 3.453579e-25
3.697055e+02 3.454433e-25
3.705581e+02 3.455296e-25
3.714126e+02 3.456170e-25
3.722691e+02 3.457055e-25
3.731275e+02 3.457949e-25
3.739880e+02 3.458854e-25
3.748504e+02 3.459768e-25
3.757148e+02 3.460694e-25
3.765812e+02 3.461629e-25
3.774496e+02 3.462575e-25
3.783200e+02 3.463531e-25
3.791924e+02 3.464498e-25
3.800668e+02 3.465476e-25
3.809433e+02 3.466464e-25
3.818217e+02 3.467462e-25
3.827022e+02 3.468471e-25
3.835847e+02 3.469491e-25
3.844693e+02 3.470522e-25
3.853558e+02 3.471564e-25
3.862445e+02 3.472616e-25
3.871352e+02 3.473680e-25
3.880279e+02 3.474754e-25
3.889227e+02 3.475840e-25
3.898196e+02 3.476937e-25
3.907185e+02 3.478045e-25
3.916195e+02 3.479164e-25
3.925226e+02 3.480295e-25
3.934277e+02 3.481437e-25
3.943350e+02 3.482592e-25
3.952443e+02 3.483758e-25
3.961557e+02 3.484936e-25
3.970693e+02 3.486126e-25
3.979849e+02 3.487328e-25
3.989027e+02 3.488543e-25
3.998226e+02 3.489771e-25
4.007445e+02 3.491011e-25
4.016687e+02 3.492265e-25
4.025949e+02 3.493532e-25
4.035233e+02 3.494814e-25
4.044538e+02 3.496109e-25
4.053865e+02 3.497420e-25
4.063213e+02 3.498746e-25
4.072583e+02 3.500089e-25
4.081975e+02 3.501448e-25
4.091388e+02 3.502826e-25
4.100822e+02 3.504223e-25
4.110279e+02 3.505641e-25
4.119757e+02 3.507082e-25
4.129257e+02 3.508549e-25
4.138780e+02 3.510044e-25
4.148324e+02 3.511572e-25
4.157890e+02 3.513138e-25
4.167478e+02 3.514750e-25
4.177088e+02 3.516416e-25
4.186720e+02 3.518150e-25
4.196375e+02 3.519972e-25
4.206052e+02 3.521910e-25
4.215751e+02 3.524005e-25
4.225473e+02 3.526324e-25
4.235217e+02 3.528974e-25
4.244983e+02 3.532145e-25
4.254772e+02 3.536184e-25
4.264584e+02 3.541804e-25
4.274418e+02 3.550650e-25
4.284275e+02 3.567270e-25
4.294154e+02 3.608426e-25
4.304056e+02 3.781655e-25
4.313982e+02 8.879922e-25
4.323930e+02 4.055452e-25
4.333901e+02 3.646103e-25
4.343895e+02 3.584573e-25
4.353912e+02 3.565730e-25
4.363952e+02 3.558305e-25
4.374015e+02 3.555179e-25
4.384102e+02 3.554028e-25
4.394212e+02 3.553911e-25
4.404345e+02 3.554390e-25
4.414501e+02 3.555237e-25
4.424681e+02 3.556328e-25
4.434884e+02 3.557586e-25
4.445111e+02 3.558964e-25
4.455362e+02 3.560432e-25
4.465636e+02 3.561970e-25
4.475934e+02 3.563564e-25
4.486255e+02 3.565203e-25
4.496600e+02 3.566880e-25
4.506970e+02 3.568590e-25
4.517363e+02 3.570329e-25
4.527780e+02 3.572094e-25
4.538221e+02 3.573882e-25
4.548686e+02 3.575692e-25
4.559175e+02 3.577522e-25
4.569689e+02 3.579370e-25
4.580227e+02 3.581237e-25
4.590789e+02 3.583121e-25
4.601375e+02 3.585022e-25
4.611986e+02 3.586939e-25
4.622621e+02 3.588872e-25
4.633281e+02 3.590820e-25
4.643965e+02 3.592784e-25
4.654674e+02 3.594762e-25
4.665408e+02 3.596755e-25
4.676166e+02 3.598763e-25
4.686950e+02 3.600785e-25
4.697758e+02 3.602822e-25
4.708591e+02 3.604873e-25
4.719449e+02 3.606938e-25
4.730332e+02 3.609017e-25
4.741240e+02 3.611110e-25
4.752174e+02 3.613218e-25
4.763132e+02 3.615339e-25
4.774116e+02 3.617474e-25
4.785125e+02 3.619624e-25
4.796160e+02 3.621787e-25
4.807220e+02 3.623964e-25
4.818305e+02 3.626156e-25
4.829416e+02 3.628361e-25
4.840553e+02 3.630581e-25
4.851715e+02 3.632814e-25
4.862903e+02 3.635061e-25
4.874117e+02 3.637323e-25
4.885357e+02 3.639598e-25
4.896623e+02 3.641888e-25
4.907914e+02 3.644192e-25
4.919232e+02 3.646510e-25
4.930576e+02 3.648842e-25
4.941946e+02 3.651188e-25
4.953342e+02 3.653551e-25
4.964764e+02 3.655913e-25
4.976213e+02 3.658308e-25
4.987688e+02 3.660712e-25
4.999190e+02 3.663130e-25
5.010718e+02 3.665561e-25
5.022273e+02 3.668008e-25
5.033854e+02 3.670468e-25
5.045462e+02 3.672943e-25
5.057097e+02 3.675432e-25
5.068759e+02 3.677936e-25
5.080447e+02 3.680455e-25
5.092163e+02 3.682988e-25
5.103906e+02 3.685535e-25
5.115675e+02 3.688097e-25
5.127472e+02 3.690674e-25
5.139296e+02 3.693266e-25
5.151147e+02 3.695872e-25
5.163026e+02 3.698493e-25
5.174932e+02 3.701129e-25
5.186865e+02 3.703780e-25
5.198826e+02 3.706445e-25
5.210815e+02 3.709126e-25
5.222831e+02 3.711821e-25
5.234875e+02 3.714532e-25
5.246946e+02 3.717257e-25
5.259046e+02 3.719998e-25
5.271173e+02 3.722753e-25
5.283329e+02 3.725524e-25
5.295512e+02 3.728310e-25
5.307724e+02 3.731112e-25
5.319963e+02 3.733928e-25
5.332231e+02 3.736760e-25
5.344527e+02 3.739607e-25
5.356852e+02 3.742469e-25
5.369205e+02 3.745347e-25
5.381586e+02 3.748241e-25
5.393996e+02 3.751149e-25
5.406435e+02 3.754074e-25
5.418902e+02 3.757014e-25
5.431398e+02 3.759969e-25
5.443923e+02 3.762940e-25
5.456477e+02 3.765927e-25
5.469059e+02 3.768930e-25
5.481671e+02 3.771948e-25
5.494312e+02 3.774982e-25
5.506982e+02 3.778032e-25
5.519681e+02 3.781098e-25
5.532409e+02 3.784180e-25
5.545167e+02 3.787277e-25
5.557954e+02 3.790391e-25
5.570771e+02 3.793521e-25
5.583617e+02 3.796667e-25
5.596493e+02 3.799829e-25
5.609399e+02 3.803007e-25
5.622334e+02 3.806201e-25
5.635299e+02 3.809412e-25
5.648294e+02 3.812638e-25
5.661319e+02 3.815882e-25
5.674374e+02 3.819141e-25
5.687459e+02 3.822417e-25
5.700575e+02 3.825709e-25
5.713720e+02 3.829018e-25
5.726896e+02 3.832344e-25
5.740102e+02 3.835686e-25
5.753339e+02 3.839044e-25
5.766606e+02 3.842419e-25
5.779904e+02 3.845811e-25
5.793233e+02 3.849220e-25
5.806592e+02 3.852645e-25
5.819982e+02 3.856087e-25
5.833403e+02 3.859546e-25
5.846855e+02 3.863022e-25
5.860338e+02 3.866515e-25
5.873852e+02 3.870025e-25
5.887397e+02 3.873552e-25
5.900973e+02 3.877096e-25
5.914581e+02 3.880657e-25
5.928220e+02 3.884235e-25
5.941890e+02 3.887831e-25
5.955593e+02 3.891443e-25
5.969326e+02 3.895073e-25
5.983091e+02 3.898720e-25
5.996889e+02 3.902385e-25
6.010717e+02 3.906067e-25
6.024578e+02 3.909766e-25
6.038471e+02 3.913483e-25
6.052396e+02 3.917217e-25
6.066353e+02 3.920969e-25
6.080342e+02 3.924739e-25
6.094363e+02 3.928526e-25
6.108417e+02 3.932331e-25
6.122503e+02 3.936154e-25
6.136621e+02 3.939995e-25
6.150772e+02 3.943853e-25
6.164956e+02 3.947729e-25
6.179172e+02 3.951623e-25
6.193422e+02 3.955535e-25
6.207704e+02 3.959465e-25
6.222019e+02 3.963413e-25
6.236367e+02 3.967380e-25
6.250748e+02 3.971364e-25
6.265162e+02 3.975366e-25
6.279610e+02 3.979387e-25
6.294090e+02 3.983426e-25
6.308605e+02 3.987483e-25
6.323152e+02 3.991559e-25
6.337734e+02 3.995653e-25
6.352348e+02 3.999766e-25
6.366997e+02 4.003897e-25
6.381679e+02 4.008046e-25
6.396396e+02 4.012214e-25
6.411146e+02 4.016401e-25
6.425930e+02 4.020606e-25
6.440748e+02 4.024830e-25
6.455600e+02 4.029073e-25
6.470487e+02 4.033335e-25
6.485408e+02 4.037615e-25
6.500364e+02 4.041914e-25
6.515353e+02 4.046233e-25
6.530378e+02 4.050570e-25
6.545437e+02 4.054926e-25
6.560531e+02 4.059301e-25
6.575659e+02 4.063696e-25
6.590823e+02 4.068109e-25
6.606021e+02 4.072542e-25
6.621255e+02 4.076994e-25
6.636524e+02 4.081465e-25
6.651828e+02 4.085956e-25
6.667167e+02 4.090466e-25
6.682541e+02 4.094995e-25
6.697951e+02 4.099544e-25
6.713397e+02 4.104113e-25
6.728878e+02 4.108701e-25
6.744395e+02 4.113308e-25
6.759947e+02 4.117936e-25
6.775536e+02 4.122583e-25
6.791160e+02 4.127249e-25
6.806821e+02 4.131936e-25
6.822517e+02 4.136642e-25
6.838250e+02 4.141368e-25
6.854019e+02 4.146114e-25
6.869825e+02 4.150880e-25
6.885666e+02 4.155667e-25
6.901545e+02 4.160473e-25
6.917460e+02 4.165299e-25
6.933412e+02 4.170146e-25
6.949400e+02 4.175012e-25
6.965425e+02 4.179899e-25
6.981488e+02 4.184807e-25
6.997587e+02 4.189734e-25
7.013724e+02 4.194682e-25
7.029897e+02 4.199651e-25
7.046108e+02 4.204640e-25
7.062357e+02 4.209649e-25
7.078643e+02 4.214679e-25
7.094966e+02 4.219730e-25
7.111327e+02 4.224802e-25
7.127726e+02 4.229894e-25
7.144162e+02 4.235007e-25
7.160637e+02 4.240141e-25
7.177149e+02 4.245295e-25
7.193700e+02 4.250471e-25
7.210289e+02 4.255667e-25
7.226916e+02 4.260885e-25
7.243581e+02 4.266124e-25
7.260285e+02 4.271383e-25
7.277027e+02 4.276664e-25
7.293808e+02 4.281967e-25
7.310627e+02 4.287290e-25
7.327486e+02 4.292635e-25
7.344383e+02 4.298001e-25
7.361319e+02 4.303388e-25
7.378294e+02 4.308797e-25
7.395309e+02 4.314228e-25
7.412363e+02 4.319680e-25
7.429455e+02 4.325154e-25
7.446588e+02 4.330649e-25
7.463760e+02 4.336166e-25
7.480971e+02 4.341705e-25
7.498222e+02 4.347265e-25
7.515513e+02 4.352848e-25
7.532844e+02 4.358452e-25
7.550215e+02 4.364079e-25
7.567626e+02 4.369727e-25
7.585077e+02 4.375398e-25
7.602568e+02 4.381090e-25
7.620100e+02 4.386805e-25
7.637672e+02 4.392542e-25
7.655284e+02 4.398301e-25
7.672937e+02 4.404083e-25
7.690631e+02 4.409887e-25
7.708366e+02 4.415713e-25
7.726141e+02 4.421562e-25
7.743958e+02 4.427433e-25
7.761816e+02 4.433327e-25
7.779714e+02 4.439244e-25
7.797654e+02 4.445183e-25
7.815636e+02 4.451145e-25
7.833659e+02 4.457130e-25
7.851723e+02 4.463138e-25
7.869829e+02 4.469169e-25
7.887977e+02 4.475223e-25
7.906167e+02 4.481300e-25
7.924399e+02 4.487400e-25
7.942672e+02 4.493523e-25
7.960988e+02 4.499669e-25
7.979346e+02 4.505839e-25
7.997747e+02 4.512032e-25
8.016190e+02 4.518249e-25
8.034675e+02 4.524489e-25
8.053203e+02 4.530753e-25
8.071774e+02 4.537040e-25
8.090387e+02 4.543352e-25
8.109044e+02 4.549687e-25
8.127744e+02 4.556047e-25
8.146486e+02 4.562431e-25
8.165272e+02 4.568840e-25
8.184101e+02 4.575273e-25
8.202974e+02 4.581732e-25
8.221890e+02 4.588216e-25
8.240850e+02 4.594726e-25
8.259853e+02 4.601264e-25
8.278900e+02 4.607829e-25
8.297992e+02 4.614423e-25
8.317127e+02 4.621050e-25
8.336306e+02 4.627712e-25
8.355530e+02 4.634416e-25
8.374798e+02 4.641173e-25
8.394110e+02 4.648005e-25
8.413467e+02 4.654957e-25
8.432868e+02 4.662147e-25
8.452315e+02 4.669935e-25
8.471806e+02 4.679991e-25
8.491342e+02 4.711970e-25
8.510923e+02 4.891777e-25
8.530549e+02 4.704578e-25
8.550221e+02 4.704851e-25
8.569938e+02 4.710206e-25
8.589700e+02 4.716549e-25
8.609508e+02 4.723223e-25
8.629361e+02 4.730051e-25
8.649261e+02 4.736965e-25
8.669206e+02 4.743939e-25
8.689197e+02 4.750957e-25
8.709235e+02 4.758014e-25
8.729318e+02 4.765104e-25
8.749448e+02 4.772225e-25
8.769624e+02 4.779375e-25
8.789847e+02 4.786554e-25
8.810117e+02 4.793760e-25
8.830433e+02 4.800994e-25
8.850796e+02 4.808254e-25
8.871206e+02 4.815541e-25
8.891663e+02 4.822855e-25
8.912167e+02 4.830195e-25
8.932719e+02 4.837561e-25
8.953318e+02 4.844954e-25
8.973964e+02 4.852373e-25
8.994658e+02 4.859819e-25
9.015400e+02 4.867290e-25
9.036189e+02 4.874788e-25
9.057027e+02 4.882313e-25
9.077913e+02 4.889864e-25
9.098846e+02 4.897441e-25
9.119828e+02 4.905045e-25
9.140859e+02 4.912675e-25
9.161938e+02 4.920332e-25
9.183065e+02 4.928015e-25
9.204241e+02 4.935726e-25
9.225466e+02 4.943463e-25
9.246740e+02 4.951226e-25
9.268063e+02 4.959017e-25
9.289436e+02 4.966834e-25
9.310857e+02 4.974679e-25
9.332328e+02 4.982550e-25
9.353848e+02 4.990449e-25
9.375419e+02 4.998374e-25
9.397038e+02 5.006327e-25
9.418708e+02 5.014307e-25
9.440428e+02 5.022315e-25
9.462197e+02 5.030349e-25
9.484017e+02 5.038412e-25
9.505887e+02 5.046501e-25
9.527808e+02 5.054618e-25
9.549779e+02 5.062763e-25
9.571801e+02 5.070936e-25
9.593874e+02 5.079136e-25
9.615997e+02 5.087364e-25
9.638172e+02 5.095620e-25
9.660398e+02 5.103903e-25
9.682674e+02 5.112215e-25
9.705003e+02 5.120555e-25
9.727383e+02 5.128923e-25
9.749814e+02 5.137319e-25
9.772297e+02 5.145743e-25
9.794832e+02 5.154195e-25
9.817419e+02 5.162676e-25
9.840058e+02 5.171185e-25
9.862749e+02 5.179723e-25
9.885493e+02 5.188290e-25
9.908289e+02 5.196884e-25
9.931138e+02 5.205508e-25
9.954039e+02 5.214160e-25
9.976993e+02 5.222841e-25