1.000000e+00 2.971041e-17
1.002306e+00 3.088965e-17
1.004617e+00 3.214968e-17
1.006934e+00 3.349564e-17
1.009256e+00 3.493302e-17
1.011583e+00 3.656777e-17
1.013916e+00 3.831234e-17
1.016254e+00 4.013180e-17
1.018598e+00 4.198369e-17
1.020947e+00 4.376556e-17
1.023301e+00 4.576564e-17
1.025661e+00 4.788872e-17
1.028026e+00 5.002016e-17
1.030396e+00 5.152580e-17
1.032773e+00 5.224320e-17
1.035154e+00 5.233009e-17
1.037541e+00 5.197341e-17
1.039934e+00 5.128365e-17
1.042332e+00 5.044391e-17
1.044735e+00 4.947313e-17
1.047145e+00 4.839037e-17
1.049559e+00 4.635984e-17
1.051980e+00 4.388226e-17
1.054406e+00 4.119824e-17
1.056837e+00 3.851143e-17
1.059274e+00 3.617698e-17
1.061717e+00 3.401318e-17
1.064165e+00 3.197407e-17
1.066619e+00 3.002258e-17
1.069079e+00 2.820764e-17
1.071544e+00 2.655505e-17
1.074015e+00 2.504513e-17
1.076492e+00 2.366080e-17
1.078974e+00 2.238800e-17
1.081462e+00 2.120944e-17
1.083956e+00 2.011913e-17
1.086456e+00 1.911142e-17
1.088961e+00 1.819030e-17
1.091472e+00 1.733341e-17
1.093989e+00 1.653534e-17
1.096512e+00 1.579119e-17
1.099040e+00 1.510384e-17
1.101575e+00 1.446070e-17
1.104115e+00 1.385826e-17
1.106661e+00 1.329338e-17
1.109213e+00 1.276799e-17
1.111771e+00 1.227297e-17
1.114335e+00 1.180616e-17
1.116904e+00 1.136559e-17
1.119480e+00 1.095353e-17
1.122062e+00 1.056351e-17
1.124649e+00 1.019392e-17
1.127242e+00 9.843271e-18
1.129842e+00 9.512922e-18
1.132447e+00 9.199004e-18
1.135059e+00 8.900424e-18
1.137676e+00 8.616179e-18
1.140300e+00 8.347176e-18
1.142929e+00 8.090438e-18
1.145565e+00 7.845556e-18
1.148207e+00 7.612480e-18
1.150854e+00 7.394022e-18
1.153508e+00 7.203678e-18
1.156168e+00 3.034270e-17
1.158834e+00 6.806311e-18
1.161507e+00 6.593230e-18
1.164185e+00 6.408885e-18
1.166870e+00 6.234644e-18
1.169560e+00 6.067924e-18
1.172257e+00 5.908695e-18
1.174961e+00 5.755589e-18
1.177670e+00 5.608231e-18
1.180386e+00 5.466305e-18
1.183108e+00 5.330199e-18
1.185836e+00 5.198849e-18
1.188571e+00 5.072074e-18
1.191312e+00 4.949702e-18
1.194059e+00 4.832108e-18
1.196812e+00 4.718426e-18
1.199572e+00 4.608478e-18
1.202338e+00 4.502098e-18
1.205111e+00 4.399666e-18
1.207890e+00 4.300500e-18
1.210675e+00 4.204455e-18
1.213467e+00 4.111400e-18
1.216265e+00 4.021578e-18
1.219070e+00 3.934486e-18
1.221881e+00 3.850022e-18
1.224699e+00 3.768085e-18
1.227523e+00 3.688892e-18
1.230354e+00 3.611988e-18
1.233191e+00 3.537296e-18
1.236035e+00 3.464742e-18
1.238885e+00 3.394533e-18
1.241742e+00 3.326285e-18
1.244605e+00 3.259930e-18
1.247475e+00 3.195400e-18
1.250352e+00 3.132864e-18
1.253235e+00 3.072017e-18
1.256125e+00 3.012803e-18
1.259022e+00 2.955170e-18
1.261925e+00 2.899278e-18
1.264835e+00 2.844842e-18
1.267752e+00 2.791817e-18
1.270676e+00 2.740157e-18
1.273606e+00 2.690010e-18
1.276543e+00 2.641140e-18
1.279486e+00 2.593508e-18
1.282437e+00 2.547074e-18
1.285394e+00 2.501941e-18
1.288358e+00 2.457847e-18
1.291329e+00 2.414721e-18
1.294307e+00 2.372567e-18
1.297292e+00 2.331667e-18
1.300283e+00 2.291701e-18
1.303282e+00 2.252594e-18
1.306287e+00 2.214273e-18
1.309300e+00 2.176673e-18
1.312319e+00 2.139682e-18
1.315345e+00 2.103296e-18
1.318378e+00 2.067507e-18
1.321418e+00 2.032375e-18
1.324466e+00 1.997824e-18
1.327520e+00 1.963806e-18
1.330581e+00 1.930269e-18
1.333649e+00 1.897201e-18
1.336725e+00 1.864521e-18
1.339807e+00 1.832183e-18
1.342897e+00 1.800573e-18
1.345994e+00 1.769702e-18
1.349098e+00 1.739172e-18
1.352209e+00 1.708930e-18
1.355327e+00 1.678921e-18
1.358452e+00 1.649159e-18
1.361585e+00 1.619500e-18
1.364725e+00 1.589878e-18
1.367872e+00 1.560217e-18
1.371026e+00 1.530503e-18
1.374188e+00 1.500581e-18
1.377356e+00 1.470365e-18
1.380533e+00 1.439767e-18
1.383716e+00 1.408750e-18
1.386907e+00 1.377165e-18
1.390105e+00 1.344921e-18
1.393311e+00 1.313824e-18
1.396524e+00 1.282454e-18
1.399744e+00 1.250579e-18
1.402972e+00 1.218162e-18
1.406207e+00 1.185172e-18
1.409450e+00 1.151626e-18
1.412700e+00 1.117479e-18
1.415958e+00 1.082742e-18
1.419223e+00 1.047438e-18
1.422496e+00 1.011634e-18
1.425776e+00 9.753637e-19
1.429064e+00 9.387041e-19
1.432359e+00 9.017500e-19
1.435662e+00 8.646259e-19
1.438973e+00 8.274359e-19
1.442291e+00 7.908897e-19
1.445617e+00 7.566972e-19
1.448951e+00 7.228767e-19
1.452292e+00 6.895153e-19
1.455641e+00 6.567117e-19
1.458998e+00 6.245594e-19
1.462362e+00 5.931521e-19
1.465735e+00 5.625610e-19
1.469115e+00 5.328558e-19
1.472502e+00 5.040963e-19
1.475898e+00 4.763353e-19
1.479301e+00 4.496072e-19
1.482713e+00 4.239405e-19
1.486132e+00 3.993533e-19
1.489559e+00 3.758563e-19
1.492994e+00 3.534472e-19
1.496437e+00 3.327707e-19
1.499888e+00 3.137127e-19
1.503346e+00 2.955824e-19
1.506813e+00 2.783564e-19
1.510288e+00 2.620102e-19
1.513770e+00 2.465167e-19
1.517261e+00 2.318475e-19
1.520760e+00 2.179718e-19
1.524267e+00 2.048583e-19
1.527782e+00 1.924752e-19
1.531305e+00 1.807910e-19
1.534836e+00 1.697735e-19
1.538375e+00 1.593912e-19
1.541923e+00 1.496130e-19
1.545479e+00 1.404081e-19
1.549043e+00 1.317471e-19
1.552615e+00 1.239184e-19
1.556195e+00 1.166185e-19
1.559784e+00 1.097364e-19
1.563380e+00 1.032499e-19
1.566986e+00 9.713788e-20
1.570599e+00 9.137944e-20
1.574221e+00 8.595579e-20
1.577851e+00 8.084895e-20
1.581490e+00 7.604094e-20
1.585137e+00 7.151454e-20
1.588792e+00 6.725378e-20
1.592456e+00 6.324419e-20
1.596128e+00 5.947238e-20
1.599809e+00 5.592370e-20
1.603498e+00 5.258442e-20
1.607195e+00 4.945355e-20
1.610902e+00 4.661703e-20
1.614616e+00 4.394188e-20
1.618340e+00 4.141981e-20
1.622072e+00 3.904239e-20
1.625812e+00 3.680119e-20
1.629561e+00 3.468928e-20
1.633319e+00 3.269859e-20
1.637085e+00 3.081943e-20
1.640861e+00 2.904786e-20
1.644644e+00 2.737894e-20
1.648437e+00 2.580615e-20
1.652238e+00 2.432372e-20
1.656048e+00 2.292650e-20
1.659867e+00 2.160899e-20
1.663695e+00 2.036618e-20
1.667531e+00 1.920953e-20
1.671377e+00 1.814214e-20
1.675231e+00 1.713394e-20
1.679094e+00 1.618179e-20
1.682966e+00 1.528244e-20
1.686847e+00 1.443445e-20
1.690737e+00 1.363382e-20
1.694636e+00 1.287780e-20
1.698544e+00 1.216391e-20
1.702460e+00 1.148871e-20
1.706386e+00 1.085035e-20
1.710321e+00 1.024831e-20
1.714265e+00 9.680724e-21
1.718218e+00 9.144822e-21
1.722181e+00 8.638853e-21
1.726152e+00 8.161158e-21
1.730132e+00 7.718851e-21
1.734122e+00 7.305006e-21
1.738121e+00 6.913655e-21
1.742129e+00 6.543583e-21
1.746147e+00 6.193657e-21
1.750173e+00 5.862908e-21
1.754209e+00 5.553138e-21
1.758254e+00 5.260848e-21
1.762309e+00 4.981591e-21
1.766373e+00 4.717561e-21
1.770446e+00 4.468020e-21
1.774529e+00 4.232181e-21
1.778621e+00 4.009325e-21
1.782722e+00 3.798748e-21
1.786833e+00 3.603986e-21
1.790954e+00 3.421565e-21
1.795084e+00 3.249656e-21
1.799223e+00 3.086409e-21
1.803372e+00 2.932075e-21
1.807531e+00 2.786180e-21
1.811699e+00 2.648304e-21
1.815877e+00 2.518019e-21
1.820064e+00 2.401216e-21
1.824261e+00 2.293562e-21
1.828468e+00 2.185916e-21
1.832684e+00 2.082916e-21
1.836911e+00 1.985779e-21
1.841147e+00 1.894180e-21
1.845392e+00 1.807859e-21
1.849648e+00 1.726520e-21
1.853913e+00 1.640128e-21
1.858188e+00 1.557186e-21
1.862473e+00 1.489758e-21
1.866768e+00 1.426535e-21
1.871073e+00 1.366988e-21
1.875388e+00 1.310898e-21
1.879712e+00 1.258116e-21
1.884047e+00 1.208443e-21
1.888391e+00 1.161742e-21
1.892746e+00 1.117834e-21
1.897111e+00 1.076591e-21
1.901486e+00 1.037850e-21
1.905870e+00 1.001491e-21
1.910265e+00 9.673715e-22
1.914670e+00 9.353713e-22
1.919086e+00 9.053693e-22
1.923511e+00 8.772454e-22
1.927947e+00 8.511391e-22
1.932393e+00 8.268499e-22
1.936849e+00 8.040768e-22
1.941315e+00 7.826987e-22
1.945792e+00 7.626653e-22
1.950279e+00 7.438522e-22
1.954776e+00 7.262223e-22
1.959284e+00 7.134062e-22
1.963802e+00 7.161393e-22
1.968331e+00 7.135765e-22
1.972870e+00 7.000678e-22
1.977419e+00 6.873518e-22
1.981979e+00 6.753679e-22
1.986549e+00 6.640764e-22
1.991130e+00 6.534027e-22
1.995722e+00 6.433348e-22
2.000324e+00 6.338775e-22
2.004937e+00 6.250407e-22
2.009560e+00 6.166171e-22
2.014194e+00 6.086033e-22
2.018839e+00 6.009535e-22
2.023495e+00 5.936446e-22
2.028161e+00 5.866593e-22
2.032838e+00 5.799531e-22
2.037525e+00 5.735378e-22
2.042224e+00 5.673538e-22
2.046933e+00 5.614207e-22
2.051654e+00 5.556901e-22
2.056385e+00 5.501635e-22
2.061127e+00 5.448225e-22
2.065880e+00 5.396436e-22
2.070644e+00 5.346406e-22
2.075419e+00 5.335031e-22
2.080205e+00 5.714865e-22
2.085001e+00 5.800483e-22
2.089810e+00 5.326112e-22
2.094629e+00 5.000088e-22
2.099459e+00 4.767253e-22
2.104300e+00 4.705875e-22
2.109153e+00 4.666759e-22
2.114016e+00 4.628607e-22
2.118891e+00 4.512084e-22
2.123778e+00 4.301519e-22
2.128675e+00 4.223340e-22
2.133584e+00 4.189651e-22
2.138504e+00 4.156744e-22
2.143435e+00 4.124318e-22
2.148378e+00 4.092488e-22
2.153332e+00 4.061236e-22
2.158298e+00 4.030352e-22
2.163275e+00 4.000090e-22
2.168263e+00 3.970144e-22
2.173263e+00 3.940642e-22
2.178275e+00 3.911550e-22
2.183298e+00 3.882725e-22
2.188333e+00 3.854411e-22
2.193379e+00 3.774665e-22
2.198437e+00 3.594304e-22
2.203507e+00 3.520874e-22
2.208588e+00 3.502842e-22
2.213681e+00 3.628063e-22
2.218786e+00 3.690662e-22
2.223902e+00 3.664344e-22
2.229031e+00 3.638355e-22
2.234171e+00 3.612528e-22
2.239323e+00 3.587023e-22
2.244487e+00 3.837093e-22
2.249663e+00 4.317731e-22
2.254850e+00 5.119262e-22
2.260050e+00 5.321489e-22
2.265262e+00 4.255665e-22
2.270485e+00 3.716022e-22
2.275721e+00 3.414396e-22
2.280969e+00 3.390595e-22
2.286229e+00 3.366958e-22
2.291501e+00 3.343448e-22
2.296785e+00 3.320236e-22
2.302082e+00 3.297135e-22
2.307390e+00 3.274203e-22
2.312711e+00 3.251510e-22
2.318044e+00 3.228923e-22
2.323390e+00 3.206539e-22
2.328747e+00 3.184340e-22
2.334117e+00 3.162245e-22
2.339500e+00 3.140379e-22
2.344895e+00 3.118658e-22
2.350302e+00 3.097038e-22
2.355722e+00 3.075665e-22
2.361154e+00 3.054407e-22
2.366599e+00 3.033252e-22
2.372057e+00 3.012348e-22
2.377527e+00 2.991540e-22
2.383009e+00 2.970847e-22
2.388504e+00 2.950383e-22
2.394012e+00 2.930014e-22
2.399533e+00 2.909766e-22
2.405066e+00 2.889732e-22
2.410612e+00 2.869792e-22
2.416171e+00 2.849971e-22
2.421743e+00 2.830356e-22
2.427327e+00 2.810835e-22
2.432925e+00 2.791427e-22
2.438535e+00 2.656913e-22
2.444159e+00 2.568956e-22
2.449795e+00 2.551217e-22
2.455444e+00 2.533670e-22
2.461106e+00 2.516210e-22
2.466782e+00 2.498836e-22
2.472470e+00 2.481653e-22
2.478172e+00 2.464560e-22
2.483886e+00 2.447553e-22
2.489614e+00 2.430713e-22
2.495355e+00 2.413980e-22
2.501110e+00 2.397332e-22
2.506877e+00 2.380826e-22
2.512658e+00 2.364445e-22
2.518452e+00 2.348149e-22
2.524260e+00 2.331965e-22
2.530081e+00 2.315930e-22
2.535915e+00 2.299978e-22
2.541763e+00 2.284111e-22
2.547624e+00 2.268412e-22
2.553499e+00 2.252798e-22
2.559388e+00 2.237268e-22
2.565289e+00 2.221868e-22
2.571205e+00 2.206585e-22
2.577134e+00 2.191385e-22
2.583077e+00 2.176276e-22
2.589034e+00 2.161318e-22
2.595004e+00 2.146441e-22
2.600988e+00 2.131646e-22
2.606986e+00 2.116975e-22
2.612998e+00 2.102415e-22
2.619023e+00 2.087936e-22
2.625063e+00 2.073538e-22
2.631116e+00 2.059287e-22
2.637184e+00 2.045117e-22
2.643265e+00 2.031027e-22
2.649360e+00 2.017035e-22
2.655470e+00 2.003169e-22
2.661593e+00 1.989380e-22
2.667731e+00 1.975671e-22
2.673883e+00 1.962071e-22
2.680049e+00 1.948579e-22
2.686229e+00 1.935164e-22
2.692424e+00 1.921827e-22
2.698632e+00 1.908603e-22
2.704855e+00 1.895477e-22
2.711093e+00 1.882426e-22
2.717345e+00 1.869453e-22
2.723611e+00 1.856591e-22
2.729891e+00 1.843822e-22
2.736187e+00 1.831128e-22
2.742496e+00 1.818509e-22
2.748821e+00 1.805995e-22
2.755159e+00 1.793574e-22
2.761513e+00 1.781228e-22
2.767881e+00 1.768956e-22
2.774264e+00 1.756775e-22
2.780661e+00 1.744695e-22
2.787073e+00 1.732688e-22
2.793500e+00 1.720754e-22
2.799942e+00 1.708894e-22
2.806399e+00 1.697147e-22
2.812870e+00 1.624370e-22
2.819357e+00 1.561967e-22
2.825858e+00 1.551206e-22
2.832375e+00 1.540529e-22
2.838906e+00 1.529935e-22
2.845453e+00 1.519407e-22
2.852014e+00 1.508944e-22
2.858591e+00 1.498546e-22
2.865183e+00 1.488240e-22
2.871790e+00 1.478004e-22
2.878413e+00 1.467831e-22
2.885050e+00 1.457722e-22
2.891703e+00 1.447677e-22
2.898372e+00 1.437724e-22
2.905055e+00 1.427834e-22
2.911754e+00 1.418006e-22
2.918469e+00 1.408241e-22
2.925199e+00 1.398538e-22
2.931944e+00 1.388920e-22
2.938705e+00 1.379366e-22
2.945482e+00 1.369873e-22
2.952274e+00 1.360441e-22
2.959082e+00 1.359700e-22
2.965906e+00 1.429037e-22
2.972745e+00 1.358521e-22
2.979601e+00 1.323373e-22
2.986472e+00 1.314264e-22
2.993358e+00 1.305213e-22
3.000261e+00 1.296221e-22
3.007180e+00 1.287305e-22
3.014114e+00 1.278450e-22
3.021065e+00 1.269652e-22
3.028031e+00 1.260912e-22
3.035014e+00 1.252229e-22
3.042013e+00 1.243603e-22
3.049028e+00 1.235047e-22
3.056059e+00 1.226552e-22
3.063106e+00 1.218112e-22
3.070170e+00 1.209727e-22
3.077250e+00 1.201398e-22
3.084346e+00 1.193124e-22
3.091458e+00 1.184908e-22
3.098587e+00 1.176758e-22
3.105733e+00 1.168662e-22
3.112894e+00 2.731289e-22
3.120073e+00 5.427861e-22
3.127268e+00 6.581174e-22
3.134479e+00 3.818179e-22
3.141707e+00 1.128983e-22
3.148952e+00 1.121217e-22
3.156214e+00 1.058159e-22
3.163492e+00 1.031981e-22
3.170787e+00 1.024879e-22
3.178099e+00 1.017825e-22
3.185427e+00 1.010818e-22
3.192773e+00 1.003858e-22
3.200136e+00 9.969449e-23
3.207515e+00 9.900864e-23
3.214912e+00 9.832753e-23
3.222325e+00 9.765101e-23
3.229756e+00 9.697904e-23
3.237204e+00 9.631160e-23
3.244669e+00 9.564868e-23
3.252151e+00 9.499024e-23
3.259651e+00 9.334723e-23
3.267167e+00 8.743383e-23
3.274702e+00 8.683207e-23
3.282253e+00 8.623477e-23
3.289822e+00 8.564152e-23
3.297408e+00 8.505229e-23
3.305012e+00 8.446706e-23
3.312634e+00 8.388581e-23
3.320272e+00 8.330852e-23
3.327929e+00 8.273515e-23
3.335603e+00 8.216570e-23
3.343295e+00 8.273347e-23
3.351005e+00 8.683339e-23
3.358732e+00 8.596196e-23
3.366478e+00 8.005727e-23
3.374241e+00 7.937680e-23
3.382022e+00 7.883069e-23
3.389821e+00 7.828832e-23
3.397638e+00 7.774964e-23
3.405473e+00 7.721465e-23
3.413326e+00 7.668332e-23
3.421197e+00 7.615563e-23
3.429086e+00 7.563155e-23
3.436994e+00 7.511107e-23
3.444919e+00 7.459415e-23
3.452863e+00 7.408079e-23
3.460826e+00 7.357094e-23
3.468806e+00 7.306460e-23
3.476805e+00 7.256174e-23
3.484823e+00 7.206233e-23
3.492859e+00 7.156636e-23
3.500914e+00 7.107380e-23
3.508987e+00 7.058463e-23
3.517078e+00 7.009883e-23
3.525189e+00 6.961637e-23
3.533318e+00 6.913724e-23
3.541466e+00 6.866151e-23
3.549633e+00 6.818904e-23
3.557818e+00 6.771982e-23
3.566022e+00 6.725382e-23
3.574246e+00 6.679102e-23
3.582488e+00 6.236036e-23
3.590749e+00 6.148294e-23
3.599029e+00 6.105986e-23
3.607329e+00 6.063970e-23
3.615647e+00 6.022242e-23
3.623985e+00 5.980800e-23
3.632342e+00 5.939644e-23
3.640718e+00 5.898770e-23
3.649114e+00 5.858176e-23
3.657529e+00 5.817862e-23
3.665963e+00 5.777824e-23
3.674417e+00 5.738061e-23
3.682890e+00 5.698572e-23
3.691383e+00 6.049715e-23
3.699895e+00 5.625495e-23
3.708427e+00 5.581724e-23
3.716979e+00 5.543315e-23
3.725550e+00 5.505170e-23
3.734141e+00 5.504907e-23
3.742752e+00 5.767246e-23
3.751383e+00 5.392302e-23
3.760034e+00 5.355195e-23
3.768704e+00 5.318342e-23
3.777395e+00 5.281742e-23
3.786106e+00 5.245392e-23
3.794836e+00 5.209292e-23
3.803587e+00 5.173439e-23
3.812358e+00 5.137831e-23
3.821150e+00 5.102466e-23
3.829961e+00 5.067344e-23
3.838793e+00 5.032461e-23
3.847646e+00 4.997817e-23
3.856518e+00 4.963409e-23
3.865411e+00 4.929235e-23
3.874325e+00 4.895295e-23
3.883259e+00 4.861585e-23
3.892214e+00 4.828122e-23
3.901190e+00 4.794890e-23
3.910186e+00 4.761884e-23
3.919203e+00 4.729102e-23
3.928240e+00 4.696542e-23
3.937299e+00 4.664204e-23
3.946378e+00 4.458150e-23
3.955479e+00 4.293873e-23
3.964600e+00 4.264301e-23
3.973743e+00 4.234930e-23
3.982906e+00 4.205757e-23
3.992091e+00 4.176793e-23
4.001296e+00 4.148035e-23
4.010524e+00 4.119471e-23
4.019772e+00 4.091100e-23
4.029041e+00 4.062919e-23
4.038332e+00 4.034929e-23
4.047645e+00 4.007126e-23
4.056979e+00 3.979510e-23
4.066334e+00 3.952079e-23
4.075711e+00 3.924848e-23
4.085110e+00 3.897807e-23
4.094530e+00 3.870947e-23
4.103972e+00 3.722790e-23
4.113436e+00 3.718960e-23
4.122922e+00 3.791436e-23
4.132429e+00 3.765284e-23
4.141958e+00 3.739312e-23
4.151510e+00 3.713531e-23
4.161083e+00 3.687921e-23
4.170679e+00 3.662481e-23
4.180296e+00 3.637208e-23
4.189936e+00 3.612101e-23
4.199598e+00 3.587160e-23
4.209282e+00 3.562400e-23
4.218989e+00 3.537812e-23
4.228718e+00 3.744110e-23
4.238470e+00 4.004410e-23
4.248244e+00 3.573333e-23
4.258040e+00 3.220466e-23
4.267859e+00 3.417272e-23
4.277701e+00 3.393655e-23
4.287565e+00 3.491764e-23
4.297452e+00 3.585306e-23
4.307362e+00 3.351437e-23
4.317295e+00 3.300705e-23
4.327251e+00 3.277864e-23
4.337230e+00 3.255168e-23
4.347231e+00 3.232617e-23
4.357256e+00 3.210208e-23
4.367304e+00 3.187951e-23
4.377375e+00 3.165852e-23
4.387469e+00 3.143892e-23
4.397587e+00 3.122069e-23
4.407728e+00 3.100381e-23
4.417892e+00 3.265847e-23
4.428079e+00 3.057457e-23
4.438291e+00 3.036198e-23
4.448525e+00 3.015069e-23
4.458784e+00 2.994076e-23
4.469066e+00 2.973233e-23
4.479371e+00 2.850085e-23
4.489701e+00 2.737534e-23
4.500054e+00 2.718456e-23
4.510431e+00 2.747562e-23
4.520832e+00 2.870939e-23
4.531257e+00 2.850860e-23
4.541707e+00 2.830899e-23
4.552180e+00 2.811084e-23
4.562677e+00 2.791382e-23
4.573199e+00 2.771794e-23
4.583745e+00 2.752324e-23
4.594315e+00 2.732987e-23
4.604909e+00 2.713760e-23
4.615528e+00 2.694639e-23
4.626172e+00 2.675640e-23
4.636840e+00 2.656759e-23
4.647532e+00 2.637981e-23
4.658249e+00 2.619305e-23
4.668991e+00 2.600756e-23
4.679758e+00 2.582307e-23
4.690550e+00 2.563954e-23
4.701366e+00 2.545712e-23
4.712208e+00 2.527578e-23
4.723074e+00 2.509535e-23
4.733965e+00 2.479217e-23
4.744882e+00 2.373593e-23
4.755824e+00 2.456008e-23
4.766791e+00 2.278044e-23
4.777783e+00 2.261738e-23
4.788800e+00 2.245512e-23
4.799843e+00 2.229365e-23
4.810912e+00 2.213318e-23
4.822006e+00 2.197348e-23
4.833126e+00 2.181452e-23
4.844271e+00 2.165653e-23
4.855442e+00 2.058243e-23
4.866638e+00 1.994680e-23
4.877861e+00 1.980234e-23
4.889109e+00 1.965853e-23
4.900384e+00 1.951539e-23
4.911684e+00 1.937307e-23
4.923010e+00 1.923136e-23
4.934363e+00 1.909032e-23
4.945741e+00 1.834882e-23
4.957146e+00 1.758680e-23
4.968578e+00 1.745788e-23
4.980035e+00 1.732957e-23
4.991519e+00 1.837373e-23
5.003030e+00 1.992459e-23
5.014567e+00 1.724525e-23
5.026130e+00 1.682209e-23
5.037721e+00 1.669668e-23
5.049338e+00 1.657172e-23
5.060981e+00 1.611164e-23
5.072652e+00 1.602640e-23
5.084350e+00 1.607369e-23
5.096074e+00 1.504318e-23
5.107826e+00 1.492991e-23
5.119605e+00 1.662194e-23
5.131410e+00 1.792589e-23
5.143243e+00 1.626689e-23
5.155104e+00 1.448165e-23
5.166991e+00 1.437064e-23
5.178907e+00 1.383497e-23
5.190849e+00 1.324765e-23
5.202819e+00 1.314628e-23
5.214817e+00 1.304527e-23
5.226842e+00 1.313844e-23
5.238896e+00 1.371357e-23
5.250977e+00 1.360542e-23
5.263085e+00 1.349770e-23
5.275222e+00 1.339029e-23
5.287387e+00 1.328334e-23
5.299580e+00 1.239104e-23
5.311800e+00 1.307047e-23
5.324049e+00 1.296457e-23
5.336327e+00 1.285908e-23
5.348632e+00 1.275393e-23
5.360966e+00 1.240228e-23
5.373329e+00 1.176631e-23
5.385720e+00 1.244080e-23
5.398139e+00 1.174652e-23
5.410587e+00 1.168400e-23
5.423064e+00 1.155981e-23
5.435570e+00 1.129076e-23
5.448104e+00 1.119677e-23
5.460668e+00 1.162452e-23
5.473260e+00 1.047750e-23
5.485881e+00 1.091722e-23
5.498532e+00 1.140037e-23
5.511212e+00 1.118675e-23
5.523920e+00 1.064144e-23
5.536659e+00 1.055043e-23
5.549426e+00 1.108146e-23
5.562223e+00 1.102967e-23
5.575050e+00 9.666209e-24
5.587906e+00 9.857797e-24
5.600792e+00 9.556170e-24
5.613707e+00 9.631192e-24
5.626652e+00 9.336717e-24
5.639627e+00 9.256524e-24
5.652632e+00 9.176863e-24
5.665668e+00 9.097732e-24
5.678733e+00 9.019191e-24
5.691828e+00 9.499400e-24
5.704953e+00 9.089408e-24
5.718109e+00 8.787048e-24
5.731295e+00 8.710903e-24
5.744511e+00 8.463987e-24
5.757758e+00 8.059768e-24
5.771036e+00 8.486358e-24
5.784344e+00 8.412840e-24
5.797682e+00 8.340039e-24
5.811052e+00 8.267939e-24
5.824452e+00 7.753729e-24
5.837883e+00 7.656565e-24
5.851346e+00 7.151061e-24
5.864839e+00 7.091339e-24
5.878363e+00 7.463663e-24
5.891919e+00 6.973676e-24
5.905506e+00 7.195404e-24
5.919124e+00 6.858476e-24
5.932773e+00 6.801784e-24
5.946454e+00 6.981731e-24
5.960167e+00 7.007820e-24
5.973911e+00 6.635487e-24
5.987687e+00 6.581313e-24
6.001495e+00 6.921956e-24
6.015334e+00 7.576340e-24
6.029206e+00 7.037702e-24
6.043109e+00 6.370837e-24
6.057044e+00 6.319773e-24
6.071012e+00 6.269332e-24
6.085012e+00 6.219490e-24
6.099044e+00 6.497196e-24
6.113108e+00 6.278963e-24
6.127205e+00 6.169839e-24
6.141335e+00 7.537406e-24
6.155496e+00 8.272186e-24
6.169691e+00 9.041298e-24
6.183918e+00 8.687941e-24
6.198179e+00 7.347537e-24
6.212472e+00 8.179654e-24
6.226798e+00 7.756757e-24
6.241157e+00 6.070210e-24
6.255549e+00 6.248468e-24
6.269974e+00 5.308515e-24
6.284433e+00 5.269061e-24
6.298925e+00 5.230066e-24
6.313450e+00 5.191521e-24
6.328009e+00 5.153406e-24
6.342601e+00 4.828199e-24
6.357228e+00 4.793203e-24
6.371887e+00 4.758590e-24
6.386581e+00 4.724344e-24
6.401308e+00 4.690458e-24
6.416070e+00 4.656931e-24
6.430865e+00 4.623764e-24
6.445695e+00 4.590936e-24
6.460559e+00 4.558442e-24
6.475457e+00 4.526274e-24
6.490389e+00 4.494440e-24
6.505356e+00 4.462924e-24
6.520358e+00 4.431717e-24
6.535394e+00 4.400813e-24
6.550464e+00 4.370206e-24
6.565570e+00 4.339901e-24
6.580710e+00 4.309886e-24
6.595885e+00 4.280151e-24
6.611095e+00 4.250692e-24
6.626341e+00 4.221505e-24
6.641621e+00 4.192584e-24
6.656937e+00 4.584780e-24
6.672288e+00 5.194131e-24
6.687674e+00 4.348161e-24
6.703096e+00 4.079514e-24
6.718553e+00 4.051868e-24
6.734046e+00 4.005456e-24
6.749575e+00 3.774411e-24
6.765140e+00 3.749058e-24
6.780740e+00 3.723920e-24
6.796376e+00 3.698993e-24
6.812049e+00 3.674276e-24
6.827758e+00 3.649765e-24
6.843502e+00 3.625457e-24
6.859284e+00 3.601350e-24
6.875101e+00 3.577441e-24
6.890955e+00 3.553732e-24
6.906846e+00 3.530216e-24
6.922773e+00 3.506891e-24
6.938737e+00 3.483754e-24
6.954738e+00 3.460803e-24
6.970775e+00 3.438036e-24
6.986850e+00 3.415451e-24
7.002962e+00 3.393046e-24
7.019111e+00 3.568685e-24
7.035297e+00 3.545264e-24
7.051520e+00 3.486739e-24
7.067781e+00 3.305184e-24
7.084080e+00 3.300939e-24
7.100415e+00 3.879691e-24
7.116789e+00 3.430887e-24
7.133200e+00 4.504422e-24
7.149650e+00 4.803702e-24
7.166137e+00 3.178482e-24
7.182662e+00 3.327728e-24
7.199225e+00 3.154761e-24
7.215827e+00 3.117328e-24
7.232466e+00 3.116244e-24
7.249145e+00 2.925163e-24
7.265861e+00 2.889008e-24
7.282616e+00 2.870576e-24
7.299410e+00 3.006788e-24
7.316243e+00 3.173878e-24
7.333114e+00 2.980066e-24
7.350024e+00 3.132816e-24
7.366973e+00 2.942201e-24
7.383962e+00 2.911492e-24
7.400989e+00 2.745533e-24
7.418056e+00 2.728225e-24
7.435162e+00 2.711054e-24
7.452307e+00 2.694017e-24
7.469493e+00 2.832081e-24
7.486717e+00 2.752078e-24
7.503982e+00 2.873934e-24
7.521286e+00 2.695161e-24
7.538630e+00 2.610824e-24
7.556014e+00 2.594577e-24
7.573438e+00 2.578459e-24
7.590903e+00 2.562469e-24
7.608407e+00 2.546607e-24
7.625953e+00 2.530873e-24
7.643538e+00 2.515265e-24
7.661164e+00 2.600626e-24
7.678831e+00 2.795787e-24
7.696538e+00 2.469185e-24
7.714287e+00 2.454072e-24
7.732076e+00 2.439080e-24
7.749906e+00 2.424209e-24
7.767777e+00 2.409462e-24
7.785690e+00 2.394836e-24
7.803644e+00 2.380328e-24
7.821639e+00 2.365939e-24
7.839676e+00 2.485157e-24
7.857754e+00 2.337514e-24
7.875874e+00 2.441361e-24
7.894036e+00 2.309563e-24
7.912240e+00 2.356609e-24
7.930485e+00 4.035962e-24
7.948773e+00 6.972757e-24
7.967103e+00 4.071619e-24
7.985475e+00 2.367732e-24
8.003890e+00 2.424720e-24
8.022347e+00 2.300065e-24
8.040846e+00 2.325688e-24
8.059389e+00 2.296504e-24
8.077974e+00 2.176700e-24
8.096602e+00 2.164036e-24
8.115272e+00 2.251259e-24
8.133986e+00 2.529760e-24
8.152743e+00 2.952562e-24
8.171544e+00 2.398288e-24
8.190387e+00 2.102382e-24
8.209274e+00 2.078199e-24
8.228205e+00 2.078495e-24
8.247179e+00 1.959877e-24
8.266197e+00 2.055045e-24
8.285259e+00 2.335984e-24
8.304365e+00 2.260704e-24
8.323515e+00 2.722483e-24
8.342709e+00 1.919376e-24
8.361947e+00 1.940440e-24
8.381230e+00 1.961708e-24
8.400557e+00 1.969726e-24
8.419929e+00 1.865689e-24
8.439346e+00 1.855743e-24
8.458807e+00 1.845899e-24
8.478313e+00 1.874983e-24
8.497864e+00 1.923580e-24
8.517460e+00 1.727079e-24
8.537101e+00 1.807577e-24
8.556788e+00 1.798259e-24
8.576520e+00 1.717121e-24
8.596298e+00 1.692690e-24
8.616121e+00 1.684342e-24
8.635989e+00 1.676097e-24
8.655904e+00 1.753276e-24
8.675865e+00 1.659911e-24
8.695871e+00 1.736045e-24
8.715924e+00 1.644139e-24
8.736023e+00 1.636410e-24
8.756168e+00 1.650166e-24
8.776360e+00 1.621269e-24
8.796599e+00 1.613861e-24
8.816884e+00 1.606559e-24
8.837215e+00 1.599370e-24
8.857594e+00 1.592290e-24
8.878020e+00 1.585324e-24
8.898493e+00 1.565283e-24
8.919012e+00 1.571732e-24
8.939580e+00 1.493663e-24
8.960195e+00 1.542734e-24
8.980857e+00 1.552220e-24
9.001567e+00 1.475979e-24
9.022324e+00 1.517368e-24
9.043130e+00 1.464746e-24
9.063984e+00 1.459300e-24
9.084885e+00 1.466561e-24
9.105835e+00 1.516456e-24
9.126833e+00 1.443643e-24
9.147880e+00 1.438651e-24
9.168975e+00 1.433772e-24
9.190118e+00 1.429004e-24
9.211311e+00 1.490033e-24
9.232552e+00 1.485105e-24
9.253843e+00 1.415344e-24
9.275182e+00 1.475580e-24
9.296571e+00 1.406735e-24
9.318009e+00 1.402564e-24
9.339496e+00 1.398472e-24
9.361033e+00 1.394450e-24
9.382620e+00 1.390487e-24
9.404256e+00 1.386573e-24
9.425942e+00 1.382692e-24
9.447679e+00 1.378834e-24
9.469465e+00 1.374980e-24
9.491302e+00 1.371114e-24
9.513189e+00 1.367222e-24
9.535126e+00 1.363282e-24
9.557114e+00 1.359280e-24
9.579153e+00 1.300854e-24
9.601243e+00 1.342897e-24
9.623383e+00 1.293182e-24
9.645575e+00 1.342309e-24
9.667817e+00 1.285078e-24
9.690112e+00 1.280841e-24
9.712457e+00 1.328205e-24
9.734854e+00 1.323200e-24
9.757303e+00 1.318040e-24
9.779803e+00 1.312730e-24
9.802355e+00 1.307273e-24
9.824960e+00 1.301680e-24
9.847616e+00 1.295961e-24
9.870325e+00 1.290129e-24
9.893086e+00 1.356464e-24
9.915899e+00 1.340437e-24
9.938766e+00 1.272099e-24
9.961684e+00 1.247559e-24
9.984656e+00 1.221999e-24
1.000768e+01 1.212842e-24
1.003076e+01 1.203846e-24
1.005389e+01 1.198267e-24
1.007707e+01 1.192702e-24
1.010031e+01 1.187159e-24
1.012360e+01 1.181648e-24
1.014695e+01 1.176177e-24
1.017035e+01 1.170751e-24
1.019380e+01 1.129843e-24
1.021731e+01 1.125039e-24
1.024087e+01 1.120287e-24
1.026448e+01 1.124403e-24
1.028815e+01 1.110949e-24
1.031188e+01 1.139418e-24
1.033566e+01 1.134424e-24
1.035949e+01 1.129500e-24
1.038338e+01 1.124644e-24
1.040732e+01 1.088640e-24
1.043132e+01 1.084359e-24
1.045538e+01 1.080138e-24
1.047949e+01 1.075976e-24
1.050365e+01 1.071871e-24
1.052788e+01 1.067824e-24
1.055215e+01 1.063832e-24
1.057649e+01 1.059894e-24
1.060088e+01 1.056010e-24
1.062532e+01 1.052177e-24
1.064982e+01 1.048395e-24
1.067438e+01 1.044662e-24
1.069900e+01 1.040977e-24
1.072367e+01 1.063438e-24
1.074840e+01 1.033744e-24
1.077318e+01 1.030193e-24
1.079803e+01 1.026685e-24
1.082293e+01 1.023217e-24
1.084789e+01 1.019789e-24
1.087290e+01 1.016400e-24
1.089797e+01 1.013048e-24
1.092311e+01 1.009732e-24
1.094829e+01 1.006451e-24
1.097354e+01 1.003203e-24
1.099885e+01 9.999886e-25
1.102421e+01 9.968056e-25
1.104963e+01 9.936533e-25
1.107511e+01 9.905307e-25
1.110065e+01 9.874370e-25
1.112625e+01 9.654639e-25
1.115191e+01 9.668625e-25
1.117762e+01 9.599051e-25
1.120340e+01 9.571589e-25
1.122923e+01 9.544337e-25
1.125513e+01 9.517290e-25
1.128108e+01 9.490440e-25
1.130710e+01 9.463781e-25
1.133317e+01 9.437307e-25
1.135931e+01 9.411012e-25
1.138550e+01 9.427199e-25
1.141176e+01 9.358935e-25
1.143807e+01 9.333140e-25
1.146445e+01 9.307502e-25
1.149088e+01 9.282013e-25
1.151738e+01 9.269696e-25
1.154394e+01 1.007516e-24
1.157056e+01 9.206407e-25
1.159724e+01 9.181474e-25
1.162399e+01 9.156668e-25
1.165079e+01 9.263361e-25
1.167766e+01 9.107423e-25
1.170459e+01 9.224702e-25
1.173158e+01 9.058636e-25
1.175863e+01 9.034405e-25
1.178575e+01 9.010280e-25
1.181293e+01 8.986254e-25
1.184017e+01 8.962324e-25
1.186747e+01 8.938488e-25
1.189484e+01 8.914743e-25
1.192227e+01 8.891084e-25
1.194976e+01 8.867509e-25
1.197731e+01 8.844017e-25
1.200493e+01 8.870041e-25
1.203262e+01 8.797263e-25
1.206037e+01 8.773998e-25
1.208818e+01 8.646051e-25
1.211605e+01 8.624287e-25
1.214399e+01 8.602571e-25
1.217200e+01 8.580901e-25
1.220006e+01 8.560018e-25
1.222820e+01 8.635803e-25
1.225640e+01 8.612982e-25
1.228466e+01 8.590215e-25
1.231299e+01 8.567502e-25
1.234138e+01 8.544839e-25
1.236984e+01 8.522226e-25
1.239837e+01 8.499660e-25
1.242696e+01 8.578365e-25
1.245561e+01 8.554595e-25
1.248434e+01 9.335456e-25
1.251313e+01 8.409837e-25
1.254198e+01 8.302469e-25
1.257090e+01 8.281250e-25
1.259989e+01 8.260052e-25
1.262895e+01 8.238876e-25
1.265807e+01 8.217718e-25
1.268726e+01 8.196580e-25
1.271652e+01 8.175458e-25
1.274584e+01 8.154354e-25
1.277523e+01 8.065683e-25
1.280469e+01 8.045485e-25
1.283422e+01 8.091132e-25
1.286382e+01 8.070086e-25
1.289348e+01 7.984900e-25
1.292321e+01 8.014114e-25
1.295301e+01 8.007023e-25
1.298288e+01 7.986024e-25
1.301282e+01 7.965036e-25
1.304283e+01 7.944058e-25
1.307291e+01 7.923090e-25
1.310305e+01 7.902131e-25
1.313327e+01 8.020760e-25
1.316355e+01 8.176100e-25
1.319391e+01 7.839305e-25
1.322433e+01 7.818379e-25
1.325483e+01 7.797462e-25
1.328539e+01 7.776552e-25
1.331603e+01 7.755649e-25
1.334674e+01 7.794835e-25
1.337752e+01 7.661678e-25
1.340836e+01 7.641461e-25
1.343928e+01 7.621243e-25
1.347027e+01 7.601023e-25
1.350134e+01 7.580802e-25
1.353247e+01 7.560581e-25
1.356368e+01 7.540358e-25
1.359496e+01 7.520136e-25
1.362631e+01 7.499913e-25
1.365773e+01 7.479691e-25
1.368922e+01 7.459470e-25
1.372079e+01 7.439250e-25
1.375243e+01 7.419032e-25
1.378414e+01 7.398817e-25
1.381593e+01 7.378605e-25
1.384779e+01 7.358396e-25
1.387972e+01 7.338192e-25
1.391173e+01 7.302693e-25
1.394381e+01 7.261357e-25
1.397596e+01 7.241627e-25
1.400819e+01 7.257432e-25
1.404050e+01 7.202172e-25
1.407287e+01 7.217097e-25
1.410533e+01 7.162728e-25
1.413785e+01 7.143012e-25
1.417045e+01 7.123303e-25
1.420313e+01 7.136551e-25
1.423588e+01 7.083905e-25
1.426871e+01 7.064220e-25
1.430162e+01 7.039022e-25
1.433460e+01 6.997430e-25
1.436765e+01 6.978121e-25
1.440078e+01 6.958821e-25
1.443399e+01 6.939532e-25
1.446728e+01 6.920256e-25
1.450064e+01 6.900993e-25
1.453408e+01 6.881746e-25
1.456759e+01 6.862515e-25
1.460119e+01 6.843302e-25
1.463486e+01 6.824109e-25
1.466860e+01 6.804937e-25
1.470243e+01 6.785789e-25
1.473633e+01 6.766665e-25
1.477032e+01 6.747567e-25
1.480438e+01 6.740414e-25
1.483852e+01 6.748212e-25
1.487273e+01 6.712945e-25
1.490703e+01 6.697564e-25
1.494141e+01 6.633351e-25
1.497586e+01 6.633639e-25
1.501040e+01 6.858402e-25
1.504501e+01 6.577469e-25
1.507970e+01 6.558920e-25
1.511448e+01 6.540414e-25
1.514933e+01 6.521952e-25
1.518427e+01 6.503538e-25
1.521928e+01 6.485173e-25
1.525438e+01 6.466859e-25
1.528955e+01 6.448599e-25
1.532481e+01 6.430053e-25
1.536015e+01 6.397801e-25
1.539557e+01 6.379895e-25
1.543107e+01 6.362050e-25
1.546666e+01 6.344269e-25
1.550232e+01 6.326554e-25
1.553807e+01 6.308908e-25
1.557390e+01 6.291333e-25
1.560982e+01 6.273833e-25
1.564581e+01 6.256410e-25
1.568189e+01 6.239066e-25
1.571805e+01 6.221805e-25
1.575430e+01 6.204630e-25
1.579063e+01 6.187542e-25
1.582704e+01 6.170545e-25
1.586354e+01 6.153642e-25
1.590012e+01 6.126366e-25
1.593679e+01 6.109790e-25
1.597354e+01 6.093314e-25
1.601037e+01 6.076943e-25
1.604729e+01 6.060680e-25
1.608430e+01 6.044527e-25
1.612139e+01 6.028487e-25
1.615857e+01 6.012565e-25
1.619583e+01 5.996762e-25
1.623317e+01 5.990434e-25
1.627061e+01 5.965529e-25
1.630813e+01 5.950106e-25
1.634574e+01 5.934815e-25
1.638343e+01 5.919660e-25
1.642121e+01 5.904645e-25
1.645908e+01 5.898437e-25
1.649703e+01 5.883600e-25
1.653507e+01 5.880848e-25
1.657320e+01 5.874892e-25
1.661142e+01 5.860254e-25
1.664973e+01 5.835105e-25
1.668812e+01 5.803719e-25
1.672661e+01 5.796291e-25
1.676518e+01 5.769514e-25
1.680384e+01 5.756163e-25
1.684259e+01 5.742988e-25
1.688143e+01 5.729992e-25
1.692035e+01 5.717176e-25
1.695937e+01 5.704546e-25
1.699848e+01 5.692104e-25
1.703768e+01 5.679853e-25
1.707697e+01 5.667797e-25
1.711635e+01 5.655939e-25
1.715582e+01 5.644281e-25
1.719538e+01 5.632827e-25
1.723503e+01 5.621581e-25
1.727478e+01 5.605554e-25
1.731461e+01 5.595982e-25
1.735454e+01 5.584259e-25
1.739456e+01 5.573937e-25
1.743467e+01 5.563836e-25
1.747488e+01 5.553959e-25
1.751517e+01 5.544309e-25
1.755556e+01 5.534887e-25
1.759605e+01 5.525698e-25
1.763662e+01 5.516742e-25
1.767729e+01 5.508023e-25
1.771806e+01 5.499543e-25
1.775892e+01 5.491305e-25
1.779987e+01 5.483309e-25
1.784092e+01 5.475560e-25
1.788206e+01 5.468057e-25
1.792329e+01 5.460805e-25
1.796462e+01 5.453803e-25
1.800605e+01 5.447055e-25
1.804757e+01 5.440561e-25
1.808919e+01 5.431064e-25
1.813090e+01 5.425133e-25
1.817271e+01 5.419460e-25
1.821462e+01 5.414047e-25
1.825662e+01 5.408894e-25
1.829872e+01 5.407023e-25
1.834092e+01 5.399375e-25
1.838322e+01 5.395009e-25
1.842561e+01 5.390908e-25
1.846810e+01 5.387070e-25
1.851068e+01 5.383496e-25
1.855337e+01 5.380187e-25
1.859615e+01 5.377142e-25
1.863904e+01 5.374362e-25
1.868202e+01 5.371475e-25
1.872510e+01 5.369593e-25
1.876828e+01 5.365395e-25
1.881156e+01 5.363703e-25
1.885494e+01 5.362272e-25
1.889842e+01 5.361099e-25
1.894200e+01 5.360185e-25
1.898568e+01 5.359528e-25
1.902946e+01 5.359125e-25
1.907334e+01 5.358976e-25
1.911733e+01 5.359225e-25
1.916141e+01 5.359427e-25
1.920560e+01 5.360023e-25
1.924989e+01 5.360863e-25
1.929428e+01 5.361942e-25
1.933877e+01 5.363260e-25
1.938336e+01 5.364811e-25
1.942806e+01 5.366592e-25
1.947286e+01 5.368600e-25
1.951777e+01 5.370831e-25
1.956278e+01 5.373279e-25
1.960789e+01 5.379188e-25
1.965310e+01 5.378293e-25
1.969842e+01 5.380542e-25
1.974385e+01 5.383840e-25
1.978938e+01 5.391363e-25
1.983501e+01 5.392026e-25
1.988075e+01 5.396130e-25
1.992660e+01 5.398908e-25
1.997255e+01 5.403115e-25
2.001861e+01 5.408680e-25
2.006477e+01 5.412011e-25
2.011104e+01 5.416687e-25
2.015741e+01 5.421506e-25
2.020390e+01 5.426460e-25
2.025049e+01 5.431543e-25
2.029719e+01 5.436746e-25
2.034399e+01 5.442062e-25
2.039090e+01 5.447484e-25
2.043793e+01 5.455384e-25
2.048506e+01 5.459621e-25
2.053229e+01 5.464299e-25
2.057964e+01 5.469579e-25
2.062710e+01 5.475048e-25
2.067466e+01 5.480943e-25
2.072234e+01 5.486885e-25
2.077013e+01 5.492866e-25
2.081802e+01 5.498877e-25
2.086603e+01 5.504909e-25
2.091415e+01 5.510955e-25
2.096237e+01 5.517386e-25
2.101071e+01 5.523050e-25
2.105916e+01 5.529083e-25
2.110773e+01 5.535095e-25
2.115640e+01 5.541078e-25
2.120519e+01 5.547022e-25
2.125409e+01 5.552921e-25
2.130310e+01 5.558766e-25
2.135223e+01 5.564549e-25
2.140146e+01 5.570262e-25
2.145082e+01 5.575898e-25
2.150028e+01 5.581448e-25
2.154986e+01 5.586907e-25
2.159956e+01 5.592265e-25
2.164936e+01 5.597517e-25
2.169929e+01 5.602656e-25
2.174933e+01 5.607675e-25
2.179948e+01 5.612567e-25
2.184975e+01 5.617327e-25
2.190014e+01 5.621948e-25
2.195064e+01 5.626425e-25
2.200126e+01 5.630753e-25
2.205199e+01 5.634925e-25
2.210284e+01 5.638938e-25
2.215381e+01 5.642786e-25
2.220490e+01 5.646465e-25
2.225610e+01 5.649971e-25
2.230743e+01 5.653300e-25
2.235887e+01 5.656447e-25
2.241043e+01 5.659410e-25
2.246211e+01 5.662186e-25
2.251390e+01 5.664770e-25
2.256582e+01 5.667162e-25
2.261786e+01 5.669358e-25
2.267002e+01 5.671356e-25
2.272229e+01 5.673154e-25
2.277469e+01 5.674751e-25
2.282721e+01 5.676145e-25
2.287985e+01 5.677335e-25
2.293261e+01 5.678320e-25
2.298549e+01 5.679098e-25
2.303850e+01 5.679671e-25
2.309162e+01 5.680036e-25
2.314487e+01 5.680195e-25
2.319825e+01 5.680147e-25
2.325174e+01 5.679892e-25
2.330536e+01 5.679432e-25
2.335910e+01 5.679226e-25
2.341297e+01 5.677896e-25
2.346696e+01 5.676822e-25
2.352107e+01 5.675546e-25
2.357531e+01 5.674069e-25
2.362968e+01 5.672393e-25
2.368417e+01 5.670519e-25
2.373878e+01 5.668448e-25
2.379353e+01 5.666184e-25
2.384839e+01 5.663727e-25
2.390339e+01 5.661081e-25
2.395851e+01 5.658246e-25
2.401376e+01 5.655649e-25
2.406914e+01 5.652024e-25
2.412464e+01 5.648640e-25
2.418027e+01 5.645079e-25
2.423603e+01 5.641343e-25
2.429192e+01 5.637434e-25
2.434794e+01 5.633356e-25
2.440408e+01 5.629111e-25
2.446036e+01 5.624702e-25
2.451676e+01 5.620133e-25
2.457330e+01 5.615406e-25
2.462997e+01 5.610524e-25
2.468676e+01 5.605490e-25
2.474369e+01 5.600308e-25
2.480075e+01 5.594981e-25
2.485794e+01 5.589891e-25
2.491526e+01 5.584280e-25
2.497272e+01 5.578532e-25
2.503031e+01 5.572413e-25
2.508803e+01 5.566274e-25
2.514588e+01 5.560323e-25
2.520387e+01 5.553885e-25
2.526199e+01 5.547510e-25
2.532024e+01 5.541017e-25
2.537863e+01 5.534411e-25
2.543715e+01 5.527694e-25
2.549581e+01 5.520870e-25
2.555460e+01 5.513942e-25
2.561353e+01 5.506913e-25
2.567260e+01 5.499785e-25
2.573180e+01 5.492563e-25
2.579114e+01 5.485248e-25
2.585061e+01 5.477844e-25
2.591022e+01 5.470354e-25
2.596997e+01 5.462606e-25
2.602986e+01 5.454843e-25
2.608988e+01 5.447114e-25
2.615005e+01 5.439310e-25
2.621035e+01 5.431433e-25
2.627079e+01 5.423488e-25
2.633137e+01 5.415475e-25
2.639209e+01 5.407398e-25
2.645295e+01 5.399260e-25
2.651395e+01 5.391063e-25
2.657509e+01 5.382809e-25
2.663638e+01 5.374501e-25
2.669780e+01 5.366141e-25
2.675937e+01 5.357732e-25
2.682107e+01 5.349276e-25
2.688292e+01 5.340775e-25
2.694492e+01 5.332232e-25
2.700705e+01 5.323649e-25
2.706933e+01 5.315027e-25
2.713175e+01 5.306369e-25
2.719432e+01 5.297677e-25
2.725703e+01 5.288953e-25
2.731988e+01 5.280199e-25
2.738288e+01 5.271417e-25
2.744603e+01 5.262609e-25
2.750932e+01 5.253777e-25
2.757275e+01 5.244922e-25
2.763634e+01 5.236046e-25
2.770007e+01 5.227151e-25
2.776394e+01 5.218045e-25
2.782797e+01 5.209119e-25
2.789214e+01 5.200178e-25
2.795646e+01 5.191225e-25
2.802093e+01 5.182261e-25
2.808554e+01 5.173287e-25
2.815031e+01 5.164305e-25
2.821522e+01 5.155316e-25
2.828029e+01 5.146321e-25
2.834550e+01 5.137417e-25
2.841087e+01 5.128322e-25
2.847638e+01 5.119319e-25
2.854205e+01 5.110316e-25
2.860787e+01 5.101314e-25
2.867384e+01 5.092314e-25
2.873996e+01 5.083317e-25
2.880623e+01 5.074324e-25
2.887266e+01 5.065337e-25
2.893924e+01 5.056518e-25
2.900598e+01 5.047543e-25
2.907286e+01 5.038577e-25
2.913991e+01 5.029619e-25
2.920710e+01 5.020672e-25
2.927446e+01 5.011737e-25
2.934196e+01 5.002813e-25
2.940963e+01 4.993902e-25
2.947744e+01 4.985005e-25
2.954542e+01 4.975975e-25
2.961355e+01 4.967109e-25
2.968184e+01 4.958259e-25
2.975029e+01 4.949426e-25
2.981889e+01 4.940610e-25
2.988765e+01 4.931812e-25
2.995658e+01 4.923141e-25
3.002566e+01 4.914409e-25
3.009489e+01 4.905532e-25
3.016429e+01 4.896813e-25
3.023385e+01 4.888114e-25
3.030357e+01 4.879437e-25
3.037345e+01 4.870782e-25
3.044349e+01 4.862149e-25
3.051370e+01 4.853540e-25
3.058406e+01 4.844954e-25
3.065459e+01 4.836392e-25
3.072528e+01 4.827854e-25
3.079613e+01 4.819342e-25
3.086715e+01 4.810854e-25
3.093833e+01 4.802392e-25
3.100967e+01 4.793956e-25
3.108118e+01 4.785546e-25
3.115285e+01 4.777163e-25
3.122469e+01 4.768807e-25
3.129670e+01 4.760478e-25
3.136887e+01 4.752176e-25
3.144120e+01 4.743902e-25
3.151371e+01 4.735657e-25
3.158638e+01 4.727440e-25
3.165922e+01 4.719357e-25
3.173222e+01 4.711091e-25
3.180540e+01 4.702960e-25
3.187874e+01 4.694858e-25
3.195225e+01 4.686786e-25
3.202594e+01 4.678743e-25
3.209979e+01 4.670730e-25
3.217381e+01 4.662845e-25
3.224800e+01 4.654793e-25
3.232237e+01 4.646870e-25
3.239690e+01 4.638978e-25
3.247161e+01 4.631116e-25
3.254649e+01 4.623284e-25
3.262154e+01 4.615483e-25
3.269677e+01 4.607713e-25
3.277217e+01 4.599973e-25
3.284774e+01 4.592265e-25
3.292349e+01 4.584588e-25
3.299941e+01 4.576941e-25
3.307551e+01 4.569326e-25
3.315178e+01 4.561742e-25
3.322823e+01 4.554189e-25
3.330485e+01 4.546667e-25
3.338165e+01 4.539177e-25
3.345863e+01 4.531718e-25
3.353579e+01 4.524290e-25
3.361312e+01 4.516893e-25
3.369063e+01 4.509528e-25
3.376832e+01 4.502194e-25
3.384619e+01 4.494892e-25
3.392424e+01 4.487621e-25
3.400247e+01 4.480381e-25
3.408088e+01 4.473172e-25
3.415947e+01 4.465995e-25
3.423825e+01 4.458849e-25
3.431720e+01 4.451734e-25
3.439634e+01 4.444650e-25
3.447565e+01 4.437598e-25
3.455515e+01 4.430576e-25
3.463484e+01 4.423585e-25
3.471471e+01 4.416626e-25
3.479476e+01 4.409697e-25
3.487500e+01 4.402799e-25
3.495542e+01 4.395932e-25
3.503603e+01 4.389095e-25
3.511682e+01 4.382290e-25
3.519780e+01 4.375514e-25
3.527897e+01 4.368769e-25
3.536032e+01 4.362055e-25
3.544186e+01 4.355371e-25
3.552359e+01 4.348717e-25
3.560551e+01 4.342093e-25
3.568761e+01 4.335500e-25
3.576991e+01 4.328936e-25
3.585240e+01 4.322402e-25
3.593507e+01 4.315898e-25
3.601794e+01 4.309423e-25
3.610100e+01 4.302973e-25
3.618424e+01 4.296558e-25
3.626769e+01 4.290130e-25
3.635132e+01 4.283774e-25
3.643515e+01 4.277447e-25
3.651917e+01 4.271148e-25
3.660338e+01 4.264897e-25
3.668779e+01 4.258682e-25
3.677239e+01 4.252470e-25
3.685719e+01 4.246286e-25
3.694218e+01 4.240131e-25
3.702737e+01 4.234003e-25
3.711275e+01 4.227905e-25
3.719834e+01 4.221834e-25
3.728412e+01 4.215791e-25
3.737009e+01 4.209776e-25
3.745627e+01 4.203788e-25
3.754264e+01 4.197829e-25
3.762922e+01 4.191896e-25
3.771599e+01 4.185991e-25
3.780296e+01 4.180113e-25
3.789014e+01 4.174263e-25
3.797751e+01 4.168439e-25
3.806509e+01 4.162642e-25
3.815287e+01 4.156872e-25
3.824085e+01 4.151128e-25
3.832903e+01 4.145410e-25
3.841742e+01 4.139719e-25
3.850601e+01 4.134054e-25
3.859480e+01 4.128415e-25
3.868380e+01 4.122802e-25
3.877301e+01 4.117215e-25
3.886242e+01 4.111654e-25
3.895204e+01 4.106117e-25
3.904186e+01 4.100607e-25
3.913189e+01 4.095121e-25
3.922213e+01 4.089661e-25
3.931258e+01 4.084226e-25
3.940323e+01 4.078816e-25
3.949410e+01 4.073432e-25
3.958517e+01 4.068072e-25
3.967645e+01 4.062739e-25
3.976795e+01 4.057434e-25
3.985965e+01 4.052166e-25
3.995157e+01 4.046978e-25
4.004370e+01 4.042880e-25
4.013604e+01 4.037005e-25
4.022859e+01 4.031298e-25
4.032136e+01 4.026077e-25
4.041434e+01 4.020917e-25
4.050754e+01 4.015789e-25
4.060095e+01 4.010688e-25
4.069457e+01 4.005611e-25
4.078842e+01 4.000557e-25
4.088247e+01 3.995527e-25
4.097675e+01 3.990519e-25
4.107124e+01 3.985533e-25
4.116595e+01 3.980570e-25
4.126088e+01 3.975629e-25
4.135603e+01 3.970710e-25
4.145140e+01 3.965813e-25
4.154698e+01 3.960938e-25
4.164279e+01 3.956084e-25
4.173882e+01 3.951251e-25
4.183507e+01 3.946440e-25
4.193154e+01 3.941651e-25
4.202824e+01 3.936882e-25
4.212516e+01 3.932134e-25
4.222230e+01 3.927407e-25
4.231966e+01 3.922700e-25
4.241725e+01 3.918015e-25
4.251507e+01 3.913349e-25
4.261311e+01 3.908704e-25
4.271137e+01 3.904079e-25
4.280986e+01 3.899474e-25
4.290858e+01 3.894889e-25
4.300753e+01 3.890324e-25
4.310671e+01 3.885778e-25
4.320611e+01 3.881252e-25
4.330575e+01 3.876745e-25
4.340561e+01 3.872258e-25
4.350570e+01 3.867790e-25
4.360603e+01 3.863341e-25
4.370658e+01 3.858911e-25
4.380737e+01 3.854500e-25
4.390839e+01 3.850107e-25
4.400964e+01 3.845733e-25
4.411113e+01 3.841377e-25
4.421285e+01 3.837040e-25
4.431481e+01 3.832721e-25
4.441700e+01 3.828420e-25
4.451942e+01 3.824138e-25
4.462208e+01 3.819873e-25
4.472498e+01 3.815625e-25
4.482812e+01 3.811396e-25
4.493149e+01 3.807184e-25
4.503511e+01 3.802989e-25
4.513896e+01 3.798812e-25
4.524305e+01 3.794652e-25
4.534738e+01 3.790509e-25
4.545195e+01 3.786384e-25
4.555676e+01 3.782275e-25
4.566182e+01 3.778182e-25
4.576711e+01 3.774107e-25
4.587265e+01 3.770048e-25
4.597843e+01 3.766005e-25
4.608446e+01 3.761979e-25
4.619073e+01 3.757969e-25
4.629725e+01 3.753976e-25
4.640401e+01 3.749998e-25
4.651102e+01 3.746036e-25
4.661827e+01 3.742091e-25
4.672578e+01 3.738160e-25
4.683353e+01 3.734246e-25
4.694152e+01 3.730347e-25
4.704977e+01 3.726463e-25
4.715827e+01 3.722595e-25
4.726702e+01 3.718742e-25
4.737601e+01 3.714904e-25
4.748526e+01 3.711082e-25
4.759476e+01 3.707274e-25
4.770452e+01 3.703481e-25
4.781453e+01 3.699703e-25
4.792479e+01 3.695939e-25
4.803530e+01 3.692190e-25
4.814607e+01 3.688456e-25
4.825710e+01 3.684736e-25
4.836838e+01 3.681030e-25
4.847992e+01 3.677338e-25
4.859171e+01 3.673661e-25
4.870376e+01 3.669997e-25
4.881607e+01 3.666348e-25
4.892864e+01 3.662712e-25
4.904147e+01 3.659090e-25
4.915456e+01 3.655482e-25
4.926792e+01 3.651887e-25
4.938153e+01 3.648306e-25
4.949540e+01 3.644738e-25
4.960954e+01 3.641184e-25
4.972394e+01 3.637643e-25
4.983860e+01 3.634115e-25
4.995353e+01 3.630600e-25
5.006872e+01 3.627098e-25
5.018418e+01 3.623609e-25
5.029991e+01 3.620132e-25
5.041590e+01 3.616669e-25
5.053216e+01 3.613218e-25
5.064869e+01 3.609780e-25
5.076548e+01 3.606354e-25
5.088255e+01 3.602941e-25
5.099988e+01 3.599540e-25
5.111749e+01 3.596151e-25
5.123537e+01 3.592775e-25
5.135352e+01 3.589410e-25
5.147194e+01 3.586058e-25
5.159063e+01 3.582717e-25
5.170960e+01 3.579389e-25
5.182884e+01 3.576072e-25
5.194836e+01 3.572767e-25
5.206816e+01 3.569474e-25
5.218822e+01 3.566193e-25
5.230857e+01 3.562922e-25
5.242920e+01 3.559664e-25
5.255010e+01 3.556417e-25
5.267128e+01 3.553181e-25
5.279274e+01 3.549956e-25
5.291448e+01 3.546742e-25
5.303650e+01 3.543540e-25
5.315880e+01 3.540349e-25
5.328139e+01 3.537168e-25
5.340425e+01 3.533999e-25
5.352741e+01 3.530840e-25
5.365084e+01 3.527692e-25
5.377456e+01 3.524555e-25
5.389856e+01 3.521429e-25
5.402285e+01 3.518313e-25
5.414743e+01 3.515207e-25
5.427230e+01 3.512112e-25
5.439745e+01 3.509028e-25
5.452289e+01 3.505954e-25
5.464862e+01 3.502890e-25
5.477464e+01 3.499836e-25
5.490095e+01 3.496792e-25
5.502755e+01 3.493759e-25
5.515445e+01 3.490735e-25
5.528163e+01 3.487722e-25
5.540911e+01 3.484718e-25
5.553689e+01 3.481724e-25
5.566495e+01 3.478740e-25
5.579332e+01 3.475766e-25
5.592198e+01 3.472802e-25
5.605093e+01 3.469847e-25
5.618019e+01 3.466901e-25
5.630974e+01 3.463965e-25
5.643959e+01 3.461038e-25
5.656974e+01 3.458122e-25
5.670019e+01 3.455214e-25
5.683094e+01 3.452316e-25
5.696200e+01 3.449427e-25
5.709335e+01 3.446547e-25
5.722501e+01 3.443677e-25
5.735697e+01 3.440816e-25
5.748923e+01 3.437967e-25
5.762181e+01 3.435145e-25
5.775468e+01 3.432785e-25
5.788786e+01 3.429470e-25
5.802135e+01 3.426643e-25
5.815515e+01 3.423832e-25
5.828926e+01 3.421032e-25
5.842367e+01 3.418240e-25
5.855840e+01 3.415458e-25
5.869344e+01 3.412684e-25
5.882878e+01 3.409918e-25
5.896444e+01 3.407161e-25
5.910041e+01 3.404413e-25
5.923670e+01 3.401673e-25
5.937330e+01 3.398941e-25
5.951022e+01 3.396218e-25
5.964745e+01 3.393503e-25
5.978500e+01 3.390796e-25
5.992286e+01 3.388097e-25
6.006104e+01 3.385406e-25
6.019954e+01 3.382724e-25
6.033836e+01 3.380049e-25
6.047750e+01 3.377382e-25
6.061697e+01 3.374724e-25
6.075675e+01 3.372073e-25
6.089686e+01 3.369430e-25
6.103728e+01 3.366795e-25
6.117804e+01 3.364168e-25
6.131911e+01 3.361548e-25
6.146052e+01 3.358936e-25
6.160224e+01 3.356332e-25
6.174430e+01 3.353735e-25
6.188668e+01 3.351146e-25
6.202939e+01 3.348565e-25
6.217243e+01 3.345991e-25
6.231580e+01 3.343424e-25
6.245950e+01 3.340865e-25
6.260354e+01 3.338313e-25
6.274790e+01 3.335769e-25
6.289260e+01 3.333232e-25
6.303763e+01 3.330702e-25
6.318299e+01 3.328179e-25
6.332869e+01 3.325664e-25
6.347473e+01 3.323155e-25
6.362110e+01 3.320654e-25
6.376781e+01 3.318160e-25
6.391486e+01 3.315673e-25
6.406225e+01 3.313193e-25
6.420998e+01 3.310720e-25
6.435805e+01 3.308254e-25
6.450646e+01 3.305794e-25
6.465521e+01 3.303342e-25
6.480431e+01 3.300897e-25
6.495375e+01 3.298458e-25
6.510353e+01 3.296026e-25
6.525366e+01 3.293601e-25
6.540413e+01 3.291182e-25
6.555496e+01 3.288770e-25
6.570613e+01 3.286365e-25
6.585765e+01 3.283967e-25
6.600951e+01 3.281575e-25
6.616173e+01 3.279189e-25
6.631430e+01 3.276810e-25
6.646722e+01 3.274438e-25
6.662050e+01 3.272072e-25
6.677412e+01 3.269712e-25
6.692811e+01 3.267359e-25
6.708244e+01 3.265012e-25
6.723714e+01 3.262672e-25
6.739218e+01 3.260338e-25
6.754759e+01 3.258010e-25
6.770336e+01 3.255688e-25
6.785948e+01 3.253373e-25
6.801597e+01 3.251064e-25
6.817281e+01 3.248761e-25
6.833002e+01 3.246464e-25
6.848759e+01 3.244173e-25
6.864552e+01 3.241888e-25
6.880382e+01 3.239610e-25
6.896248e+01 3.237337e-25
6.912151e+01 3.235070e-25
6.928090e+01 3.232810e-25
6.944067e+01 3.230555e-25
6.960080e+01 3.228306e-25
6.976130e+01 3.226063e-25
6.992217e+01 3.223826e-25
7.008341e+01 3.221595e-25
7.024502e+01 3.219370e-25
7.040701e+01 3.217150e-25
7.056936e+01 3.214937e-25
7.073210e+01 3.212729e-25
7.089521e+01 3.210526e-25
7.105869e+01 3.208330e-25
7.122255e+01 3.206139e-25
7.138679e+01 3.203954e-25
7.155141e+01 3.201774e-25
7.171641e+01 3.199600e-25
7.188179e+01 3.197432e-25
7.204755e+01 3.195269e-25
7.221369e+01 3.193112e-25
7.238022e+01 3.190960e-25
7.254713e+01 3.188813e-25
7.271442e+01 3.186673e-25
7.288210e+01 3.184537e-25
7.305017e+01 3.182407e-25
7.321862e+01 3.180283e-25
7.338746e+01 3.178164e-25
7.355669e+01 3.176050e-25
7.372632e+01 3.173941e-25
7.389633e+01 3.171838e-25
7.406674e+01 3.169740e-25
7.423753e+01 3.167648e-25
7.440873e+01 3.165561e-25
7.458031e+01 3.163479e-25
7.475230e+01 3.161402e-25
7.492468e+01 3.159330e-25
7.509745e+01 3.157264e-25
7.527063e+01 3.155203e-25
7.544420e+01 3.153146e-25
7.561818e+01 3.151095e-25
7.579255e+01 3.149050e-25
7.596733e+01 3.147009e-25
7.614251e+01 3.144973e-25
7.631810e+01 3.142942e-25
7.649409e+01 3.140917e-25
7.667048e+01 3.138896e-25
7.684729e+01 3.136880e-25
7.702450e+01 3.134870e-25
7.720212e+01 3.132864e-25
7.738015e+01 3.130863e-25
7.755858e+01 3.128868e-25
7.773744e+01 3.126877e-25
7.791670e+01 3.124891e-25
7.809638e+01 3.122910e-25
7.827647e+01 3.120933e-25
7.845697e+01 3.118962e-25
7.863789e+01 3.116995e-25
7.881923e+01 3.115033e-25
7.900099e+01 3.113076e-25
7.918317e+01 3.111124e-25
7.936577e+01 3.109177e-25
7.954878e+01 3.107234e-25
7.973222e+01 3.105296e-25
7.991609e+01 3.103363e-25
8.010037e+01 3.101434e-25
8.028509e+01 3.099510e-25
8.047022e+01 3.097591e-25
8.065579e+01 3.095677e-25
8.084178e+01 3.093767e-25
8.102820e+01 3.091861e-25
8.121506e+01 3.089961e-25
8.140234e+01 3.088065e-25
8.159005e+01 3.086173e-25
8.177820e+01 3.084286e-25
8.196678e+01 3.082404e-25
8.215580e+01 3.080526e-25
8.234525e+01 3.078653e-25
8.253514e+01 3.076784e-25
8.272546e+01 3.074919e-25
8.291623e+01 3.073060e-25
8.310744e+01 3.071204e-25
8.329908e+01 3.069353e-25
8.349117e+01 3.067507e-25
8.368370e+01 3.065665e-25
8.387668e+01 3.063827e-25
8.407010e+01 3.061994e-25
8.426396e+01 3.060165e-25
8.445828e+01 3.058341e-25
8.465304e+01 3.056521e-25
8.484825e+01 3.054705e-25
8.504391e+01 3.052894e-25
8.524002e+01 3.051087e-25
8.543659e+01 3.049284e-25
8.563360e+01 3.047486e-25
8.583107e+01 3.045692e-25
8.602900e+01 3.043902e-25
8.622738e+01 3.042117e-25
8.642623e+01 3.040335e-25
8.662553e+01 3.038558e-25
8.682528e+01 3.036786e-25
8.702550e+01 3.035017e-25
8.722619e+01 3.033253e-25
8.742733e+01 3.031493e-25
8.762894e+01 3.029737e-25
8.783101e+01 3.027985e-25
8.803355e+01 3.026238e-25
8.823656e+01 3.024494e-25
8.844003e+01 3.022755e-25
8.864397e+01 3.021020e-25
8.884839e+01 3.019289e-25
8.905327e+01 3.017563e-25
8.925863e+01 3.015840e-25
8.946446e+01 3.014121e-25
8.967077e+01 3.012407e-25
8.987755e+01 3.010696e-25
9.008481e+01 3.008990e-25
9.029254e+01 3.007288e-25
9.050076e+01 3.005590e-25
9.070945e+01 3.003896e-25
9.091863e+01 3.002205e-25
9.112829e+01 3.000519e-25
9.133843e+01 2.998837e-25
9.154906e+01 2.997159e-25
9.176017e+01 2.995485e-25
9.197177e+01 2.993815e-25
9.218386e+01 2.992149e-25
9.239644e+01 2.990487e-25
9.260950e+01 2.988829e-25
9.282306e+01 2.987175e-25
9.303711e+01 2.985525e-25
9.325166e+01 2.983878e-25
9.346669e+01 2.982236e-25
9.368223e+01 2.980598e-25
9.389826e+01 2.978963e-25
9.411479e+01 2.977333e-25
9.433182e+01 2.975706e-25
9.454935e+01 2.974083e-25
9.476738e+01 2.972464e-25
9.498592e+01 2.970849e-25
9.520496e+01 2.969238e-25
9.542450e+01 2.967631e-25
9.564455e+01 2.966027e-25
9.586511e+01 2.964428e-25
9.608617e+01 2.962832e-25
9.630775e+01 2.961240e-25
9.652983e+01 2.959652e-25
9.675243e+01 2.958068e-25
9.697554e+01 2.956488e-25
9.719917e+01 2.954911e-25
9.742331e+01 2.953338e-25
9.764797e+01 2.951769e-25
9.787315e+01 2.950204e-25
9.809884e+01 2.948642e-25
9.832506e+01 2.947085e-25
9.855180e+01 2.945531e-25
9.877906e+01 2.943981e-25
9.900685e+01 2.942434e-25
9.923516e+01 2.940891e-25
9.946399e+01 2.939352e-25
9.969336e+01 2.937817e-25
9.992325e+01 2.936286e-25
1.001537e+02 2.934758e-25
1.003846e+02 2.933234e-25
1.006161e+02 2.931714e-25
1.008481e+02 2.930197e-25
1.010807e+02 2.928684e-25
1.013138e+02 2.927175e-25
1.015474e+02 2.925669e-25
1.017816e+02 2.924168e-25
1.020163e+02 2.922669e-25
1.022515e+02 2.921175e-25
1.024873e+02 2.919684e-25
1.027237e+02 2.918197e-25
1.029606e+02 2.916713e-25
1.031980e+02 2.915233e-25
1.034360e+02 2.913757e-25
1.036745e+02 2.912285e-25
1.039136e+02 2.910816e-25
1.041532e+02 2.909350e-25
1.043934e+02 2.907889e-25
1.046341e+02 2.906431e-25
1.048754e+02 2.904976e-25
1.051172e+02 2.903525e-25
1.053596e+02 2.902078e-25
1.056026e+02 2.900634e-25
1.058461e+02 2.899194e-25
1.060902e+02 2.897758e-25
1.063348e+02 2.896325e-25
1.065800e+02 2.894896e-25
1.068258e+02 2.893470e-25
1.070722e+02 2.892048e-25
1.073191e+02 2.890629e-25
1.075665e+02 2.889214e-25
1.078146e+02 2.887803e-25
1.080632e+02 2.886395e-25
1.083124e+02 2.884991e-25
1.085622e+02 2.883590e-25
1.088125e+02 2.882193e-25
1.090634e+02 2.880799e-25
1.093149e+02 2.879409e-25
1.095670e+02 2.878022e-25
1.098197e+02 2.876639e-25
1.100729e+02 2.875260e-25
1.103268e+02 2.873884e-25
1.105812e+02 2.872511e-25
1.108362e+02 2.871142e-25
1.110918e+02 2.869777e-25
1.113480e+02 2.868415e-25
1.116047e+02 2.867057e-25
1.118621e+02 2.865702e-25
1.121200e+02 2.864350e-25
1.123786e+02 2.863002e-25
1.126377e+02 2.861658e-25
1.128975e+02 2.860317e-25
1.131578e+02 2.858980e-25
1.134188e+02 2.857646e-25
1.136803e+02 2.856315e-25
1.139425e+02 2.854988e-25
1.142052e+02 2.853665e-25
1.144686e+02 2.852345e-25
1.147325e+02 2.851028e-25
1.149971e+02 2.849715e-25
1.152623e+02 2.848406e-25
1.155281e+02 2.847099e-25
1.157945e+02 2.845797e-25
1.160615e+02 2.844498e-25
1.163292e+02 2.843202e-25
1.165974e+02 2.841910e-25
1.168663e+02 2.840621e-25
1.171358e+02 2.839335e-25
1.174059e+02 2.838054e-25
1.176766e+02 2.836775e-25
1.179480e+02 2.835500e-25
1.182200e+02 2.834229e-25
1.184926e+02 2.832960e-25
1.187658e+02 2.831696e-25
1.190397e+02 2.830435e-25
1.193142e+02 2.829177e-25
1.195894e+02 2.827922e-25
1.198651e+02 2.826672e-25
1.201416e+02 2.825424e-25
1.204186e+02 2.824180e-25
1.206963e+02 2.822939e-25
1.209746e+02 2.821702e-25
1.212536e+02 2.820468e-25
1.215332e+02 2.819238e-25
1.218134e+02 2.818011e-25
1.220943e+02 2.816788e-25
1.223759e+02 2.815568e-25
1.226581e+02 2.814351e-25
1.229410e+02 2.813138e-25
1.232245e+02 2.811928e-25
1.235086e+02 2.810722e-25
1.237934e+02 2.809519e-25
1.240789e+02 2.808319e-25
1.243650e+02 2.807123e-25
1.246518e+02 2.805930e-25
1.249393e+02 2.804741e-25
1.252274e+02 2.803555e-25
1.255161e+02 2.802373e-25
1.258056e+02 2.801194e-25
1.260957e+02 2.800018e-25
1.263865e+02 2.798846e-25
1.266779e+02 2.797677e-25
1.269700e+02 2.796512e-25
1.272628e+02 2.795350e-25
1.275563e+02 2.794191e-25
1.278504e+02 2.793036e-25
1.281453e+02 2.791884e-25
1.284408e+02 2.790736e-25
1.287370e+02 2.789591e-25
1.290338e+02 2.788449e-25
1.293314e+02 2.787311e-25
1.296296e+02 2.786176e-25
1.299285e+02 2.785045e-25
1.302282e+02 2.783917e-25
1.305285e+02 2.782793e-25
1.308295e+02 2.781672e-25
1.311312e+02 2.780554e-25
1.314335e+02 2.779440e-25
1.317366e+02 2.778329e-25
1.320404e+02 2.777221e-25
1.323449e+02 2.776117e-25
1.326501e+02 2.775017e-25
1.329560e+02 2.773920e-25
1.332626e+02 2.772826e-25
1.335699e+02 2.771735e-25
1.338779e+02 2.770648e-25
1.341866e+02 2.769565e-25
1.344961e+02 2.768485e-25
1.348062e+02 2.767408e-25
1.351171e+02 2.766335e-25
1.354287e+02 2.765265e-25
1.357410e+02 2.764198e-25
1.360540e+02 2.763135e-25
1.363677e+02 2.762075e-25
1.366822e+02 2.761019e-25
1.369974e+02 2.759966e-25
1.373133e+02 2.758917e-25
1.376299e+02 2.757871e-25
1.379473e+02 2.756828e-25
1.382654e+02 2.755789e-25
1.385843e+02 2.754754e-25
1.389038e+02 2.753721e-25
1.392241e+02 2.752692e-25
1.395452e+02 2.751667e-25
1.398670e+02 2.750645e-25
1.401895e+02 2.749627e-25
1.405128e+02 2.748611e-25
1.408368e+02 2.747600e-25
1.411616e+02 2.746591e-25
1.414871e+02 2.745587e-25
1.418134e+02 2.744585e-25
1.421404e+02 2.743587e-25
1.424682e+02 2.742593e-25
1.427967e+02 2.741602e-25
1.431260e+02 2.740614e-25
1.434561e+02 2.739630e-25
1.437869e+02 2.738649e-25
1.441184e+02 2.737672e-25
1.444508e+02 2.736698e-25
1.447839e+02 2.735728e-25
1.451178e+02 2.734761e-25
1.454524e+02 2.733798e-25
1.457878e+02 2.732838e-25
1.461240e+02 2.731881e-25
1.464610e+02 2.730928e-25
1.467987e+02 2.729979e-25
1.471372e+02 2.729033e-25
1.474765e+02 2.728090e-25
1.478166e+02 2.727151e-25
1.481575e+02 2.726215e-25
1.484991e+02 2.725283e-25
1.488416e+02 2.724354e-25
1.491848e+02 2.723429e-25
1.495288e+02 2.722507e-25
1.498736e+02 2.721589e-25
1.502192e+02 2.720674e-25
1.505657e+02 2.719763e-25
1.509129e+02 2.718856e-25
1.512609e+02 2.717951e-25
1.516097e+02 2.717051e-25
1.519593e+02 2.716153e-25
1.523097e+02 2.715260e-25
1.526609e+02 2.714369e-25
1.530130e+02 2.713483e-25
1.533658e+02 2.712600e-25
1.537195e+02 2.711720e-25
1.540740e+02 2.710844e-25
1.544293e+02 2.709971e-25
1.547854e+02 2.709102e-25
1.551423e+02 2.708237e-25
1.555001e+02 2.707375e-25
1.558587e+02 2.706516e-25
1.562181e+02 2.705662e-25
1.565783e+02 2.704810e-25
1.569394e+02 2.703963e-25
1.573013e+02 2.703118e-25
1.576640e+02 2.702278e-25
1.580276e+02 2.701441e-25
1.583920e+02 2.700607e-25
1.587573e+02 2.699777e-25
1.591233e+02 2.698951e-25
1.594903e+02 2.698128e-25
1.598581e+02 2.697309e-25
1.602267e+02 2.696493e-25
1.605962e+02 2.695681e-25
1.609665e+02 2.694873e-25
1.613377e+02 2.694068e-25
1.617098e+02 2.693267e-25
1.620827e+02 2.692469e-25
1.624564e+02 2.691675e-25
1.628311e+02 2.690885e-25
1.632065e+02 2.690098e-25
1.635829e+02 2.689315e-25
1.639601e+02 2.688535e-25
1.643382e+02 2.687759e-25
1.647172e+02 2.686987e-25
1.650970e+02 2.686218e-25
1.654777e+02 2.685453e-25
1.658593e+02 2.684692e-25
1.662418e+02 2.683935e-25
1.666252e+02 2.683181e-25
1.670094e+02 2.682430e-25
1.673945e+02 2.681684e-25
1.677805e+02 2.680941e-25
1.681674e+02 2.680201e-25
1.685552e+02 2.679466e-25
1.689439e+02 2.678734e-25
1.693335e+02 2.678005e-25
1.697240e+02 2.677281e-25
1.701154e+02 2.676560e-25
1.705077e+02 2.675843e-25
1.709009e+02 2.675130e-25
1.712950e+02 2.674420e-25
1.716900e+02 2.673714e-25
1.720859e+02 2.673012e-25
1.724827e+02 2.672313e-25
1.728805e+02 2.671618e-25
1.732791e+02 2.670927e-25
1.736787e+02 2.670240e-25
1.740792e+02 2.669557e-25
1.744806e+02 2.668877e-25
1.748830e+02 2.668201e-25
1.752863e+02 2.667529e-25
1.756905e+02 2.666860e-25
1.760956e+02 2.666196e-25
1.765017e+02 2.665535e-25
1.769087e+02 2.664878e-25
1.773167e+02 2.664225e-25
1.777256e+02 2.663575e-25
1.781354e+02 2.662930e-25
1.785462e+02 2.662288e-25
1.789579e+02 2.661650e-25
1.793706e+02 2.661016e-25
1.797842e+02 2.660385e-25
1.801988e+02 2.659759e-25
1.806143e+02 2.659136e-25
1.810308e+02 2.658518e-25
1.814483e+02 2.657903e-25
1.818667e+02 2.657292e-25
1.822861e+02 2.656685e-25
1.827065e+02 2.656081e-25
1.831278e+02 2.655482e-25
1.835501e+02 2.654887e-25
1.839734e+02 2.654295e-25
1.843976e+02 2.653707e-25
1.848228e+02 2.653124e-25
1.852490e+02 2.652544e-25
1.856762e+02 2.651968e-25
1.861044e+02 2.651396e-25
1.865335e+02 2.650828e-25
1.869637e+02 2.650264e-25
1.873948e+02 2.649704e-25
1.878270e+02 2.649148e-25
1.882601e+02 2.648596e-25
1.886942e+02 2.648047e-25
1.891293e+02 2.647503e-25
1.895655e+02 2.646963e-25
1.900026e+02 2.646427e-25
1.904408e+02 2.645895e-25
1.908799e+02 2.645367e-25
1.913201e+02 2.644842e-25
1.917613e+02 2.644322e-25
1.922035e+02 2.643806e-25
1.926467e+02 2.643294e-25
1.930910e+02 2.642786e-25
1.935362e+02 2.642282e-25
1.939825e+02 2.641783e-25
1.944298e+02 2.641287e-25
1.948782e+02 2.640795e-25
1.953276e+02 2.640308e-25
1.957780e+02 2.639824e-25
1.962295e+02 2.639345e-25
1.966820e+02 2.638870e-25
1.971355e+02 2.638398e-25
1.975901e+02 2.637932e-25
1.980458e+02 2.637469e-25
1.985025e+02 2.637010e-25
1.989602e+02 2.636555e-25
1.994190e+02 2.636105e-25
1.998789e+02 2.635659e-25
2.003398e+02 2.635217e-25
2.008018e+02 2.634779e-25
2.012648e+02 2.634345e-25
2.017290e+02 2.633916e-25
2.021942e+02 2.633491e-25
2.026604e+02 2.633070e-25
2.031277e+02 2.632653e-25
2.035962e+02 2.632241e-25
2.040657e+02 2.631832e-25
2.045362e+02 2.631428e-25
2.050079e+02 2.631029e-25
2.054806e+02 2.630633e-25
2.059545e+02 2.630242e-25
2.064294e+02 2.629855e-25
2.069054e+02 2.629473e-25
2.073826e+02 2.629095e-25
2.078608e+02 2.628721e-25
2.083401e+02 2.628351e-25
2.088206e+02 2.627986e-25
2.093021e+02 2.627625e-25
2.097848e+02 2.627269e-25
2.102685e+02 2.626917e-25
2.107534e+02 2.626569e-25
2.112394e+02 2.626226e-25
2.117265e+02 2.625887e-25
2.122148e+02 2.625552e-25
2.127041e+02 2.625222e-25
2.131946e+02 2.624896e-25
2.136863e+02 2.624575e-25
2.141790e+02 2.624258e-25
2.146729e+02 2.623946e-25
2.151680e+02 2.623638e-25
2.156641e+02 2.623335e-25
2.161615e+02 2.623036e-25
2.166599e+02 2.622742e-25
2.171595e+02 2.622452e-25
2.176603e+02 2.622167e-25
2.181622e+02 2.621886e-25
2.186653e+02 2.621609e-25
2.191696e+02 2.621338e-25
2.196750e+02 2.621071e-25
2.201816e+02 2.620808e-25
2.206893e+02 2.620550e-25
2.211982e+02 2.620297e-25
2.217083e+02 2.620048e-25
2.222195e+02 2.619804e-25
2.227320e+02 2.619564e-25
2.232456e+02 2.619330e-25
2.237604e+02 2.619099e-25
2.242764e+02 2.618874e-25
2.247936e+02 2.618653e-25
2.253120e+02 2.618437e-25
2.258315e+02 2.618225e-25
2.263523e+02 2.618018e-25
2.268743e+02 2.617816e-25
2.273975e+02 2.617619e-25
2.279218e+02 2.617426e-25
2.284474e+02 2.617239e-25
2.289742e+02 2.617056e-25
2.295022e+02 2.616877e-25
2.300315e+02 2.616704e-25
2.305619e+02 2.616535e-25
2.310936e+02 2.616371e-25
2.316265e+02 2.616212e-25
2.321606e+02 2.616058e-25
2.326960e+02 2.615908e-25
2.332326e+02 2.615764e-25
2.337704e+02 2.615624e-25
2.343095e+02 2.615489e-25
2.348498e+02 2.615360e-25
2.353914e+02 2.615235e-25
2.359342e+02 2.615115e-25
2.364783e+02 2.614999e-25
2.370236e+02 2.614889e-25
2.375702e+02 2.614784e-25
2.381180e+02 2.614684e-25
2.386671e+02 2.614589e-25
2.392175e+02 2.614498e-25
2.397691e+02 2.614413e-25
2.403220e+02 2.614333e-25
2.408762e+02 2.614258e-25
2.414317e+02 2.614188e-25
2.419884e+02 2.614123e-25
2.425465e+02 2.614063e-25
2.431058e+02 2.614008e-25
2.436664e+02 2.613958e-25
2.442283e+02 2.613913e-25
2.447915e+02 2.613874e-25
2.453560e+02 2.613839e-25
2.459217e+02 2.613810e-25
2.464888e+02 2.613786e-25
2.470572e+02 2.613767e-25
2.476270e+02 2.613753e-25
2.481980e+02 2.613745e-25
2.487703e+02 2.613741e-25
2.493440e+02 2.613743e-25
2.499190e+02 2.613751e-25
2.504953e+02 2.613763e-25
2.510730e+02 2.613781e-25
2.516519e+02 2.613804e-25
2.522322e+02 2.613832e-25
2.528139e+02 2.613866e-25
2.533969e+02 2.613905e-25
2.539812e+02 2.613949e-25
2.545669e+02 2.613999e-25
2.551539e+02 2.614054e-25
2.557423e+02 2.614114e-25
2.563321e+02 2.614180e-25
2.569232e+02 2.614252e-25
2.575156e+02 2.614328e-25
2.581095e+02 2.614410e-25
2.587047e+02 2.614498e-25
2.593012e+02 2.614591e-25
2.598992e+02 2.614690e-25
2.604985e+02 2.614794e-25
2.610992e+02 2.614904e-25
2.617013e+02 2.615019e-25
2.623048e+02 2.615140e-25
2.629097e+02 2.615266e-25
2.635160e+02 2.615398e-25
2.641236e+02 2.615535e-25
2.647327e+02 2.615679e-25
2.653432e+02 2.615827e-25
2.659551e+02 2.615982e-25
2.665684e+02 2.616142e-25
2.671831e+02 2.616308e-25
2.677992e+02 2.616479e-25
2.684167e+02 2.616656e-25
2.690357e+02 2.616839e-25
2.696561e+02 2.617028e-25
2.702779e+02 2.617222e-25
2.709012e+02 2.617422e-25
2.715259e+02 2.617628e-25
2.721520e+02 2.617840e-25
2.727796e+02 2.618058e-25
2.734087e+02 2.618281e-25
2.740391e+02 2.618510e-25
2.746711e+02 2.618745e-25
2.753045e+02 2.618987e-25
2.759393e+02 2.619233e-25
2.765756e+02 2.619486e-25
2.772134e+02 2.619745e-25
2.778527e+02 2.620010e-25
2.784934e+02 2.620281e-25
2.791356e+02 2.620557e-25
2.797793e+02 2.620840e-25
2.804245e+02 2.621129e-25
2.810712e+02 2.621424e-25
2.817193e+02 2.621725e-25
2.823690e+02 2.622032e-25
2.830201e+02 2.622345e-25
2.836727e+02 2.622664e-25
2.843269e+02 2.622989e-25
2.849826e+02 2.623320e-25
2.856397e+02 2.623658e-25
2.862984e+02 2.624002e-25
2.869586e+02 2.624352e-25
2.876203e+02 2.624708e-25
2.882836e+02 2.625070e-25
2.889484e+02 2.625439e-25
2.896147e+02 2.625814e-25
2.902826e+02 2.626195e-25
2.909520e+02 2.626583e-25
2.916229e+02 2.626977e-25
2.922954e+02 2.627377e-25
2.929694e+02 2.627783e-25
2.936450e+02 2.628196e-25
2.943221e+02 2.628616e-25
2.950009e+02 2.629041e-25
2.956811e+02 2.629473e-25
2.963630e+02 2.629912e-25
2.970464e+02 2.630357e-25
2.977314e+02 2.630809e-25
2.984179e+02 2.631267e-25
2.991061e+02 2.631732e-25
2.997958e+02 2.632203e-25
3.004872e+02 2.632681e-25
3.011801e+02 2.633165e-25
3.018746e+02 2.633656e-25
3.025708e+02 2.634153e-25
3.032685e+02 2.634658e-25
3.039678e+02 2.635168e-25
3.046688e+02 2.635686e-25
3.053713e+02 2.636210e-25
3.060755e+02 2.636741e-25
3.067813e+02 2.637279e-25
3.074888e+02 2.637824e-25
3.081979e+02 2.638375e-25
3.089086e+02 2.638933e-25
3.096209e+02 2.639498e-25
3.103349e+02 2.640070e-25
3.110505e+02 2.640648e-25
3.117678e+02 2.641234e-25
3.124868e+02 2.641826e-25
3.132073e+02 2.642425e-25
3.139296e+02 2.643032e-25
3.146535e+02 2.643645e-25
3.153791e+02 2.644265e-25
3.161064e+02 2.644892e-25
3.168353e+02 2.645527e-25
3.175660e+02 2.646168e-25
3.182983e+02 2.646816e-25
3.190323e+02 2.647472e-25
3.197680e+02 2.648134e-25
3.205053e+02 2.648804e-25
3.212444e+02 2.649481e-25
3.219852e+02 2.650165e-25
3.227277e+02 2.650856e-25
3.234719e+02 2.651555e-25
3.242179e+02 2.652260e-25
3.249655e+02 2.652973e-25
3.257149e+02 2.653694e-25
3.264660e+02 2.654421e-25
3.272188e+02 2.655156e-25
3.279734e+02 2.655898e-25
3.287297e+02 2.656648e-25
3.294878e+02 2.657405e-25
3.302476e+02 2.658169e-25
3.310091e+02 2.658941e-25
3.317724e+02 2.659720e-25
3.325375e+02 2.660507e-25
3.333043e+02 2.661301e-25
3.340729e+02 2.662103e-25
3.348433e+02 2.662912e-25
3.356155e+02 2.663729e-25
3.363894e+02 2.664554e-25
3.371651e+02 2.665386e-25
3.379426e+02 2.666226e-25
3.387219e+02 2.667073e-25
3.395030e+02 2.667928e-25
3.402859e+02 2.668791e-25
3.410706e+02 2.669662e-25
3.418571e+02 2.670540e-25
3.426454e+02 2.671426e-25
3.434356e+02 2.672320e-25
3.442275e+02 2.673222e-25
3.450213e+02 2.674131e-25
3.458170e+02 2.675049e-25
3.466144e+02 2.675974e-25
3.474137e+02 2.676908e-25
3.482148e+02 2.677849e-25
3.490178e+02 2.678798e-25
3.498227e+02 2.679755e-25
3.506294e+02 2.680721e-25
3.514379e+02 2.681694e-25
3.522483e+02 2.682675e-25
3.530606e+02 2.683665e-25
3.538748e+02 2.684662e-25
3.546908e+02 2.685668e-25
3.555087e+02 2.686682e-25
3.563285e+02 2.687704e-25
3.571502e+02 2.688735e-25
3.579738e+02 2.689773e-25
3.587993e+02 2.690820e-25
3.596267e+02 2.691875e-25
3.604560e+02 2.692939e-25
3.612872e+02 2.694011e-25
3.621204e+02 2.695091e-25
3.629554e+02 2.696180e-25
3.637924e+02 2.697277e-25
3.646313e+02 2.698382e-25
3.654721e+02 2.699497e-25
3.663149e+02 2.700619e-25
3.671597e+02 2.701750e-25
3.680063e+02 2.702890e-25
3.688550e+02 2.704038e-25
3.697055e+02 2.705195e-25
3.705581e+02 2.706361e-25
3.714126e+02 2.707535e-25
3.722691e+02 2.708719e-25
3.731275e+02 2.709910e-25
3.739880e+02 2.711111e-25
3.748504e+02 2.712320e-25
3.757148e+02 2.713539e-25
3.765812e+02 2.714766e-25
3.774496e+02 2.716002e-25
3.783200e+02 2.717247e-25
3.791924e+02 2.718501e-25
3.800668e+02 2.719764e-25
3.809433e+02 2.721037e-25
3.818217e+02 2.722318e-25
3.827022e+02 2.723608e-25
3.835847e+02 2.724908e-25
3.844693e+02 2.726217e-25
3.853558e+02 2.727535e-25
3.862445e+02 2.728862e-25
3.871352e+02 2.730199e-25
3.880279e+02 2.731545e-25
3.889227e+02 2.732901e-25
3.898196e+02 2.734266e-25
3.907185e+02 2.735641e-25
3.916195e+02 2.737025e-25
3.925226e+02 2.738419e-25
3.934277e+02 2.739823e-25
3.943350e+02 2.741237e-25
3.952443e+02 2.742661e-25
3.961557e+02 2.744094e-25
3.970693e+02 2.745538e-25
3.979849e+02 2.746992e-25
3.989027e+02 2.748457e-25
3.998226e+02 2.749931e-25
4.007445e+02 2.751417e-25
4.016687e+02 2.752913e-25
4.025949e+02 2.754421e-25
4.035233e+02 2.755939e-25
4.044538e+02 2.757469e-25
4.053865e+02 2.759011e-25
4.063213e+02 2.760565e-25
4.072583e+02 2.762132e-25
4.081975e+02 2.763712e-25
4.091388e+02 2.765305e-25
4.100822e+02 2.766913e-25
4.110279e+02 2.768536e-25
4.119757e+02 2.770175e-25
4.129257e+02 2.771833e-25
4.138780e+02 2.773510e-25
4.148324e+02 2.775209e-25
4.157890e+02 2.776932e-25
4.167478e+02 2.778685e-25
4.177088e+02 2.780473e-25
4.186720e+02 2.782302e-25
4.196375e+02 2.784184e-25
4.206052e+02 2.786135e-25
4.215751e+02 2.788178e-25
4.225473e+02 2.790351e-25
4.235217e+02 2.792714e-25
4.244983e+02 2.795373e-25
4.254772e+02 2.798526e-25
4.264584e+02 2.802573e-25
4.274418e+02 2.808442e-25
4.284275e+02 2.818702e-25
4.294154e+02 2.842849e-25
4.304056e+02 2.942405e-25
4.313982e+02 6.119830e-25
4.323930e+02 3.102403e-25
4.333901e+02 2.867744e-25
4.343895e+02 2.833842e-25
4.353912e+02 2.824131e-25
4.363952e+02 2.820869e-25
4.374015e+02 2.820033e-25
4.384102e+02 2.820313e-25
4.394212e+02 2.821179e-25
4.404345e+02 2.822383e-25
4.414501e+02 2.823799e-25
4.424681e+02 2.825355e-25
4.434884e+02 2.827010e-25
4.445111e+02 2.828736e-25
4.455362e+02 2.830516e-25
4.465636e+02 2.832340e-25
4.475934e+02 2.834198e-25
4.486255e+02 2.836086e-25
4.496600e+02 2.838000e-25
4.506970e+02 2.839936e-25
4.517363e+02 2.841892e-25
4.527780e+02 2.843867e-25
4.538221e+02 2.845859e-25
4.548686e+02 2.847867e-25
4.559175e+02 2.849890e-25
4.569689e+02 2.851928e-25
4.580227e+02 2.853980e-25
4.590789e+02 2.856046e-25
4.601375e+02 2.858125e-25
4.611986e+02 2.860218e-25
4.622621e+02 2.862323e-25
4.633281e+02 2.864442e-25
4.643965e+02 2.866573e-25
4.654674e+02 2.868716e-25
4.665408e+02 2.870872e-25
4.676166e+02 2.873041e-25
4.686950e+02 2.875222e-25
4.697758e+02 2.877415e-25
4.708591e+02 2.879620e-25
4.719449e+02 2.881837e-25
4.730332e+02 2.884067e-25
4.741240e+02 2.886309e-25
4.752174e+02 2.888563e-25
4.763132e+02 2.890829e-25
4.774116e+02 2.893107e-25
4.785125e+02 2.895398e-25
4.796160e+02 2.897700e-25
4.807220e+02 2.900015e-25
4.818305e+02 2.902342e-25
4.829416e+02 2.904682e-25
4.840553e+02 2.907033e-25
4.851715e+02 2.909397e-25
4.862903e+02 2.911773e-25
4.874117e+02 2.914161e-25
4.885357e+02 2.916562e-25
4.896623e+02 2.918975e-25
4.907914e+02 2.921401e-25
4.919232e+02 2.923839e-25
4.930576e+02 2.926289e-25
4.941946e+02 2.928752e-25
4.953342e+02 2.931228e-25
4.964764e+02 2.933713e-25
4.976213e+02 2.936215e-25
4.987688e+02 2.938728e-25
4.999190e+02 2.941254e-25
5.010718e+02 2.943792e-25
5.022273e+02 2.946343e-25
5.033854e+02 2.948907e-25
5.045462e+02 2.951483e-25
5.057097e+02 2.954073e-25
5.068759e+02 2.956675e-25
5.080447e+02 2.959290e-25
5.092163e+02 2.961917e-25
5.103906e+02 2.964558e-25
5.115675e+02 2.967212e-25
5.127472e+02 2.969879e-25
5.139296e+02 2.972558e-25
5.151147e+02 2.975251e-25
5.163026e+02 2.977957e-25
5.174932e+02 2.980676e-25
5.186865e+02 2.983408e-25
5.198826e+02 2.986153e-25
5.210815e+02 2.988912e-25
5.222831e+02 2.991684e-25
5.234875e+02 2.994469e-25
5.246946e+02 2.997268e-25
5.259046e+02 3.000080e-25
5.271173e+02 3.002905e-25
5.283329e+02 3.005744e-25
5.295512e+02 3.008596e-25
5.307724e+02 3.011462e-25
5.319963e+02 3.014341e-25
5.332231e+02 3.017235e-25
5.344527e+02 3.020141e-25
5.356852e+02 3.023062e-25
5.369205e+02 3.025996e-25
5.381586e+02 3.028944e-25
5.393996e+02 3.031905e-25
5.406435e+02 3.034881e-25
5.418902e+02 3.037870e-25
5.431398e+02 3.040874e-25
5.443923e+02 3.043891e-25
5.456477e+02 3.046922e-25
5.469059e+02 3.049967e-25
5.481671e+02 3.053027e-25
5.494312e+02 3.056100e-25
5.506982e+02 3.059188e-25
5.519681e+02 3.062290e-25
5.532409e+02 3.065406e-25
5.545167e+02 3.068536e-25
5.557954e+02 3.071681e-25
5.570771e+02 3.074840e-25
5.583617e+02 3.078013e-25
5.596493e+02 3.081201e-25
5.609399e+02 3.084403e-25
5.622334e+02 3.087620e-25
5.635299e+02 3.090852e-25
5.648294e+02 3.094097e-25
5.661319e+02 3.097358e-25
5.674374e+02 3.100633e-25
5.687459e+02 3.103923e-25
5.700575e+02 3.107228e-25
5.713720e+02 3.110547e-25
5.726896e+02 3.113882e-25
5.740102e+02 3.117231e-25
5.753339e+02 3.120595e-25
5.766606e+02 3.123974e-25
5.779904e+02 3.127368e-25
5.793233e+02 3.130778e-25
5.806592e+02 3.134202e-25
5.819982e+02 3.137641e-25
5.833403e+02 3.141096e-25
5.846855e+02 3.144565e-25
5.860338e+02 3.148050e-25
5.873852e+02 3.151551e-25
5.887397e+02 3.155066e-25
5.900973e+02 3.158597e-25
5.914581e+02 3.162144e-25
5.928220e+02 3.165706e-25
5.941890e+02 3.169283e-25
5.955593e+02 3.172876e-25
5.969326e+02 3.176485e-25
5.983091e+02 3.180109e-25
5.996889e+02 3.183749e-25
6.010717e+02 3.187404e-25
6.024578e+02 3.191076e-25
6.038471e+02 3.194763e-25
6.052396e+02 3.198466e-25
6.066353e+02 3.202185e-25
6.080342e+02 3.205920e-25
6.094363e+02 3.209671e-25
6.108417e+02 3.213438e-25
6.122503e+02 3.217221e-25
6.136621e+02 3.221020e-25
6.150772e+02 3.224835e-25
6.164956e+02 3.228667e-25
6.179172e+02 3.232515e-25
6.193422e+02 3.236379e-25
6.207704e+02 3.240259e-25
6.222019e+02 3.244156e-25
6.236367e+02 3.248069e-25
6.250748e+02 3.251999e-25
6.265162e+02 3.255945e-25
6.279610e+02 3.259908e-25
6.294090e+02 3.263888e-25
6.308605e+02 3.267884e-25
6.323152e+02 3.271897e-25
6.337734e+02 3.275926e-25
6.352348e+02 3.279973e-25
6.366997e+02 3.284036e-25
6.381679e+02 3.288116e-25
6.396396e+02 3.292213e-25
6.411146e+02 3.296328e-25
6.425930e+02 3.300459e-25
6.440748e+02 3.304607e-25
6.455600e+02 3.308772e-25
6.470487e+02 3.312955e-25
6.485408e+02 3.317155e-25
6.500364e+02 3.321372e-25
6.515353e+02 3.325606e-25
6.530378e+02 3.329858e-25
6.545437e+02 3.334127e-25
6.560531e+02 3.338414e-25
6.575659e+02 3.342718e-25
6.590823e+02 3.347040e-25
6.606021e+02 3.351379e-25
6.621255e+02 3.355736e-25
6.636524e+02 3.360111e-25
6.651828e+02 3.364504e-25
6.667167e+02 3.368914e-25
6.682541e+02 3.373342e-25
6.697951e+02 3.377789e-25
6.713397e+02 3.382253e-25
6.728878e+02 3.386735e-25
6.744395e+02 3.391235e-25
6.759947e+02 3.395753e-25
6.775536e+02 3.400290e-25
6.791160e+02 3.404844e-25
6.806821e+02 3.409417e-25
6.822517e+02 3.414008e-25
6.838250e+02 3.418618e-25
6.854019e+02 3.423246e-25
6.869825e+02 3.427892e-25
6.885666e+02 3.432557e-25
6.901545e+02 3.437241e-25
6.917460e+02 3.441943e-25
6.933412e+02 3.446664e-25
6.949400e+02 3.451404e-25
6.965425e+02 3.456162e-25
6.981488e+02 3.460939e-25
6.997587e+02 3.465735e-25
7.013724e+02 3.470550e-25
7.029897e+02 3.475384e-25
7.046108e+02 3.480237e-25
7.062357e+02 3.485110e-25
7.078643e+02 3.490001e-25
7.094966e+02 3.494911e-25
7.111327e+02 3.499841e-25
7.127726e+02 3.504790e-25
7.144162e+02 3.509759e-25
7.160637e+02 3.514746e-25
7.177149e+02 3.519754e-25
7.193700e+02 3.524781e-25
7.210289e+02 3.529827e-25
7.226916e+02 3.534893e-25
7.243581e+02 3.539979e-25
7.260285e+02 3.545084e-25
7.277027e+02 3.550209e-25
7.293808e+02 3.555355e-25
7.310627e+02 3.560520e-25
7.327486e+02 3.565705e-25
7.344383e+02 3.570910e-25
7.361319e+02 3.576135e-25
7.378294e+02 3.581380e-25
7.395309e+02 3.586646e-25
7.412363e+02 3.591931e-25
7.429455e+02 3.597237e-25
7.446588e+02 3.602564e-25
7.463760e+02 3.607910e-25
7.480971e+02 3.613278e-25
7.498222e+02 3.618666e-25
7.515513e+02 3.624074e-25
7.532844e+02 3.629503e-25
7.550215e+02 3.634953e-25
7.567626e+02 3.640423e-25
7.585077e+02 3.645915e-25
7.602568e+02 3.651427e-25
7.620100e+02 3.656960e-25
7.637672e+02 3.662515e-25
7.655284e+02 3.668090e-25
7.672937e+02 3.673687e-25
7.690631e+02 3.679304e-25
7.708366e+02 3.684943e-25
7.726141e+02 3.690603e-25
7.743958e+02 3.696285e-25
7.761816e+02 3.701988e-25
7.779714e+02 3.707713e-25
7.797654e+02 3.713459e-25
7.815636e+02 3.719227e-25
7.833659e+02 3.725016e-25
7.851723e+02 3.730827e-25
7.869829e+02 3.736660e-25
7.887977e+02 3.742515e-25
7.906167e+02 3.748392e-25
7.924399e+02 3.754291e-25
7.942672e+02 3.760212e-25
7.960988e+02 3.766156e-25
7.979346e+02 3.772121e-25
7.997747e+02 3.778109e-25
8.016190e+02 3.784119e-25
8.034675e+02 3.790152e-25
8.053203e+02 3.796207e-25
8.071774e+02 3.802285e-25
8.090387e+02 3.808386e-25
8.109044e+02 3.814509e-25
8.127744e+02 3.820656e-25
8.146486e+02 3.826826e-25
8.165272e+02 3.833019e-25
8.184101e+02 3.839235e-25
8.202974e+02 3.845475e-25
8.221890e+02 3.851739e-25
8.240850e+02 3.858028e-25
8.259853e+02 3.864341e-25
8.278900e+02 3.870679e-25
8.297992e+02 3.877043e-25
8.317127e+02 3.883435e-25
8.336306e+02 3.889857e-25
8.355530e+02 3.896311e-25
8.374798e+02 3.902804e-25
8.394110e+02 3.909348e-25
8.413467e+02 3.915967e-25
8.432868e+02 3.922724e-25
8.452315e+02 3.929812e-25
8.471806e+02 3.938124e-25
8.491342e+02 3.958193e-25
8.510923e+02 4.058144e-25
8.530549e+02 3.960137e-25
8.550221e+02 3.963257e-25
8.569938e+02 3.969109e-25
8.589700e+02 3.975499e-25
8.609508e+02 3.982078e-25
8.629361e+02 3.988750e-25
8.649261e+02 3.995479e-25
8.669206e+02 4.002252e-25
8.689197e+02 4.009059e-25
8.709235e+02 4.015898e-25
8.729318e+02 4.022767e-25
8.749448e+02 4.029663e-25
8.769624e+02 4.036586e-25
8.789847e+02 4.043536e-25
8.810117e+02 4.050512e-25
8.830433e+02 4.057514e-25
8.850796e+02 4.064542e-25
8.871206e+02 4.071596e-25
8.891663e+02 4.078676e-25
8.912167e+02 4.085782e-25
8.932719e+02 4.092913e-25
8.953318e+02 4.100070e-25
8.973964e+02 4.107254e-25
8.994658e+02 4.114463e-25
9.015400e+02 4.121698e-25
9.036189e+02 4.128959e-25
9.057027e+02 4.136246e-25
9.077913e+02 4.143560e-25
9.098846e+02 4.150900e-25
9.119828e+02 4.158266e-25
9.140859e+02 4.165658e-25
9.161938e+02 4.173077e-25
9.183065e+02 4.180523e-25
9.204241e+02 4.187995e-25
9.225466e+02 4.195493e-25
9.246740e+02 4.203019e-25
9.268063e+02 4.210571e-25
9.289436e+02 4.218151e-25
9.310857e+02 4.225757e-25
9.332328e+02 4.233390e-25
9.353848e+02 4.241051e-25
9.375419e+02 4.248738e-25
9.397038e+02 4.256453e-25
9.418708e+02 4.264196e-25
9.440428e+02 4.271966e-25
9.462197e+02 4.279763e-25
9.484017e+02 4.287589e-25
9.505887e+02 4.295442e-25
9.527808e+02 4.303322e-25
9.549779e+02 4.311231e-25
9.571801e+02 4.319168e-25
9.593874e+02 4.327132e-25
9.615997e+02 4.335125e-25
9.638172e+02 4.343146e-25
9.660398e+02 4.351196e-25
9.682674e+02 4.359274e-25
9.705003e+02 4.367380e-25
9.727383e+02 4.375515e-25
9.749814e+02 4.383679e-25
9.772297e+02 4.391871e-25
9.794832e+02 4.400092e-25
9.817419e+02 4.408343e-25
9.840058e+02 4.416622e-25
9.862749e+02 4.424930e-25
9.885493e+02 4.433268e-25
9.908289e+02 4.441635e-25
9.931138e+02 4.450031e-25
9.954039e+02 4.458457e-25
9.976993e+02 4.466913e-25
