1.000000e+00 4.456561e-17
1.002306e+00 4.633447e-17
1.004617e+00 4.822452e-17
1.006934e+00 5.024345e-17
1.009256e+00 5.239952e-17
1.011583e+00 5.485165e-17
1.013916e+00 5.746851e-17
1.016254e+00 6.019770e-17
1.018598e+00 6.297553e-17
1.020947e+00 6.564834e-17
1.023301e+00 6.864845e-17
1.025661e+00 7.183307e-17
1.028026e+00 7.503024e-17
1.030396e+00 7.728870e-17
1.032773e+00 7.836481e-17
1.035154e+00 7.849514e-17
1.037541e+00 7.796011e-17
1.039934e+00 7.692547e-17
1.042332e+00 7.566587e-17
1.044735e+00 7.420969e-17
1.047145e+00 7.258555e-17
1.049559e+00 6.953977e-17
1.051980e+00 6.582339e-17
1.054406e+00 6.179736e-17
1.056837e+00 5.776714e-17
1.059274e+00 5.426547e-17
1.061717e+00 5.101977e-17
1.064165e+00 4.796111e-17
1.066619e+00 4.503387e-17
1.069079e+00 4.231146e-17
1.071544e+00 3.983257e-17
1.074015e+00 3.756769e-17
1.076492e+00 3.549120e-17
1.078974e+00 3.358199e-17
1.081462e+00 3.181417e-17
1.083956e+00 3.017869e-17
1.086456e+00 2.866712e-17
1.088961e+00 2.728545e-17
1.091472e+00 2.600011e-17
1.093989e+00 2.480301e-17
1.096512e+00 2.368678e-17
1.099040e+00 2.265576e-17
1.101575e+00 2.169104e-17
1.104115e+00 2.078739e-17
1.106661e+00 1.994006e-17
1.109213e+00 1.915199e-17
1.111771e+00 1.840944e-17
1.114335e+00 1.770924e-17
1.116904e+00 1.704838e-17
1.119480e+00 1.643028e-17
1.122062e+00 1.584526e-17
1.124649e+00 1.529087e-17
1.127242e+00 1.476490e-17
1.129842e+00 1.426938e-17
1.132447e+00 1.379850e-17
1.135059e+00 1.335063e-17
1.137676e+00 1.292426e-17
1.140300e+00 1.252076e-17
1.142929e+00 1.213565e-17
1.145565e+00 1.176833e-17
1.148207e+00 1.141871e-17
1.150854e+00 1.109102e-17
1.153508e+00 1.080551e-17
1.156168e+00 4.551406e-17
1.158834e+00 1.020946e-17
1.161507e+00 9.889836e-18
1.164185e+00 9.613318e-18
1.166870e+00 9.351958e-18
1.169560e+00 9.101877e-18
1.172257e+00 8.863036e-18
1.174961e+00 8.633376e-18
1.177670e+00 8.412340e-18
1.180386e+00 8.199451e-18
1.183108e+00 7.995293e-18
1.185836e+00 7.798268e-18
1.188571e+00 7.608105e-18
1.191312e+00 7.424547e-18
1.194059e+00 7.248157e-18
1.196812e+00 7.077634e-18
1.199572e+00 6.912712e-18
1.202338e+00 6.753142e-18
1.205111e+00 6.599495e-18
1.207890e+00 6.450745e-18
1.210675e+00 6.306678e-18
1.213467e+00 6.167095e-18
1.216265e+00 6.032361e-18
1.219070e+00 5.901724e-18
1.221881e+00 5.775028e-18
1.224699e+00 5.652121e-18
1.227523e+00 5.533332e-18
1.230354e+00 5.417975e-18
1.233191e+00 5.305936e-18
1.236035e+00 5.197106e-18
1.238885e+00 5.091791e-18
1.241742e+00 4.989421e-18
1.244605e+00 4.889889e-18
1.247475e+00 4.793093e-18
1.250352e+00 4.699290e-18
1.253235e+00 4.608019e-18
1.256125e+00 4.519199e-18
1.259022e+00 4.432750e-18
1.261925e+00 4.348912e-18
1.264835e+00 4.267259e-18
1.267752e+00 4.187721e-18
1.270676e+00 4.110231e-18
1.273606e+00 4.035012e-18
1.276543e+00 3.961708e-18
1.279486e+00 3.890260e-18
1.282437e+00 3.820610e-18
1.285394e+00 3.752911e-18
1.288358e+00 3.686772e-18
1.291329e+00 3.622086e-18
1.294307e+00 3.558859e-18
1.297292e+00 3.497511e-18
1.300283e+00 3.437565e-18
1.303282e+00 3.378907e-18
1.306287e+00 3.321429e-18
1.309300e+00 3.265033e-18
1.312319e+00 3.209553e-18
1.315345e+00 3.154980e-18
1.318378e+00 3.101302e-18
1.321418e+00 3.048613e-18
1.324466e+00 2.996796e-18
1.327520e+00 2.945781e-18
1.330581e+00 2.895489e-18
1.333649e+00 2.845901e-18
1.336725e+00 2.796900e-18
1.339807e+00 2.748416e-18
1.342897e+00 2.701020e-18
1.345994e+00 2.654736e-18
1.349098e+00 2.608965e-18
1.352209e+00 2.563629e-18
1.355327e+00 2.518644e-18
1.358452e+00 2.474035e-18
1.361585e+00 2.429585e-18
1.364725e+00 2.385193e-18
1.367872e+00 2.340749e-18
1.371026e+00 2.296229e-18
1.374188e+00 2.251404e-18
1.377356e+00 2.206143e-18
1.380533e+00 2.160315e-18
1.383716e+00 2.113865e-18
1.386907e+00 2.066569e-18
1.390105e+00 2.018291e-18
1.393311e+00 1.971724e-18
1.396524e+00 1.924753e-18
1.399744e+00 1.877027e-18
1.402972e+00 1.828489e-18
1.406207e+00 1.779095e-18
1.409450e+00 1.728866e-18
1.412700e+00 1.677738e-18
1.415958e+00 1.625721e-18
1.419223e+00 1.572853e-18
1.422496e+00 1.519231e-18
1.425776e+00 1.464902e-18
1.429064e+00 1.409984e-18
1.432359e+00 1.354614e-18
1.435662e+00 1.298981e-18
1.438973e+00 1.243238e-18
1.442291e+00 1.188447e-18
1.445617e+00 1.137173e-18
1.448951e+00 1.086447e-18
1.452292e+00 1.036400e-18
1.455641e+00 9.871799e-19
1.458998e+00 9.389279e-19
1.462362e+00 8.917850e-19
1.465735e+00 8.458586e-19
1.469115e+00 8.012542e-19
1.472502e+00 7.580621e-19
1.475898e+00 7.163626e-19
1.479301e+00 6.762083e-19
1.482713e+00 6.376426e-19
1.486132e+00 6.006940e-19
1.489559e+00 5.653788e-19
1.492994e+00 5.316948e-19
1.496437e+00 5.006111e-19
1.499888e+00 4.719576e-19
1.503346e+00 4.446964e-19
1.506813e+00 4.187929e-19
1.510288e+00 3.942103e-19
1.513770e+00 3.709084e-19
1.517261e+00 3.488449e-19
1.520760e+00 3.279734e-19
1.524267e+00 3.082474e-19
1.527782e+00 2.896193e-19
1.531305e+00 2.720415e-19
1.534836e+00 2.554658e-19
1.538375e+00 2.398448e-19
1.541923e+00 2.251320e-19
1.545479e+00 2.112819e-19
1.549043e+00 1.982497e-19
1.552615e+00 1.864696e-19
1.556195e+00 1.754847e-19
1.559784e+00 1.651284e-19
1.563380e+00 1.553671e-19
1.566986e+00 1.461692e-19
1.570599e+00 1.375041e-19
1.574221e+00 1.293428e-19
1.577851e+00 1.216573e-19
1.581490e+00 1.144212e-19
1.585137e+00 1.076093e-19
1.588792e+00 1.011976e-19
1.592456e+00 9.516344e-20
1.596128e+00 8.948516e-20
1.599809e+00 8.414240e-20
1.603498e+00 7.911592e-20
1.607195e+00 7.440310e-20
1.610902e+00 7.013428e-20
1.614616e+00 6.610880e-20
1.618340e+00 6.231299e-20
1.622072e+00 5.873391e-20
1.625812e+00 5.535942e-20
1.629561e+00 5.217801e-20
1.633319e+00 4.917872e-20
1.637085e+00 4.635121e-20
1.640861e+00 4.368573e-20
1.644644e+00 4.117300e-20
1.648437e+00 3.880437e-20
1.652238e+00 3.657172e-20
1.656048e+00 3.446729e-20
1.659867e+00 3.248371e-20
1.663695e+00 3.061409e-20
1.667531e+00 2.887418e-20
1.671377e+00 2.726847e-20
1.675231e+00 2.575193e-20
1.679094e+00 2.431974e-20
1.682966e+00 2.296713e-20
1.686847e+00 2.168967e-20
1.690737e+00 2.048322e-20
1.694636e+00 1.934383e-20
1.698544e+00 1.826778e-20
1.702460e+00 1.725146e-20
1.706386e+00 1.629158e-20
1.710321e+00 1.538515e-20
1.714265e+00 1.452923e-20
1.718218e+00 1.372091e-20
1.722181e+00 1.295757e-20
1.726152e+00 1.223670e-20
1.730132e+00 1.156906e-20
1.734122e+00 1.094415e-20
1.738121e+00 1.035284e-20
1.742129e+00 9.793472e-21
1.746147e+00 9.264519e-21
1.750173e+00 8.764154e-21
1.754209e+00 8.290836e-21
1.758254e+00 7.843104e-21
1.762309e+00 7.419579e-21
1.766373e+00 7.018952e-21
1.770446e+00 6.639736e-21
1.774529e+00 6.280976e-21
1.778621e+00 5.941839e-21
1.782722e+00 5.621076e-21
1.786833e+00 5.317664e-21
1.790954e+00 5.030666e-21
1.795084e+00 4.765709e-21
1.799223e+00 4.515062e-21
1.803372e+00 4.277639e-21
1.807531e+00 4.052743e-21
1.811699e+00 3.839420e-21
1.815877e+00 3.637249e-21
1.820064e+00 3.446020e-21
1.824261e+00 3.264953e-21
1.828468e+00 3.093447e-21
1.832684e+00 2.931000e-21
1.836911e+00 2.777136e-21
1.841147e+00 2.631404e-21
1.845392e+00 2.493375e-21
1.849648e+00 2.362646e-21
1.853913e+00 2.238385e-21
1.858188e+00 2.121230e-21
1.862473e+00 2.012540e-21
1.866768e+00 1.909492e-21
1.871073e+00 1.811782e-21
1.875388e+00 1.719134e-21
1.879712e+00 1.631291e-21
1.884047e+00 1.547909e-21
1.888391e+00 1.468354e-21
1.892746e+00 1.393013e-21
1.897111e+00 1.321998e-21
1.901486e+00 1.254673e-21
1.905870e+00 1.190850e-21
1.910265e+00 1.130350e-21
1.914670e+00 1.073003e-21
1.919086e+00 1.018270e-21
1.923511e+00 9.660349e-22
1.927947e+00 9.174312e-22
1.932393e+00 8.719850e-22
1.936849e+00 8.288712e-22
1.941315e+00 7.879716e-22
1.945792e+00 7.491774e-22
1.950279e+00 7.123816e-22
1.954776e+00 6.774866e-22
1.959284e+00 6.442153e-22
1.963802e+00 6.119558e-22
1.968331e+00 5.816048e-22
1.972870e+00 5.533476e-22
1.977419e+00 5.265606e-22
1.981979e+00 5.011708e-22
1.986549e+00 4.771093e-22
1.991130e+00 4.543094e-22
1.995722e+00 4.327103e-22
2.000324e+00 4.125657e-22
2.004937e+00 3.938761e-22
2.009560e+00 3.758442e-22
2.014194e+00 3.578647e-22
2.018839e+00 3.412420e-22
2.023495e+00 3.260469e-22
2.028161e+00 3.116385e-22
2.032838e+00 2.979780e-22
2.037525e+00 2.850321e-22
2.042224e+00 2.727644e-22
2.046933e+00 2.611450e-22
2.051654e+00 2.501410e-22
2.056385e+00 2.397244e-22
2.061127e+00 2.298668e-22
2.065880e+00 2.205407e-22
2.070644e+00 2.117372e-22
2.075419e+00 2.035255e-22
2.080205e+00 1.957596e-22
2.085001e+00 1.878503e-22
2.089810e+00 1.792456e-22
2.094629e+00 1.719899e-22
2.099459e+00 1.657275e-22
2.104300e+00 1.598134e-22
2.109153e+00 1.542277e-22
2.114016e+00 1.489566e-22
2.118891e+00 1.439826e-22
2.123778e+00 1.392908e-22
2.128675e+00 1.348679e-22
2.133584e+00 1.306045e-22
2.138504e+00 1.248288e-22
2.143435e+00 1.199013e-22
2.148378e+00 1.163838e-22
2.153332e+00 1.130950e-22
2.158298e+00 1.099935e-22
2.163275e+00 1.070722e-22
2.168263e+00 1.043179e-22
2.173263e+00 1.017226e-22
2.178275e+00 9.927711e-23
2.183298e+00 9.697108e-23
2.188333e+00 9.289158e-23
2.193379e+00 8.955153e-23
2.198437e+00 8.759494e-23
2.203507e+00 8.575049e-23
2.208588e+00 8.400970e-23
2.213681e+00 8.236869e-23
2.218786e+00 8.081867e-23
2.223902e+00 7.935448e-23
2.229031e+00 7.652012e-23
2.234171e+00 7.365916e-23
2.239323e+00 7.242192e-23
2.244487e+00 7.124977e-23
2.249663e+00 7.013795e-23
2.254850e+00 6.908437e-23
2.260050e+00 6.808285e-23
2.265262e+00 6.713091e-23
2.270485e+00 6.622537e-23
2.275721e+00 6.536166e-23
2.280969e+00 6.453870e-23
2.286229e+00 6.279181e-23
2.291501e+00 6.029747e-23
2.296785e+00 5.952902e-23
2.302082e+00 5.884510e-23
2.307390e+00 5.818951e-23
2.312711e+00 5.756430e-23
2.318044e+00 5.696237e-23
2.323390e+00 5.638310e-23
2.328747e+00 5.471831e-23
2.334117e+00 5.283616e-23
2.339500e+00 5.232531e-23
2.344895e+00 5.183146e-23
2.350302e+00 5.135294e-23
2.355722e+00 5.089024e-23
2.361154e+00 4.970241e-23
2.366599e+00 4.785365e-23
2.372057e+00 4.742345e-23
2.377527e+00 4.702170e-23
2.383009e+00 4.663030e-23
2.388504e+00 4.624967e-23
2.394012e+00 4.587809e-23
2.399533e+00 4.551554e-23
2.405066e+00 4.516167e-23
2.410612e+00 4.481481e-23
2.416171e+00 4.447475e-23
2.421743e+00 4.414194e-23
2.427327e+00 4.329755e-23
2.432925e+00 4.174645e-23
2.438535e+00 4.135327e-23
2.444159e+00 4.056127e-23
2.449795e+00 3.916613e-23
2.455444e+00 3.884830e-23
2.461106e+00 3.857463e-23
2.466782e+00 3.830483e-23
2.472470e+00 3.803958e-23
2.478172e+00 3.723142e-23
2.483886e+00 3.609839e-23
2.489614e+00 3.585381e-23
2.495355e+00 3.561231e-23
2.501110e+00 3.537358e-23
2.506877e+00 3.513793e-23
2.512658e+00 3.490512e-23
2.518452e+00 3.467470e-23
2.524260e+00 3.444680e-23
2.530081e+00 3.422161e-23
2.535915e+00 3.440412e-23
2.541763e+00 3.508490e-23
2.547624e+00 3.393183e-23
2.553499e+00 3.284605e-23
2.559388e+00 3.195885e-23
2.565289e+00 3.175486e-23
2.571205e+00 3.155279e-23
2.577134e+00 3.135239e-23
2.583077e+00 3.115362e-23
2.589034e+00 3.095686e-23
2.595004e+00 3.035620e-23
2.600988e+00 2.956814e-23
2.606986e+00 2.938349e-23
2.612998e+00 2.920038e-23
2.619023e+00 2.901857e-23
2.625063e+00 2.883804e-23
2.631116e+00 2.865918e-23
2.637184e+00 2.848156e-23
2.643265e+00 2.830513e-23
2.649360e+00 2.813000e-23
2.655470e+00 2.795633e-23
2.661593e+00 2.778378e-23
2.667731e+00 2.761236e-23
2.673883e+00 2.744225e-23
2.680049e+00 2.727341e-23
2.686229e+00 2.682323e-23
2.692424e+00 2.613776e-23
2.698632e+00 2.597844e-23
2.704855e+00 2.582022e-23
2.711093e+00 2.566299e-23
2.717345e+00 2.556824e-23
2.723611e+00 2.599096e-23
2.729891e+00 2.596261e-23
2.736187e+00 2.554189e-23
2.742496e+00 2.489226e-23
2.748821e+00 2.474116e-23
2.755159e+00 2.459108e-23
2.761513e+00 2.444190e-23
2.767881e+00 2.429362e-23
2.774264e+00 2.414633e-23
2.780661e+00 2.400008e-23
2.787073e+00 2.356597e-23
2.793500e+00 2.307606e-23
2.799942e+00 2.293733e-23
2.806399e+00 2.279962e-23
2.812870e+00 2.266273e-23
2.819357e+00 2.252664e-23
2.825858e+00 2.239137e-23
2.832375e+00 2.225699e-23
2.838906e+00 2.212349e-23
2.845453e+00 2.199078e-23
2.852014e+00 2.185885e-23
2.858591e+00 2.171128e-23
2.865183e+00 2.116918e-23
2.871790e+00 2.095232e-23
2.878413e+00 2.082766e-23
2.885050e+00 2.070373e-23
2.891703e+00 2.058053e-23
2.898372e+00 2.045818e-23
2.905055e+00 2.033654e-23
2.911754e+00 2.021562e-23
2.918469e+00 2.009540e-23
2.925199e+00 1.996545e-23
2.931944e+00 1.949963e-23
2.938705e+00 1.931458e-23
2.945482e+00 1.920060e-23
2.952274e+00 1.908728e-23
2.959082e+00 1.897462e-23
2.965906e+00 1.886267e-23
2.972745e+00 1.875141e-23
2.979601e+00 1.864079e-23
2.986472e+00 1.853082e-23
2.993358e+00 1.842149e-23
3.000261e+00 1.831279e-23
3.007180e+00 1.820479e-23
3.014114e+00 1.785629e-23
3.021065e+00 1.764761e-23
3.028031e+00 1.754420e-23
3.035014e+00 1.744139e-23
3.042013e+00 1.733917e-23
3.049028e+00 1.723759e-23
3.056059e+00 1.713661e-23
3.063106e+00 1.703621e-23
3.070170e+00 1.693639e-23
3.077250e+00 1.683714e-23
3.084346e+00 1.673846e-23
3.091458e+00 1.664037e-23
3.098587e+00 1.654288e-23
3.105733e+00 1.644596e-23
3.112894e+00 1.634959e-23
3.120073e+00 1.625377e-23
3.127268e+00 1.608410e-23
3.134479e+00 1.579605e-23
3.141707e+00 1.570401e-23
3.148952e+00 1.561253e-23
3.156214e+00 1.552158e-23
3.163492e+00 1.543114e-23
3.170787e+00 1.534123e-23
3.178099e+00 1.525182e-23
3.185427e+00 1.510585e-23
3.192773e+00 1.485242e-23
3.200136e+00 1.476631e-23
3.207515e+00 1.468071e-23
3.214912e+00 1.459560e-23
3.222325e+00 1.451098e-23
3.229756e+00 1.442683e-23
3.237204e+00 1.434316e-23
3.244669e+00 1.425997e-23
3.252151e+00 1.417724e-23
3.259651e+00 1.409498e-23
3.267167e+00 1.401320e-23
3.274702e+00 1.393188e-23
3.282253e+00 1.385103e-23
3.289822e+00 1.377064e-23
3.297408e+00 1.369071e-23
3.305012e+00 1.361123e-23
3.312634e+00 1.353220e-23
3.320272e+00 1.345362e-23
3.327929e+00 1.337548e-23
3.335603e+00 1.329778e-23
3.343295e+00 1.322052e-23
3.351005e+00 1.314370e-23
3.358732e+00 1.306732e-23
3.366478e+00 1.299137e-23
3.374241e+00 1.291586e-23
3.382022e+00 1.284077e-23
3.389821e+00 1.276611e-23
3.397638e+00 1.269187e-23
3.405473e+00 1.261805e-23
3.413326e+00 1.254465e-23
3.421197e+00 1.247166e-23
3.429086e+00 1.248261e-23
3.436994e+00 1.249899e-23
3.444919e+00 1.242587e-23
3.452863e+00 1.235316e-23
3.460826e+00 1.222990e-23
3.468806e+00 1.204231e-23
3.476805e+00 1.197216e-23
3.484823e+00 1.190240e-23
3.492859e+00 1.183304e-23
3.500914e+00 1.176407e-23
3.508987e+00 1.168420e-23
3.517078e+00 1.148720e-23
3.525189e+00 1.142051e-23
3.533318e+00 1.135418e-23
3.541466e+00 1.117067e-23
3.549633e+00 1.110321e-23
3.557818e+00 1.103895e-23
3.566022e+00 1.097504e-23
3.574246e+00 1.091149e-23
3.582488e+00 1.084829e-23
3.590749e+00 1.078544e-23
3.599029e+00 1.072295e-23
3.607329e+00 1.066079e-23
3.615647e+00 1.059899e-23
3.623985e+00 1.053752e-23
3.632342e+00 1.047640e-23
3.640718e+00 1.041561e-23
3.649114e+00 1.035517e-23
3.657529e+00 1.020938e-23
3.665963e+00 1.014141e-23
3.674417e+00 1.008271e-23
3.682890e+00 1.002433e-23
3.691383e+00 9.966279e-24
3.699895e+00 9.908544e-24
3.708427e+00 9.771959e-24
3.716979e+00 9.715492e-24
3.725550e+00 9.659335e-24
3.734141e+00 9.603485e-24
3.742752e+00 9.547941e-24
3.751383e+00 9.504931e-24
3.760034e+00 9.497531e-24
3.768704e+00 9.383128e-24
3.777395e+00 9.328792e-24
3.786106e+00 9.274752e-24
3.794836e+00 9.221009e-24
3.803587e+00 9.167560e-24
3.812358e+00 9.114403e-24
3.821150e+00 9.061538e-24
3.829961e+00 9.008962e-24
3.838793e+00 8.956675e-24
3.847646e+00 8.904673e-24
3.856518e+00 8.852956e-24
3.865411e+00 8.801522e-24
3.874325e+00 8.750370e-24
3.883259e+00 8.640863e-24
3.892214e+00 8.593951e-24
3.901190e+00 8.598596e-24
3.910186e+00 8.548559e-24
3.919203e+00 8.498796e-24
3.928240e+00 8.426870e-24
3.937299e+00 8.343707e-24
3.946378e+00 8.295206e-24
3.955479e+00 8.246969e-24
3.964600e+00 8.198995e-24
3.973743e+00 8.151283e-24
3.982906e+00 8.155129e-24
3.992091e+00 8.110385e-24
4.001296e+00 8.063027e-24
4.010524e+00 8.015929e-24
4.019772e+00 7.969090e-24
4.029041e+00 7.922507e-24
4.038332e+00 7.876179e-24
4.047645e+00 7.830106e-24
4.056979e+00 7.784285e-24
4.066334e+00 7.738716e-24
4.075711e+00 7.693400e-24
4.085110e+00 7.637545e-24
4.094530e+00 7.554279e-24
4.103972e+00 7.510096e-24
4.113436e+00 7.466156e-24
4.122922e+00 7.422455e-24
4.132429e+00 7.378994e-24
4.141958e+00 7.335772e-24
4.151510e+00 7.292790e-24
4.161083e+00 7.250044e-24
4.170679e+00 7.207531e-24
4.180296e+00 7.165252e-24
4.189936e+00 7.123204e-24
4.199598e+00 7.081387e-24
4.209282e+00 7.039802e-24
4.218989e+00 6.998447e-24
4.228718e+00 6.976571e-24
4.238470e+00 6.960131e-24
4.248244e+00 6.957866e-24
4.258040e+00 6.879998e-24
4.267859e+00 6.795057e-24
4.277701e+00 6.755052e-24
4.287565e+00 6.715266e-24
4.297452e+00 6.650158e-24
4.307362e+00 6.631990e-24
4.317295e+00 6.597220e-24
4.327251e+00 6.558308e-24
4.337230e+00 6.519611e-24
4.347231e+00 6.481127e-24
4.357256e+00 6.442855e-24
4.367304e+00 6.404797e-24
4.377375e+00 6.366951e-24
4.387469e+00 6.329315e-24
4.397587e+00 6.291887e-24
4.407728e+00 6.254666e-24
4.417892e+00 6.255573e-24
4.428079e+00 6.204340e-24
4.438291e+00 6.144247e-24
4.448525e+00 6.107849e-24
4.458784e+00 6.108396e-24
4.469066e+00 6.072117e-24
4.479371e+00 6.057319e-24
4.489701e+00 6.076529e-24
4.500054e+00 6.103652e-24
4.510431e+00 5.958997e-24
4.520832e+00 5.875993e-24
4.531257e+00 5.823893e-24
4.541707e+00 5.789285e-24
4.552180e+00 5.754875e-24
4.562677e+00 5.720657e-24
4.573199e+00 5.686631e-24
4.583745e+00 5.652795e-24
4.594315e+00 5.619152e-24
4.604909e+00 5.585698e-24
4.615528e+00 5.552431e-24
4.626172e+00 5.519353e-24
4.636840e+00 5.486463e-24
4.647532e+00 5.453757e-24
4.658249e+00 5.421235e-24
4.668991e+00 5.388901e-24
4.679758e+00 5.356749e-24
4.690550e+00 5.324778e-24
4.701366e+00 5.292989e-24
4.712208e+00 5.261382e-24
4.723074e+00 5.209514e-24
4.733965e+00 5.172492e-24
4.744882e+00 5.141627e-24
4.755824e+00 5.148771e-24
4.766791e+00 5.248989e-24
4.777783e+00 5.116097e-24
4.788800e+00 5.063769e-24
4.799843e+00 5.015443e-24
4.810912e+00 4.984902e-24
4.822006e+00 4.939129e-24
4.833126e+00 4.900953e-24
4.844271e+00 4.879018e-24
4.855442e+00 4.866537e-24
4.866638e+00 4.837369e-24
4.877861e+00 4.808372e-24
4.889109e+00 4.779541e-24
4.900384e+00 4.750876e-24
4.911684e+00 4.732767e-24
4.923010e+00 4.720259e-24
4.934363e+00 4.691885e-24
4.945741e+00 4.663676e-24
4.957146e+00 4.660579e-24
4.968578e+00 4.636766e-24
4.980035e+00 4.628389e-24
4.991519e+00 4.581599e-24
5.003030e+00 4.553419e-24
5.014567e+00 4.525961e-24
5.026130e+00 4.498664e-24
5.037721e+00 4.471529e-24
5.049338e+00 4.473324e-24
5.060981e+00 4.417735e-24
5.072652e+00 4.371510e-24
5.084350e+00 4.337747e-24
5.096074e+00 4.311612e-24
5.107826e+00 4.285629e-24
5.119605e+00 4.259802e-24
5.131410e+00 4.234125e-24
5.143243e+00 4.204236e-24
5.155104e+00 4.160831e-24
5.166991e+00 4.135783e-24
5.178907e+00 4.121018e-24
5.190849e+00 4.130460e-24
5.202819e+00 4.083229e-24
5.214817e+00 4.058599e-24
5.226842e+00 4.012758e-24
5.238896e+00 3.988590e-24
5.250977e+00 3.966948e-24
5.263085e+00 3.949506e-24
5.275222e+00 3.917475e-24
5.287387e+00 3.913871e-24
5.299580e+00 3.912299e-24
5.311800e+00 3.889851e-24
5.324049e+00 3.889389e-24
5.336327e+00 3.842950e-24
5.348632e+00 3.819710e-24
5.360966e+00 3.767963e-24
5.373329e+00 3.732072e-24
5.385720e+00 3.709583e-24
5.398139e+00 3.687230e-24
5.410587e+00 3.665012e-24
5.423064e+00 3.630229e-24
5.435570e+00 3.604676e-24
5.448104e+00 3.582991e-24
5.460668e+00 3.561438e-24
5.473260e+00 3.540016e-24
5.485881e+00 3.518726e-24
5.498532e+00 3.497565e-24
5.511212e+00 3.476534e-24
5.523920e+00 3.455633e-24
5.536659e+00 3.434861e-24
5.549426e+00 3.444306e-24
5.562223e+00 3.427809e-24
5.575050e+00 3.388122e-24
5.587906e+00 3.353053e-24
5.600792e+00 3.332919e-24
5.613707e+00 3.312913e-24
5.626652e+00 3.293034e-24
5.639627e+00 3.273281e-24
5.652632e+00 3.249664e-24
5.665668e+00 3.221864e-24
5.678733e+00 3.202593e-24
5.691828e+00 3.183445e-24
5.704953e+00 3.164424e-24
5.718109e+00 3.145527e-24
5.731295e+00 3.126756e-24
5.744511e+00 3.108110e-24
5.757758e+00 3.089588e-24
5.771036e+00 3.071193e-24
5.784344e+00 3.052923e-24
5.797682e+00 3.034778e-24
5.811052e+00 3.016759e-24
5.824452e+00 2.998865e-24
5.837883e+00 2.981098e-24
5.851346e+00 2.965165e-24
5.864839e+00 2.966355e-24
5.878363e+00 2.941940e-24
5.891919e+00 2.911291e-24
5.905506e+00 2.894157e-24
5.919124e+00 2.877148e-24
5.932773e+00 2.860267e-24
5.946454e+00 2.843513e-24
5.960167e+00 2.826886e-24
5.973911e+00 2.810387e-24
5.987687e+00 2.794015e-24
6.001495e+00 2.777771e-24
6.015334e+00 2.761654e-24
6.029206e+00 2.745665e-24
6.043109e+00 2.729803e-24
6.057044e+00 2.714068e-24
6.071012e+00 2.698461e-24
6.085012e+00 2.682981e-24
6.099044e+00 2.667628e-24
6.113108e+00 2.657626e-24
6.127205e+00 2.637302e-24
6.141335e+00 2.622328e-24
6.155496e+00 2.613358e-24
6.169691e+00 2.605333e-24
6.183918e+00 2.596446e-24
6.198179e+00 2.565565e-24
6.212472e+00 2.553585e-24
6.226798e+00 2.543751e-24
6.241157e+00 2.549216e-24
6.255549e+00 2.550090e-24
6.269974e+00 2.493171e-24
6.284433e+00 2.479433e-24
6.298925e+00 2.465817e-24
6.313450e+00 2.445161e-24
6.328009e+00 2.431846e-24
6.342601e+00 2.425681e-24
6.357228e+00 2.412538e-24
6.371887e+00 2.399513e-24
6.386581e+00 2.386603e-24
6.401308e+00 2.373807e-24
6.416070e+00 2.354865e-24
6.430865e+00 2.341888e-24
6.445695e+00 2.329492e-24
6.460559e+00 2.317207e-24
6.475457e+00 2.305031e-24
6.490389e+00 2.292965e-24
6.505356e+00 2.287389e-24
6.520358e+00 2.275483e-24
6.535394e+00 2.263683e-24
6.550464e+00 2.251989e-24
6.565570e+00 2.240400e-24
6.580710e+00 2.228915e-24
6.595885e+00 2.211485e-24
6.611095e+00 2.202197e-24
6.626341e+00 2.195075e-24
6.641621e+00 2.183996e-24
6.656937e+00 2.173017e-24
6.672288e+00 2.162136e-24
6.687674e+00 2.157914e-24
6.703096e+00 2.140663e-24
6.718553e+00 2.130070e-24
6.734046e+00 2.119570e-24
6.749575e+00 2.109164e-24
6.765140e+00 2.093374e-24
6.780740e+00 2.086894e-24
6.796376e+00 2.078491e-24
6.812049e+00 2.068446e-24
6.827758e+00 2.058488e-24
6.843502e+00 2.043386e-24
6.859284e+00 2.033648e-24
6.875101e+00 2.023994e-24
6.890955e+00 2.014422e-24
6.906846e+00 2.004932e-24
6.922773e+00 1.995523e-24
6.938737e+00 1.986193e-24
6.954738e+00 1.976941e-24
6.970775e+00 1.967766e-24
6.986850e+00 1.958668e-24
7.002962e+00 1.952683e-24
7.019111e+00 1.940693e-24
7.035297e+00 1.931816e-24
7.051520e+00 1.927643e-24
7.067781e+00 1.918863e-24
7.084080e+00 1.910153e-24
7.100415e+00 1.901279e-24
7.116789e+00 1.888473e-24
7.133200e+00 1.880005e-24
7.149650e+00 1.876185e-24
7.166137e+00 1.863262e-24
7.182662e+00 1.854983e-24
7.199225e+00 1.846766e-24
7.215827e+00 1.838608e-24
7.232466e+00 1.830509e-24
7.249145e+00 1.819220e-24
7.265861e+00 1.810908e-24
7.282616e+00 1.803012e-24
7.299410e+00 1.795170e-24
7.316243e+00 1.787380e-24
7.333114e+00 1.779642e-24
7.350024e+00 1.771955e-24
7.366973e+00 1.764317e-24
7.383962e+00 1.756972e-24
7.400989e+00 1.752496e-24
7.418056e+00 1.748085e-24
7.435162e+00 1.736762e-24
7.452307e+00 1.726843e-24
7.469493e+00 1.719485e-24
7.486717e+00 1.712171e-24
7.503982e+00 1.704899e-24
7.521286e+00 1.697669e-24
7.538630e+00 1.688765e-24
7.556014e+00 1.680690e-24
7.573438e+00 1.673609e-24
7.590903e+00 1.666568e-24
7.608407e+00 1.659566e-24
7.625953e+00 1.652602e-24
7.643538e+00 1.645678e-24
7.661164e+00 1.638791e-24
7.678831e+00 1.633054e-24
7.696538e+00 1.627576e-24
7.714287e+00 1.620779e-24
7.732076e+00 1.614018e-24
7.749906e+00 1.604920e-24
7.767777e+00 1.598258e-24
7.785690e+00 1.591633e-24
7.803644e+00 1.587352e-24
7.821639e+00 1.582319e-24
7.839676e+00 1.576839e-24
7.857754e+00 1.567921e-24
7.875874e+00 1.561289e-24
7.894036e+00 1.552673e-24
7.912240e+00 1.546314e-24
7.930485e+00 1.539993e-24
7.948773e+00 1.533712e-24
7.967103e+00 1.527470e-24
7.985475e+00 1.521270e-24
8.003890e+00 1.515109e-24
8.022347e+00 1.508991e-24
8.040846e+00 1.502914e-24
8.059389e+00 1.496879e-24
8.077974e+00 1.490888e-24
8.096602e+00 1.484941e-24
8.115272e+00 1.479037e-24
8.133986e+00 1.473179e-24
8.152743e+00 1.467366e-24
8.171544e+00 1.461599e-24
8.190387e+00 1.455880e-24
8.209274e+00 1.450207e-24
8.228205e+00 1.446421e-24
8.247179e+00 1.440827e-24
8.266197e+00 1.435283e-24
8.285259e+00 1.429790e-24
8.304365e+00 1.425389e-24
8.323515e+00 1.436757e-24
8.342709e+00 1.437180e-24
8.361947e+00 1.410296e-24
8.381230e+00 1.405044e-24
8.400557e+00 1.399847e-24
8.419929e+00 1.396889e-24
8.439346e+00 1.389617e-24
8.458807e+00 1.382822e-24
8.478313e+00 1.379612e-24
8.497864e+00 1.374695e-24
8.517460e+00 1.369836e-24
8.537101e+00 1.365035e-24
8.556788e+00 1.361938e-24
8.576520e+00 1.359499e-24
8.596298e+00 1.350988e-24
8.616121e+00 1.344817e-24
8.635989e+00 1.340225e-24
8.655904e+00 1.335803e-24
8.675865e+00 1.331443e-24
8.695871e+00 1.327146e-24
8.715924e+00 1.321613e-24
8.736023e+00 1.317334e-24
8.756168e+00 1.313594e-24
8.776360e+00 1.310589e-24
8.796599e+00 1.305795e-24
8.816884e+00 1.301352e-24
8.837215e+00 1.298129e-24
8.857594e+00 1.295074e-24
8.878020e+00 1.291362e-24
8.898493e+00 1.287718e-24
8.919012e+00 1.284143e-24
8.939580e+00 1.280638e-24
8.960195e+00 1.277204e-24
8.980857e+00 1.273841e-24
9.001567e+00 1.270550e-24
9.022324e+00 1.267333e-24
9.043130e+00 1.264425e-24
9.063984e+00 1.262484e-24
9.084885e+00 1.258135e-24
9.105835e+00 1.255224e-24
9.126833e+00 1.252393e-24
9.147880e+00 1.249643e-24
9.168975e+00 1.248266e-24
9.190118e+00 1.244394e-24
9.211311e+00 1.243161e-24
9.232552e+00 1.242034e-24
9.253843e+00 1.242297e-24
9.275182e+00 1.245579e-24
9.296571e+00 1.241900e-24
9.318009e+00 1.236423e-24
9.339496e+00 1.231354e-24
9.361033e+00 1.228119e-24
9.382620e+00 1.226336e-24
9.404256e+00 1.223491e-24
9.425942e+00 1.221893e-24
9.447679e+00 1.220375e-24
9.469465e+00 1.218930e-24
9.491302e+00 1.217548e-24
9.513189e+00 1.216219e-24
9.535126e+00 1.214930e-24
9.557114e+00 1.213666e-24
9.579153e+00 1.212408e-24
9.601243e+00 1.211139e-24
9.623383e+00 1.209840e-24
9.645575e+00 1.208490e-24
9.667817e+00 1.207072e-24
9.690112e+00 1.205569e-24
9.712457e+00 1.203968e-24
9.734854e+00 1.201400e-24
9.757303e+00 1.199589e-24
9.779803e+00 1.198501e-24
9.802355e+00 1.195630e-24
9.824960e+00 1.193494e-24
9.847616e+00 1.191268e-24
9.870325e+00 1.189758e-24
9.893086e+00 1.187384e-24
9.915899e+00 1.184195e-24
9.938766e+00 1.182515e-24
9.961684e+00 1.180053e-24
9.984656e+00 1.177590e-24
1.000768e+01 1.175202e-24
1.003076e+01 1.171997e-24
1.005389e+01 1.169611e-24
1.007707e+01 1.167263e-24
1.010031e+01 1.164958e-24
1.012360e+01 1.162213e-24
1.014695e+01 1.159920e-24
1.017035e+01 1.157775e-24
1.019380e+01 1.155821e-24
1.021731e+01 1.153643e-24
1.024087e+01 1.151657e-24
1.026448e+01 1.149723e-24
1.028815e+01 1.148365e-24
1.031188e+01 1.146300e-24
1.033566e+01 1.144222e-24
1.035949e+01 1.142483e-24
1.038338e+01 1.140789e-24
1.040732e+01 1.141234e-24
1.043132e+01 1.138044e-24
1.045538e+01 1.135956e-24
1.047949e+01 1.134422e-24
1.050365e+01 1.132924e-24
1.052788e+01 1.131460e-24
1.055215e+01 1.130029e-24
1.057649e+01 1.128628e-24
1.060088e+01 1.127256e-24
1.062532e+01 1.125913e-24
1.064982e+01 1.124596e-24
1.067438e+01 1.123303e-24
1.069900e+01 1.122035e-24
1.072367e+01 1.120439e-24
1.074840e+01 1.119220e-24
1.077318e+01 1.118285e-24
1.079803e+01 1.117176e-24
1.082293e+01 1.116010e-24
1.084789e+01 1.114860e-24
1.087290e+01 1.113485e-24
1.089797e+01 1.112292e-24
1.092311e+01 1.111193e-24
1.094829e+01 1.110108e-24
1.097354e+01 1.109035e-24
1.099885e+01 1.107974e-24
1.102421e+01 1.106925e-24
1.104963e+01 1.105886e-24
1.107511e+01 1.104856e-24
1.110065e+01 1.103836e-24
1.112625e+01 1.102583e-24
1.115191e+01 1.101821e-24
1.117762e+01 1.100590e-24
1.120340e+01 1.099604e-24
1.122923e+01 1.098624e-24
1.125513e+01 1.097649e-24
1.128108e+01 1.096840e-24
1.130710e+01 1.095715e-24
1.133317e+01 1.094754e-24
1.135931e+01 1.093797e-24
1.138550e+01 1.092843e-24
1.141176e+01 1.091892e-24
1.143807e+01 1.090943e-24
1.146445e+01 1.089997e-24
1.149088e+01 1.089051e-24
1.151738e+01 1.088107e-24
1.154394e+01 1.087163e-24
1.157056e+01 1.086220e-24
1.159724e+01 1.085277e-24
1.162399e+01 1.084334e-24
1.165079e+01 1.083390e-24
1.167766e+01 1.082445e-24
1.170459e+01 1.081499e-24
1.173158e+01 1.080551e-24
1.175863e+01 1.079602e-24
1.178575e+01 1.078650e-24
1.181293e+01 1.077696e-24
1.184017e+01 1.076740e-24
1.186747e+01 1.075780e-24
1.189484e+01 1.074818e-24
1.192227e+01 1.073851e-24
1.194976e+01 1.073035e-24
1.197731e+01 1.072107e-24
1.200493e+01 1.071251e-24
1.203262e+01 1.070265e-24
1.206037e+01 1.069107e-24
1.208818e+01 1.068114e-24
1.211605e+01 1.066976e-24
1.214399e+01 1.065975e-24
1.217200e+01 1.064969e-24
1.220006e+01 1.063958e-24
1.222820e+01 1.062941e-24
1.225640e+01 1.061918e-24
1.228466e+01 1.060910e-24
1.231299e+01 1.060128e-24
1.234138e+01 1.058940e-24
1.236984e+01 1.057768e-24
1.239837e+01 1.056715e-24
1.242696e+01 1.055949e-24
1.245561e+01 1.056303e-24
1.248434e+01 1.055645e-24
1.251313e+01 1.052746e-24
1.254198e+01 1.051459e-24
1.257090e+01 1.050257e-24
1.259989e+01 1.049156e-24
1.262895e+01 1.048049e-24
1.265807e+01 1.046934e-24
1.268726e+01 1.045811e-24
1.271652e+01 1.044682e-24
1.274584e+01 1.043545e-24
1.277523e+01 1.042400e-24
1.280469e+01 1.041248e-24
1.283422e+01 1.040088e-24
1.286382e+01 1.038921e-24
1.289348e+01 1.037746e-24
1.292321e+01 1.036563e-24
1.295301e+01 1.035373e-24
1.298288e+01 1.034174e-24
1.301282e+01 1.032968e-24
1.304283e+01 1.031755e-24
1.307291e+01 1.030620e-24
1.310305e+01 1.029389e-24
1.313327e+01 1.028151e-24
1.316355e+01 1.026904e-24
1.319391e+01 1.025650e-24
1.322433e+01 1.024388e-24
1.325483e+01 1.023157e-24
1.328539e+01 1.021931e-24
1.331603e+01 1.020645e-24
1.334674e+01 1.019351e-24
1.337752e+01 1.018049e-24
1.340836e+01 1.016740e-24
1.343928e+01 1.015519e-24
1.347027e+01 1.014193e-24
1.350134e+01 1.012860e-24
1.353247e+01 1.011436e-24
1.356368e+01 1.010080e-24
1.359496e+01 1.008780e-24
1.362631e+01 1.007365e-24
1.365773e+01 1.005996e-24
1.368922e+01 1.004620e-24
1.372079e+01 1.003237e-24
1.375243e+01 1.001847e-24
1.378414e+01 1.000379e-24
1.381593e+01 9.989820e-25
1.384779e+01 9.975664e-25
1.387972e+01 9.961500e-25
1.391173e+01 9.947270e-25
1.394381e+01 9.932975e-25
1.397596e+01 9.918616e-25
1.400819e+01 9.904193e-25
1.404050e+01 9.889708e-25
1.407287e+01 9.875161e-25
1.410533e+01 9.860554e-25
1.413785e+01 9.845888e-25
1.417045e+01 9.831164e-25
1.420313e+01 9.816974e-25
1.423588e+01 9.801947e-25
1.426871e+01 9.786793e-25
1.430162e+01 9.772279e-25
1.433460e+01 9.757275e-25
1.436765e+01 9.742221e-25
1.440078e+01 9.727118e-25
1.443399e+01 9.711968e-25
1.446728e+01 9.696771e-25
1.450064e+01 9.681530e-25
1.453408e+01 9.666245e-25
1.456759e+01 9.650919e-25
1.460119e+01 9.635553e-25
1.463486e+01 9.620148e-25
1.466860e+01 9.604706e-25
1.470243e+01 9.589229e-25
1.473633e+01 9.573545e-25
1.477032e+01 9.557711e-25
1.480438e+01 9.542144e-25
1.483852e+01 9.526549e-25
1.487273e+01 9.510926e-25
1.490703e+01 9.495278e-25
1.494141e+01 9.479606e-25
1.497586e+01 9.463913e-25
1.501040e+01 9.448514e-25
1.504501e+01 9.432470e-25
1.507970e+01 9.416723e-25
1.511448e+01 9.400963e-25
1.514933e+01 9.385190e-25
1.518427e+01 9.369368e-25
1.521928e+01 9.353281e-25
1.525438e+01 9.337489e-25
1.528955e+01 9.321693e-25
1.532481e+01 9.306215e-25
1.536015e+01 9.290412e-25
1.539557e+01 9.274611e-25
1.543107e+01 9.258814e-25
1.546666e+01 9.243024e-25
1.550232e+01 9.227242e-25
1.553807e+01 9.211302e-25
1.557390e+01 9.195714e-25
1.560982e+01 9.179685e-25
1.564581e+01 9.163963e-25
1.568189e+01 9.148262e-25
1.571805e+01 9.132582e-25
1.575430e+01 9.116926e-25
1.579063e+01 9.101297e-25
1.582704e+01 9.085697e-25
1.586354e+01 9.070127e-25
1.590012e+01 9.054592e-25
1.593679e+01 9.039091e-25
1.597354e+01 9.023629e-25
1.601037e+01 9.008208e-25
1.604729e+01 8.992829e-25
1.608430e+01 8.977496e-25
1.612139e+01 8.962210e-25
1.615857e+01 8.946974e-25
1.619583e+01 8.931791e-25
1.623317e+01 8.916662e-25
1.627061e+01 8.901591e-25
1.630813e+01 8.886579e-25
1.634574e+01 8.871630e-25
1.638343e+01 8.856745e-25
1.642121e+01 8.841744e-25
1.645908e+01 8.827161e-25
1.649703e+01 8.812501e-25
1.653507e+01 8.797723e-25
1.657320e+01 8.783199e-25
1.661142e+01 8.768924e-25
1.664973e+01 8.755480e-25
1.668812e+01 8.740464e-25
1.672661e+01 8.726046e-25
1.676518e+01 8.711810e-25
1.680384e+01 8.697795e-25
1.684259e+01 8.683873e-25
1.688143e+01 8.670046e-25
1.692035e+01 8.656317e-25
1.695937e+01 8.642687e-25
1.699848e+01 8.629160e-25
1.703768e+01 8.615737e-25
1.707697e+01 8.602421e-25
1.711635e+01 8.589213e-25
1.715582e+01 8.576116e-25
1.719538e+01 8.563132e-25
1.723503e+01 8.550263e-25
1.727478e+01 8.537511e-25
1.731461e+01 8.524879e-25
1.735454e+01 8.512367e-25
1.739456e+01 8.499979e-25
1.743467e+01 8.487716e-25
1.747488e+01 8.475579e-25
1.751517e+01 8.463571e-25
1.755556e+01 8.451694e-25
1.759605e+01 8.439949e-25
1.763662e+01 8.428338e-25
1.767729e+01 8.416863e-25
1.771806e+01 8.405525e-25
1.775892e+01 8.394326e-25
1.779987e+01 8.383268e-25
1.784092e+01 8.372351e-25
1.788206e+01 8.361578e-25
1.792329e+01 8.350950e-25
1.796462e+01 8.340468e-25
1.800605e+01 8.330133e-25
1.804757e+01 8.319947e-25
1.808919e+01 8.309910e-25
1.813090e+01 8.300025e-25
1.817271e+01 8.290292e-25
1.821462e+01 8.280712e-25
1.825662e+01 8.271286e-25
1.829872e+01 8.262015e-25
1.834092e+01 8.252899e-25
1.838322e+01 8.243941e-25
1.842561e+01 8.235228e-25
1.846810e+01 8.226584e-25
1.851068e+01 8.218099e-25
1.855337e+01 8.209774e-25
1.859615e+01 8.201609e-25
1.863904e+01 8.193604e-25
1.868202e+01 8.185761e-25
1.872510e+01 8.178079e-25
1.876828e+01 8.170559e-25
1.881156e+01 8.163172e-25
1.885494e+01 8.155932e-25
1.889842e+01 8.148900e-25
1.894200e+01 8.142032e-25
1.898568e+01 8.135327e-25
1.902946e+01 8.128785e-25
1.907334e+01 8.122406e-25
1.911733e+01 8.116191e-25
1.916141e+01 8.110162e-25
1.920560e+01 8.104248e-25
1.924989e+01 8.098522e-25
1.929428e+01 8.092957e-25
1.933877e+01 8.087556e-25
1.938336e+01 8.082378e-25
1.942806e+01 8.077299e-25
1.947286e+01 8.072320e-25
1.951777e+01 8.067564e-25
1.956278e+01 8.062999e-25
1.960789e+01 8.058589e-25
1.965310e+01 8.054254e-25
1.969842e+01 8.050135e-25
1.974385e+01 8.046173e-25
1.978938e+01 8.042367e-25
1.983501e+01 8.038718e-25
1.988075e+01 8.035223e-25
1.992660e+01 8.031933e-25
1.997255e+01 8.028743e-25
2.001861e+01 8.025693e-25
2.006477e+01 8.022767e-25
2.011104e+01 8.020027e-25
2.015741e+01 8.017477e-25
2.020390e+01 8.015035e-25
2.025049e+01 8.012684e-25
2.029719e+01 8.010523e-25
2.034399e+01 8.008547e-25
2.039090e+01 8.006663e-25
2.043793e+01 8.004871e-25
2.048506e+01 8.003300e-25
2.053229e+01 8.001817e-25
2.057964e+01 8.000464e-25
2.062710e+01 7.999236e-25
2.067466e+01 7.998132e-25
2.072234e+01 7.997149e-25
2.077013e+01 7.996285e-25
2.081802e+01 7.995535e-25
2.086603e+01 7.994897e-25
2.091415e+01 7.994367e-25
2.096237e+01 7.993943e-25
2.101071e+01 7.993620e-25
2.105916e+01 7.993395e-25
2.110773e+01 7.993264e-25
2.115640e+01 7.993223e-25
2.120519e+01 7.993268e-25
2.125409e+01 7.993396e-25
2.130310e+01 7.993601e-25
2.135223e+01 7.993879e-25
2.140146e+01 7.994227e-25
2.145082e+01 7.994638e-25
2.150028e+01 7.995110e-25
2.154986e+01 7.995636e-25
2.159956e+01 7.996212e-25
2.164936e+01 7.996833e-25
2.169929e+01 7.997494e-25
2.174933e+01 7.998191e-25
2.179948e+01 7.998916e-25
2.184975e+01 7.999667e-25
2.190014e+01 8.000436e-25
2.195064e+01 8.001220e-25
2.200126e+01 8.002012e-25
2.205199e+01 8.002807e-25
2.210284e+01 8.003600e-25
2.215381e+01 8.004385e-25
2.220490e+01 8.005157e-25
2.225610e+01 8.005910e-25
2.230743e+01 8.006639e-25
2.235887e+01 8.007338e-25
2.241043e+01 8.008003e-25
2.246211e+01 8.008627e-25
2.251390e+01 8.009206e-25
2.256582e+01 8.009733e-25
2.261786e+01 8.010205e-25
2.267002e+01 8.010615e-25
2.272229e+01 8.010958e-25
2.277469e+01 8.011230e-25
2.282721e+01 8.011426e-25
2.287985e+01 8.011540e-25
2.293261e+01 8.011568e-25
2.298549e+01 8.011505e-25
2.303850e+01 8.011347e-25
2.309162e+01 8.011089e-25
2.314487e+01 8.010726e-25
2.319825e+01 8.010256e-25
2.325174e+01 8.009673e-25
2.330536e+01 8.008973e-25
2.335910e+01 8.008153e-25
2.341297e+01 8.007210e-25
2.346696e+01 8.006139e-25
2.352107e+01 8.004961e-25
2.357531e+01 8.003601e-25
2.362968e+01 8.002128e-25
2.368417e+01 8.000538e-25
2.373878e+01 7.998782e-25
2.379353e+01 7.996881e-25
2.384839e+01 7.994832e-25
2.390339e+01 7.992633e-25
2.395851e+01 7.990281e-25
2.401376e+01 7.987775e-25
2.406914e+01 7.985114e-25
2.412464e+01 7.982294e-25
2.418027e+01 7.979316e-25
2.423603e+01 7.976177e-25
2.429192e+01 7.972876e-25
2.434794e+01 7.969413e-25
2.440408e+01 7.965786e-25
2.446036e+01 7.961995e-25
2.451676e+01 7.958040e-25
2.457330e+01 7.953919e-25
2.462997e+01 7.949632e-25
2.468676e+01 7.945180e-25
2.474369e+01 7.940586e-25
2.480075e+01 7.935802e-25
2.485794e+01 7.930855e-25
2.491526e+01 7.925719e-25
2.497272e+01 7.920442e-25
2.503031e+01 7.915001e-25
2.508803e+01 7.909397e-25
2.514588e+01 7.903632e-25
2.520387e+01 7.897705e-25
2.526199e+01 7.891619e-25
2.532024e+01 7.885374e-25
2.537863e+01 7.878972e-25
2.543715e+01 7.872414e-25
2.549581e+01 7.865701e-25
2.555460e+01 7.858836e-25
2.561353e+01 7.851819e-25
2.567260e+01 7.844653e-25
2.573180e+01 7.837339e-25
2.579114e+01 7.829879e-25
2.585061e+01 7.822275e-25
2.591022e+01 7.814529e-25
2.596997e+01 7.806644e-25
2.602986e+01 7.798621e-25
2.608988e+01 7.790462e-25
2.615005e+01 7.782169e-25
2.621035e+01 7.773746e-25
2.627079e+01 7.765194e-25
2.633137e+01 7.756515e-25
2.639209e+01 7.747712e-25
2.645295e+01 7.738787e-25
2.651395e+01 7.729743e-25
2.657509e+01 7.720582e-25
2.663638e+01 7.711306e-25
2.669780e+01 7.701919e-25
2.675937e+01 7.692422e-25
2.682107e+01 7.682817e-25
2.688292e+01 7.673109e-25
2.694492e+01 7.663298e-25
2.700705e+01 7.653388e-25
2.706933e+01 7.643381e-25
2.713175e+01 7.633280e-25
2.719432e+01 7.623086e-25
2.725703e+01 7.612804e-25
2.731988e+01 7.602434e-25
2.738288e+01 7.591996e-25
2.744603e+01 7.581460e-25
2.750932e+01 7.570844e-25
2.757275e+01 7.560152e-25
2.763634e+01 7.549384e-25
2.770007e+01 7.538545e-25
2.776394e+01 7.527636e-25
2.782797e+01 7.516660e-25
2.789214e+01 7.505619e-25
2.795646e+01 7.494515e-25
2.802093e+01 7.483350e-25
2.808554e+01 7.472128e-25
2.815031e+01 7.460850e-25
2.821522e+01 7.449518e-25
2.828029e+01 7.438136e-25
2.834550e+01 7.426704e-25
2.841087e+01 7.415225e-25
2.847638e+01 7.403701e-25
2.854205e+01 7.392135e-25
2.860787e+01 7.380528e-25
2.867384e+01 7.368882e-25
2.873996e+01 7.357200e-25
2.880623e+01 7.345484e-25
2.887266e+01 7.333734e-25
2.893924e+01 7.321954e-25
2.900598e+01 7.310145e-25
2.907286e+01 7.298309e-25
2.913991e+01 7.286448e-25
2.920710e+01 7.274564e-25
2.927446e+01 7.262658e-25
2.934196e+01 7.250732e-25
2.940963e+01 7.238788e-25
2.947744e+01 7.226827e-25
2.954542e+01 7.214852e-25
2.961355e+01 7.202863e-25
2.968184e+01 7.190863e-25
2.975029e+01 7.178852e-25
2.981889e+01 7.166832e-25
2.988765e+01 7.154806e-25
2.995658e+01 7.142773e-25
3.002566e+01 7.130749e-25
3.009489e+01 7.118697e-25
3.016429e+01 7.106655e-25
3.023385e+01 7.094613e-25
3.030357e+01 7.082572e-25
3.037345e+01 7.070533e-25
3.044349e+01 7.058498e-25
3.051370e+01 7.046467e-25
3.058406e+01 7.034442e-25
3.065459e+01 7.022424e-25
3.072528e+01 7.010426e-25
3.079613e+01 6.998425e-25
3.086715e+01 6.986434e-25
3.093833e+01 6.974455e-25
3.100967e+01 6.962487e-25
3.108118e+01 6.950533e-25
3.115285e+01 6.938593e-25
3.122469e+01 6.926669e-25
3.129670e+01 6.914760e-25
3.136887e+01 6.902868e-25
3.144120e+01 6.890993e-25
3.151371e+01 6.879138e-25
3.158638e+01 6.867301e-25
3.165922e+01 6.855485e-25
3.173222e+01 6.843690e-25
3.180540e+01 6.831916e-25
3.187874e+01 6.820164e-25
3.195225e+01 6.808436e-25
3.202594e+01 6.796732e-25
3.209979e+01 6.785051e-25
3.217381e+01 6.773396e-25
3.224800e+01 6.761767e-25
3.232237e+01 6.750163e-25
3.239690e+01 6.738587e-25
3.247161e+01 6.727037e-25
3.254649e+01 6.715516e-25
3.262154e+01 6.704023e-25
3.269677e+01 6.692559e-25
3.277217e+01 6.681125e-25
3.284774e+01 6.669720e-25
3.292349e+01 6.658345e-25
3.299941e+01 6.647002e-25
3.307551e+01 6.635689e-25
3.315178e+01 6.624408e-25
3.322823e+01 6.613159e-25
3.330485e+01 6.601942e-25
3.338165e+01 6.590759e-25
3.345863e+01 6.579608e-25
3.353579e+01 6.568490e-25
3.361312e+01 6.557406e-25
3.369063e+01 6.546356e-25
3.376832e+01 6.535340e-25
3.384619e+01 6.524359e-25
3.392424e+01 6.513413e-25
3.400247e+01 6.502502e-25
3.408088e+01 6.491626e-25
3.415947e+01 6.480786e-25
3.423825e+01 6.469981e-25
3.431720e+01 6.459212e-25
3.439634e+01 6.448488e-25
3.447565e+01 6.437791e-25
3.455515e+01 6.427132e-25
3.463484e+01 6.416508e-25
3.471471e+01 6.405922e-25
3.479476e+01 6.395373e-25
3.487500e+01 6.384861e-25
3.495542e+01 6.374386e-25
3.503603e+01 6.363948e-25
3.511682e+01 6.353548e-25
3.519780e+01 6.343186e-25
3.527897e+01 6.332861e-25
3.536032e+01 6.322574e-25
3.544186e+01 6.312324e-25
3.552359e+01 6.302113e-25
3.560551e+01 6.291940e-25
3.568761e+01 6.281804e-25
3.576991e+01 6.271707e-25
3.585240e+01 6.261647e-25
3.593507e+01 6.251626e-25
3.601794e+01 6.241643e-25
3.610100e+01 6.231698e-25
3.618424e+01 6.221792e-25
3.626769e+01 6.211923e-25
3.635132e+01 6.202093e-25
3.643515e+01 6.192301e-25
3.651917e+01 6.182547e-25
3.660338e+01 6.172831e-25
3.668779e+01 6.163153e-25
3.677239e+01 6.153514e-25
3.685719e+01 6.143913e-25
3.694218e+01 6.134349e-25
3.702737e+01 6.124824e-25
3.711275e+01 6.115337e-25
3.719834e+01 6.105887e-25
3.728412e+01 6.096481e-25
3.737009e+01 6.087108e-25
3.745627e+01 6.077772e-25
3.754264e+01 6.068474e-25
3.762922e+01 6.059213e-25
3.771599e+01 6.049990e-25
3.780296e+01 6.040804e-25
3.789014e+01 6.031656e-25
3.797751e+01 6.022545e-25
3.806509e+01 6.013471e-25
3.815287e+01 6.004435e-25
3.824085e+01 5.995436e-25
3.832903e+01 5.986473e-25
3.841742e+01 5.977548e-25
3.850601e+01 5.968659e-25
3.859480e+01 5.959807e-25
3.868380e+01 5.950991e-25
3.877301e+01 5.942212e-25
3.886242e+01 5.933470e-25
3.895204e+01 5.924764e-25
3.904186e+01 5.916094e-25
3.913189e+01 5.907460e-25
3.922213e+01 5.898862e-25
3.931258e+01 5.890301e-25
3.940323e+01 5.881775e-25
3.949410e+01 5.873286e-25
3.958517e+01 5.864834e-25
3.967645e+01 5.856421e-25
3.976795e+01 5.848050e-25
3.985965e+01 5.839737e-25
3.995157e+01 5.831563e-25
4.004370e+01 5.825422e-25
4.013604e+01 5.815925e-25
4.022859e+01 5.806758e-25
4.032136e+01 5.798482e-25
4.041434e+01 5.790311e-25
4.050754e+01 5.782190e-25
4.060095e+01 5.774108e-25
4.069457e+01 5.766063e-25
4.078842e+01 5.758053e-25
4.088247e+01 5.750077e-25
4.097675e+01 5.742135e-25
4.107124e+01 5.734226e-25
4.116595e+01 5.726350e-25
4.126088e+01 5.718507e-25
4.135603e+01 5.710698e-25
4.145140e+01 5.702920e-25
4.154698e+01 5.695176e-25
4.164279e+01 5.687463e-25
4.173882e+01 5.679783e-25
4.183507e+01 5.672135e-25
4.193154e+01 5.664519e-25
4.202824e+01 5.656934e-25
4.212516e+01 5.649381e-25
4.222230e+01 5.641859e-25
4.231966e+01 5.634368e-25
4.241725e+01 5.626909e-25
4.251507e+01 5.619480e-25
4.261311e+01 5.612083e-25
4.271137e+01 5.604716e-25
4.280986e+01 5.597379e-25
4.290858e+01 5.590073e-25
4.300753e+01 5.582796e-25
4.310671e+01 5.575550e-25
4.320611e+01 5.568334e-25
4.330575e+01 5.561147e-25
4.340561e+01 5.553990e-25
4.350570e+01 5.546862e-25
4.360603e+01 5.539763e-25
4.370658e+01 5.532694e-25
4.380737e+01 5.525653e-25
4.390839e+01 5.518642e-25
4.400964e+01 5.511658e-25
4.411113e+01 5.504704e-25
4.421285e+01 5.497777e-25
4.431481e+01 5.490879e-25
4.441700e+01 5.484008e-25
4.451942e+01 5.477166e-25
4.462208e+01 5.470351e-25
4.472498e+01 5.463564e-25
4.482812e+01 5.456804e-25
4.493149e+01 5.450071e-25
4.503511e+01 5.443366e-25
4.513896e+01 5.436687e-25
4.524305e+01 5.430035e-25
4.534738e+01 5.423410e-25
4.545195e+01 5.416811e-25
4.555676e+01 5.410239e-25
4.566182e+01 5.403693e-25
4.576711e+01 5.397172e-25
4.587265e+01 5.390678e-25
4.597843e+01 5.384209e-25
4.608446e+01 5.377767e-25
4.619073e+01 5.371349e-25
4.629725e+01 5.364957e-25
4.640401e+01 5.358590e-25
4.651102e+01 5.352248e-25
4.661827e+01 5.345930e-25
4.672578e+01 5.339638e-25
4.683353e+01 5.333370e-25
4.694152e+01 5.327126e-25
4.704977e+01 5.320907e-25
4.715827e+01 5.314712e-25
4.726702e+01 5.308541e-25
4.737601e+01 5.302394e-25
4.748526e+01 5.296271e-25
4.759476e+01 5.290171e-25
4.770452e+01 5.284094e-25
4.781453e+01 5.278041e-25
4.792479e+01 5.272011e-25
4.803530e+01 5.266005e-25
4.814607e+01 5.260021e-25
4.825710e+01 5.254059e-25
4.836838e+01 5.248121e-25
4.847992e+01 5.242205e-25
4.859171e+01 5.236311e-25
4.870376e+01 5.230439e-25
4.881607e+01 5.224590e-25
4.892864e+01 5.218763e-25
4.904147e+01 5.212957e-25
4.915456e+01 5.207173e-25
4.926792e+01 5.201411e-25
4.938153e+01 5.195670e-25
4.949540e+01 5.189950e-25
4.960954e+01 5.184252e-25
4.972394e+01 5.178575e-25
4.983860e+01 5.172918e-25
4.995353e+01 5.167283e-25
5.006872e+01 5.161668e-25
5.018418e+01 5.156074e-25
5.029991e+01 5.150500e-25
5.041590e+01 5.144946e-25
5.053216e+01 5.139413e-25
5.064869e+01 5.133899e-25
5.076548e+01 5.128406e-25
5.088255e+01 5.122933e-25
5.099988e+01 5.117479e-25
5.111749e+01 5.112044e-25
5.123537e+01 5.106630e-25
5.135352e+01 5.101234e-25
5.147194e+01 5.095858e-25
5.159063e+01 5.090501e-25
5.170960e+01 5.085163e-25
5.182884e+01 5.079844e-25
5.194836e+01 5.074543e-25
5.206816e+01 5.069262e-25
5.218822e+01 5.063999e-25
5.230857e+01 5.058754e-25
5.242920e+01 5.053528e-25
5.255010e+01 5.048319e-25
5.267128e+01 5.043129e-25
5.279274e+01 5.037957e-25
5.291448e+01 5.032803e-25
5.303650e+01 5.027667e-25
5.315880e+01 5.022548e-25
5.328139e+01 5.017447e-25
5.340425e+01 5.012363e-25
5.352741e+01 5.007297e-25
5.365084e+01 5.002248e-25
5.377456e+01 4.997216e-25
5.389856e+01 4.992201e-25
5.402285e+01 4.987203e-25
5.414743e+01 4.982222e-25
5.427230e+01 4.977258e-25
5.439745e+01 4.972311e-25
5.452289e+01 4.967380e-25
5.464862e+01 4.962465e-25
5.477464e+01 4.957567e-25
5.490095e+01 4.952685e-25
5.502755e+01 4.947819e-25
5.515445e+01 4.942969e-25
5.528163e+01 4.938135e-25
5.540911e+01 4.933317e-25
5.553689e+01 4.928515e-25
5.566495e+01 4.923729e-25
5.579332e+01 4.918958e-25
5.592198e+01 4.914202e-25
5.605093e+01 4.909462e-25
5.618019e+01 4.904738e-25
5.630974e+01 4.900028e-25
5.643959e+01 4.895332e-25
5.656974e+01 4.890656e-25
5.670019e+01 4.885992e-25
5.683094e+01 4.881343e-25
5.696200e+01 4.876709e-25
5.709335e+01 4.872090e-25
5.722501e+01 4.867486e-25
5.735697e+01 4.862900e-25
5.748923e+01 4.858336e-25
5.762181e+01 4.853854e-25
5.775468e+01 4.850676e-25
5.788786e+01 4.844722e-25
5.802135e+01 4.840166e-25
5.815515e+01 4.835652e-25
5.828926e+01 4.831158e-25
5.842367e+01 4.826679e-25
5.855840e+01 4.822215e-25
5.869344e+01 4.817764e-25
5.882878e+01 4.813328e-25
5.896444e+01 4.808905e-25
5.910041e+01 4.804495e-25
5.923670e+01 4.800099e-25
5.937330e+01 4.795716e-25
5.951022e+01 4.791347e-25
5.964745e+01 4.786991e-25
5.978500e+01 4.782648e-25
5.992286e+01 4.778318e-25
6.006104e+01 4.774000e-25
6.019954e+01 4.769696e-25
6.033836e+01 4.765405e-25
6.047750e+01 4.761126e-25
6.061697e+01 4.756860e-25
6.075675e+01 4.752607e-25
6.089686e+01 4.748366e-25
6.103728e+01 4.744137e-25
6.117804e+01 4.739921e-25
6.131911e+01 4.735718e-25
6.146052e+01 4.731526e-25
6.160224e+01 4.727347e-25
6.174430e+01 4.723180e-25
6.188668e+01 4.719025e-25
6.202939e+01 4.714882e-25
6.217243e+01 4.710750e-25
6.231580e+01 4.706631e-25
6.245950e+01 4.702523e-25
6.260354e+01 4.698428e-25
6.274790e+01 4.694344e-25
6.289260e+01 4.690271e-25
6.303763e+01 4.686210e-25
6.318299e+01 4.682160e-25
6.332869e+01 4.678122e-25
6.347473e+01 4.674096e-25
6.362110e+01 4.670080e-25
6.376781e+01 4.666076e-25
6.391486e+01 4.662083e-25
6.406225e+01 4.658101e-25
6.420998e+01 4.654130e-25
6.435805e+01 4.650170e-25
6.450646e+01 4.646221e-25
6.465521e+01 4.642283e-25
6.480431e+01 4.638356e-25
6.495375e+01 4.634440e-25
6.510353e+01 4.630534e-25
6.525366e+01 4.626639e-25
6.540413e+01 4.622754e-25
6.555496e+01 4.618880e-25
6.570613e+01 4.615017e-25
6.585765e+01 4.611164e-25
6.600951e+01 4.607322e-25
6.616173e+01 4.603489e-25
6.631430e+01 4.599667e-25
6.646722e+01 4.595856e-25
6.662050e+01 4.592054e-25
6.677412e+01 4.588263e-25
6.692811e+01 4.584482e-25
6.708244e+01 4.580710e-25
6.723714e+01 4.576949e-25
6.739218e+01 4.573198e-25
6.754759e+01 4.569456e-25
6.770336e+01 4.565725e-25
6.785948e+01 4.562003e-25
6.801597e+01 4.558291e-25
6.817281e+01 4.554588e-25
6.833002e+01 4.550895e-25
6.848759e+01 4.547212e-25
6.864552e+01 4.543539e-25
6.880382e+01 4.539875e-25
6.896248e+01 4.536220e-25
6.912151e+01 4.532575e-25
6.928090e+01 4.528939e-25
6.944067e+01 4.525312e-25
6.960080e+01 4.521695e-25
6.976130e+01 4.518087e-25
6.992217e+01 4.514488e-25
7.008341e+01 4.510898e-25
7.024502e+01 4.507318e-25
7.040701e+01 4.503746e-25
7.056936e+01 4.500184e-25
7.073210e+01 4.496630e-25
7.089521e+01 4.493086e-25
7.105869e+01 4.489550e-25
7.122255e+01 4.486023e-25
7.138679e+01 4.482505e-25
7.155141e+01 4.478996e-25
7.171641e+01 4.475496e-25
7.188179e+01 4.472004e-25
7.204755e+01 4.468521e-25
7.221369e+01 4.465046e-25
7.238022e+01 4.461580e-25
7.254713e+01 4.458123e-25
7.271442e+01 4.454674e-25
7.288210e+01 4.451234e-25
7.305017e+01 4.447802e-25
7.321862e+01 4.444378e-25
7.338746e+01 4.440963e-25
7.355669e+01 4.437556e-25
7.372632e+01 4.434158e-25
7.389633e+01 4.430767e-25
7.406674e+01 4.427385e-25
7.423753e+01 4.424011e-25
7.440873e+01 4.420645e-25
7.458031e+01 4.417288e-25
7.475230e+01 4.413938e-25
7.492468e+01 4.410596e-25
7.509745e+01 4.407263e-25
7.527063e+01 4.403937e-25
7.544420e+01 4.400620e-25
7.561818e+01 4.397310e-25
7.579255e+01 4.394008e-25
7.596733e+01 4.390714e-25
7.614251e+01 4.387428e-25
7.631810e+01 4.384150e-25
7.649409e+01 4.380879e-25
7.667048e+01 4.377616e-25
7.684729e+01 4.374361e-25
7.702450e+01 4.371113e-25
7.720212e+01 4.367873e-25
7.738015e+01 4.364641e-25
7.755858e+01 4.361416e-25
7.773744e+01 4.358199e-25
7.791670e+01 4.354989e-25
7.809638e+01 4.351787e-25
7.827647e+01 4.348592e-25
7.845697e+01 4.345405e-25
7.863789e+01 4.342225e-25
7.881923e+01 4.339052e-25
7.900099e+01 4.335887e-25
7.918317e+01 4.332729e-25
7.936577e+01 4.329578e-25
7.954878e+01 4.326435e-25
7.973222e+01 4.323299e-25
7.991609e+01 4.320170e-25
8.010037e+01 4.317048e-25
8.028509e+01 4.313933e-25
8.047022e+01 4.310825e-25
8.065579e+01 4.307725e-25
8.084178e+01 4.304632e-25
8.102820e+01 4.301545e-25
8.121506e+01 4.298466e-25
8.140234e+01 4.295393e-25
8.159005e+01 4.292328e-25
8.177820e+01 4.289270e-25
8.196678e+01 4.286218e-25
8.215580e+01 4.283174e-25
8.234525e+01 4.280136e-25
8.253514e+01 4.277105e-25
8.272546e+01 4.274081e-25
8.291623e+01 4.271064e-25
8.310744e+01 4.268053e-25
8.329908e+01 4.265049e-25
8.349117e+01 4.262052e-25
8.368370e+01 4.259062e-25
8.387668e+01 4.256078e-25
8.407010e+01 4.253101e-25
8.426396e+01 4.250131e-25
8.445828e+01 4.247167e-25
8.465304e+01 4.244210e-25
8.484825e+01 4.241260e-25
8.504391e+01 4.238316e-25
8.524002e+01 4.235378e-25
8.543659e+01 4.232447e-25
8.563360e+01 4.229523e-25
8.583107e+01 4.226605e-25
8.602900e+01 4.223693e-25
8.622738e+01 4.220788e-25
8.642623e+01 4.217890e-25
8.662553e+01 4.214997e-25
8.682528e+01 4.212111e-25
8.702550e+01 4.209232e-25
8.722619e+01 4.206359e-25
8.742733e+01 4.203492e-25
8.762894e+01 4.200631e-25
8.783101e+01 4.197777e-25
8.803355e+01 4.194929e-25
8.823656e+01 4.192087e-25
8.844003e+01 4.189251e-25
8.864397e+01 4.186422e-25
8.884839e+01 4.183598e-25
8.905327e+01 4.180781e-25
8.925863e+01 4.177970e-25
8.946446e+01 4.175166e-25
8.967077e+01 4.172367e-25
8.987755e+01 4.169574e-25
9.008481e+01 4.166788e-25
9.029254e+01 4.164007e-25
9.050076e+01 4.161233e-25
9.070945e+01 4.158464e-25
9.091863e+01 4.155702e-25
9.112829e+01 4.152945e-25
9.133843e+01 4.150195e-25
9.154906e+01 4.147451e-25
9.176017e+01 4.144712e-25
9.197177e+01 4.141979e-25
9.218386e+01 4.139253e-25
9.239644e+01 4.136532e-25
9.260950e+01 4.133817e-25
9.282306e+01 4.131108e-25
9.303711e+01 4.128405e-25
9.325166e+01 4.125707e-25
9.346669e+01 4.123016e-25
9.368223e+01 4.120330e-25
9.389826e+01 4.117650e-25
9.411479e+01 4.114976e-25
9.433182e+01 4.112307e-25
9.454935e+01 4.109645e-25
9.476738e+01 4.106988e-25
9.498592e+01 4.104336e-25
9.520496e+01 4.101691e-25
9.542450e+01 4.099051e-25
9.564455e+01 4.096417e-25
9.586511e+01 4.093788e-25
9.608617e+01 4.091166e-25
9.630775e+01 4.088548e-25
9.652983e+01 4.085937e-25
9.675243e+01 4.083331e-25
9.697554e+01 4.080730e-25
9.719917e+01 4.078136e-25
9.742331e+01 4.075546e-25
9.764797e+01 4.072963e-25
9.787315e+01 4.070385e-25
9.809884e+01 4.067812e-25
9.832506e+01 4.065245e-25
9.855180e+01 4.062684e-25
9.877906e+01 4.060127e-25
9.900685e+01 4.057577e-25
9.923516e+01 4.055032e-25
9.946399e+01 4.052492e-25
9.969336e+01 4.049958e-25
9.992325e+01 4.047429e-25
1.001537e+02 4.044906e-25
1.003846e+02 4.042388e-25
1.006161e+02 4.039876e-25
1.008481e+02 4.037369e-25
1.010807e+02 4.034867e-25
1.013138e+02 4.032371e-25
1.015474e+02 4.029880e-25
1.017816e+02 4.027394e-25
1.020163e+02 4.024914e-25
1.022515e+02 4.022439e-25
1.024873e+02 4.019969e-25
1.027237e+02 4.017505e-25
1.029606e+02 4.015046e-25
1.031980e+02 4.012592e-25
1.034360e+02 4.010144e-25
1.036745e+02 4.007700e-25
1.039136e+02 4.005263e-25
1.041532e+02 4.002830e-25
1.043934e+02 4.000402e-25
1.046341e+02 3.997980e-25
1.048754e+02 3.995563e-25
1.051172e+02 3.993152e-25
1.053596e+02 3.990745e-25
1.056026e+02 3.988344e-25
1.058461e+02 3.985947e-25
1.060902e+02 3.983556e-25
1.063348e+02 3.981171e-25
1.065800e+02 3.978790e-25
1.068258e+02 3.976414e-25
1.070722e+02 3.974044e-25
1.073191e+02 3.971679e-25
1.075665e+02 3.969319e-25
1.078146e+02 3.966964e-25
1.080632e+02 3.964614e-25
1.083124e+02 3.962269e-25
1.085622e+02 3.959929e-25
1.088125e+02 3.957595e-25
1.090634e+02 3.955265e-25
1.093149e+02 3.952941e-25
1.095670e+02 3.950621e-25
1.098197e+02 3.948307e-25
1.100729e+02 3.945998e-25
1.103268e+02 3.943694e-25
1.105812e+02 3.941394e-25
1.108362e+02 3.939100e-25
1.110918e+02 3.936811e-25
1.113480e+02 3.934527e-25
1.116047e+02 3.932248e-25
1.118621e+02 3.929973e-25
1.121200e+02 3.927704e-25
1.123786e+02 3.925440e-25
1.126377e+02 3.923181e-25
1.128975e+02 3.920927e-25
1.131578e+02 3.918677e-25
1.134188e+02 3.916433e-25
1.136803e+02 3.914194e-25
1.139425e+02 3.911959e-25
1.142052e+02 3.909730e-25
1.144686e+02 3.907505e-25
1.147325e+02 3.905286e-25
1.149971e+02 3.903071e-25
1.152623e+02 3.900861e-25
1.155281e+02 3.898656e-25
1.157945e+02 3.896456e-25
1.160615e+02 3.894261e-25
1.163292e+02 3.892071e-25
1.165974e+02 3.889886e-25
1.168663e+02 3.887705e-25
1.171358e+02 3.885530e-25
1.174059e+02 3.883359e-25
1.176766e+02 3.881193e-25
1.179480e+02 3.879032e-25
1.182200e+02 3.876876e-25
1.184926e+02 3.874725e-25
1.187658e+02 3.872579e-25
1.190397e+02 3.870437e-25
1.193142e+02 3.868300e-25
1.195894e+02 3.866168e-25
1.198651e+02 3.864041e-25
1.201416e+02 3.861919e-25
1.204186e+02 3.859802e-25
1.206963e+02 3.857689e-25
1.209746e+02 3.855581e-25
1.212536e+02 3.853478e-25
1.215332e+02 3.851380e-25
1.218134e+02 3.849287e-25
1.220943e+02 3.847198e-25
1.223759e+02 3.845114e-25
1.226581e+02 3.843035e-25
1.229410e+02 3.840961e-25
1.232245e+02 3.838891e-25
1.235086e+02 3.836826e-25
1.237934e+02 3.834767e-25
1.240789e+02 3.832711e-25
1.243650e+02 3.830661e-25
1.246518e+02 3.828615e-25
1.249393e+02 3.826574e-25
1.252274e+02 3.824538e-25
1.255161e+02 3.822507e-25
1.258056e+02 3.820480e-25
1.260957e+02 3.818458e-25
1.263865e+02 3.816441e-25
1.266779e+02 3.814428e-25
1.269700e+02 3.812421e-25
1.272628e+02 3.810418e-25
1.275563e+02 3.808419e-25
1.278504e+02 3.806426e-25
1.281453e+02 3.804437e-25
1.284408e+02 3.802453e-25
1.287370e+02 3.800473e-25
1.290338e+02 3.798499e-25
1.293314e+02 3.796529e-25
1.296296e+02 3.794563e-25
1.299285e+02 3.792603e-25
1.302282e+02 3.790647e-25
1.305285e+02 3.788696e-25
1.308295e+02 3.786749e-25
1.311312e+02 3.784807e-25
1.314335e+02 3.782870e-25
1.317366e+02 3.780938e-25
1.320404e+02 3.779010e-25
1.323449e+02 3.777087e-25
1.326501e+02 3.775169e-25
1.329560e+02 3.773255e-25
1.332626e+02 3.771346e-25
1.335699e+02 3.769442e-25
1.338779e+02 3.767542e-25
1.341866e+02 3.765647e-25
1.344961e+02 3.763757e-25
1.348062e+02 3.761871e-25
1.351171e+02 3.759990e-25
1.354287e+02 3.758114e-25
1.357410e+02 3.756242e-25
1.360540e+02 3.754375e-25
1.363677e+02 3.752513e-25
1.366822e+02 3.750656e-25
1.369974e+02 3.748803e-25
1.373133e+02 3.746954e-25
1.376299e+02 3.745111e-25
1.379473e+02 3.743272e-25
1.382654e+02 3.741438e-25
1.385843e+02 3.739608e-25
1.389038e+02 3.737783e-25
1.392241e+02 3.735963e-25
1.395452e+02 3.734147e-25
1.398670e+02 3.732336e-25
1.401895e+02 3.730530e-25
1.405128e+02 3.728728e-25
1.408368e+02 3.726931e-25
1.411616e+02 3.725139e-25
1.414871e+02 3.723351e-25
1.418134e+02 3.721568e-25
1.421404e+02 3.719790e-25
1.424682e+02 3.718016e-25
1.427967e+02 3.716247e-25
1.431260e+02 3.714483e-25
1.434561e+02 3.712723e-25
1.437869e+02 3.710968e-25
1.441184e+02 3.709217e-25
1.444508e+02 3.707472e-25
1.447839e+02 3.705731e-25
1.451178e+02 3.703994e-25
1.454524e+02 3.702262e-25
1.457878e+02 3.700535e-25
1.461240e+02 3.698813e-25
1.464610e+02 3.697095e-25
1.467987e+02 3.695382e-25
1.471372e+02 3.693673e-25
1.474765e+02 3.691970e-25
1.478166e+02 3.690270e-25
1.481575e+02 3.688576e-25
1.484991e+02 3.686886e-25
1.488416e+02 3.685201e-25
1.491848e+02 3.683520e-25
1.495288e+02 3.681845e-25
1.498736e+02 3.680173e-25
1.502192e+02 3.678507e-25
1.505657e+02 3.676845e-25
1.509129e+02 3.675188e-25
1.512609e+02 3.673536e-25
1.516097e+02 3.671888e-25
1.519593e+02 3.670245e-25
1.523097e+02 3.668606e-25
1.526609e+02 3.666973e-25
1.530130e+02 3.665344e-25
1.533658e+02 3.663719e-25
1.537195e+02 3.662099e-25
1.540740e+02 3.660484e-25
1.544293e+02 3.658874e-25
1.547854e+02 3.657269e-25
1.551423e+02 3.655668e-25
1.555001e+02 3.654071e-25
1.558587e+02 3.652480e-25
1.562181e+02 3.650893e-25
1.565783e+02 3.649311e-25
1.569394e+02 3.647733e-25
1.573013e+02 3.646161e-25
1.576640e+02 3.644593e-25
1.580276e+02 3.643029e-25
1.583920e+02 3.641471e-25
1.587573e+02 3.639917e-25
1.591233e+02 3.638368e-25
1.594903e+02 3.636823e-25
1.598581e+02 3.635284e-25
1.602267e+02 3.633749e-25
1.605962e+02 3.632218e-25
1.609665e+02 3.630693e-25
1.613377e+02 3.629172e-25
1.617098e+02 3.627656e-25
1.620827e+02 3.626145e-25
1.624564e+02 3.624638e-25
1.628311e+02 3.623137e-25
1.632065e+02 3.621639e-25
1.635829e+02 3.620147e-25
1.639601e+02 3.618660e-25
1.643382e+02 3.617177e-25
1.647172e+02 3.615699e-25
1.650970e+02 3.614226e-25
1.654777e+02 3.612757e-25
1.658593e+02 3.611293e-25
1.662418e+02 3.609835e-25
1.666252e+02 3.608380e-25
1.670094e+02 3.606931e-25
1.673945e+02 3.605486e-25
1.677805e+02 3.604047e-25
1.681674e+02 3.602612e-25
1.685552e+02 3.601182e-25
1.689439e+02 3.599756e-25
1.693335e+02 3.598336e-25
1.697240e+02 3.596920e-25
1.701154e+02 3.595509e-25
1.705077e+02 3.594103e-25
1.709009e+02 3.592702e-25
1.712950e+02 3.591305e-25
1.716900e+02 3.589914e-25
1.720859e+02 3.588527e-25
1.724827e+02 3.587145e-25
1.728805e+02 3.585768e-25
1.732791e+02 3.584396e-25
1.736787e+02 3.583028e-25
1.740792e+02 3.581666e-25
1.744806e+02 3.580308e-25
1.748830e+02 3.578955e-25
1.752863e+02 3.577607e-25
1.756905e+02 3.576264e-25
1.760956e+02 3.574926e-25
1.765017e+02 3.573593e-25
1.769087e+02 3.572265e-25
1.773167e+02 3.570941e-25
1.777256e+02 3.569623e-25
1.781354e+02 3.568309e-25
1.785462e+02 3.567001e-25
1.789579e+02 3.565697e-25
1.793706e+02 3.564398e-25
1.797842e+02 3.563104e-25
1.801988e+02 3.561815e-25
1.806143e+02 3.560531e-25
1.810308e+02 3.559252e-25
1.814483e+02 3.557978e-25
1.818667e+02 3.556709e-25
1.822861e+02 3.555445e-25
1.827065e+02 3.554185e-25
1.831278e+02 3.552931e-25
1.835501e+02 3.551682e-25
1.839734e+02 3.550438e-25
1.843976e+02 3.549198e-25
1.848228e+02 3.547964e-25
1.852490e+02 3.546735e-25
1.856762e+02 3.545511e-25
1.861044e+02 3.544292e-25
1.865335e+02 3.543077e-25
1.869637e+02 3.541868e-25
1.873948e+02 3.540664e-25
1.878270e+02 3.539465e-25
1.882601e+02 3.538271e-25
1.886942e+02 3.537082e-25
1.891293e+02 3.535898e-25
1.895655e+02 3.534720e-25
1.900026e+02 3.533546e-25
1.904408e+02 3.532377e-25
1.908799e+02 3.531214e-25
1.913201e+02 3.530056e-25
1.917613e+02 3.528902e-25
1.922035e+02 3.527754e-25
1.926467e+02 3.526611e-25
1.930910e+02 3.525473e-25
1.935362e+02 3.524340e-25
1.939825e+02 3.523213e-25
1.944298e+02 3.522090e-25
1.948782e+02 3.520973e-25
1.953276e+02 3.519861e-25
1.957780e+02 3.518754e-25
1.962295e+02 3.517652e-25
1.966820e+02 3.516556e-25
1.971355e+02 3.515464e-25
1.975901e+02 3.514378e-25
1.980458e+02 3.513297e-25
1.985025e+02 3.512222e-25
1.989602e+02 3.511151e-25
1.994190e+02 3.510086e-25
1.998789e+02 3.509026e-25
2.003398e+02 3.507971e-25
2.008018e+02 3.506922e-25
2.012648e+02 3.505878e-25
2.017290e+02 3.504839e-25
2.021942e+02 3.503805e-25
2.026604e+02 3.502777e-25
2.031277e+02 3.501754e-25
2.035962e+02 3.500736e-25
2.040657e+02 3.499724e-25
2.045362e+02 3.498717e-25
2.050079e+02 3.497715e-25
2.054806e+02 3.496719e-25
2.059545e+02 3.495728e-25
2.064294e+02 3.494742e-25
2.069054e+02 3.493762e-25
2.073826e+02 3.492787e-25
2.078608e+02 3.491818e-25
2.083401e+02 3.490854e-25
2.088206e+02 3.489895e-25
2.093021e+02 3.488942e-25
2.097848e+02 3.487994e-25
2.102685e+02 3.487052e-25
2.107534e+02 3.486115e-25
2.112394e+02 3.485184e-25
2.117265e+02 3.484258e-25
2.122148e+02 3.483337e-25
2.127041e+02 3.482422e-25
2.131946e+02 3.481513e-25
2.136863e+02 3.480609e-25
2.141790e+02 3.479711e-25
2.146729e+02 3.478818e-25
2.151680e+02 3.477930e-25
2.156641e+02 3.477049e-25
2.161615e+02 3.476172e-25
2.166599e+02 3.475302e-25
2.171595e+02 3.474437e-25
2.176603e+02 3.473577e-25
2.181622e+02 3.472724e-25
2.186653e+02 3.471875e-25
2.191696e+02 3.471033e-25
2.196750e+02 3.470196e-25
2.201816e+02 3.469365e-25
2.206893e+02 3.468539e-25
2.211982e+02 3.467719e-25
2.217083e+02 3.466905e-25
2.222195e+02 3.466096e-25
2.227320e+02 3.465293e-25
2.232456e+02 3.464496e-25
2.237604e+02 3.463705e-25
2.242764e+02 3.462919e-25
2.247936e+02 3.462139e-25
2.253120e+02 3.461365e-25
2.258315e+02 3.460596e-25
2.263523e+02 3.459834e-25
2.268743e+02 3.459077e-25
2.273975e+02 3.458326e-25
2.279218e+02 3.457581e-25
2.284474e+02 3.456841e-25
2.289742e+02 3.456108e-25
2.295022e+02 3.455380e-25
2.300315e+02 3.454658e-25
2.305619e+02 3.453942e-25
2.310936e+02 3.453232e-25
2.316265e+02 3.452528e-25
2.321606e+02 3.451830e-25
2.326960e+02 3.451137e-25
2.332326e+02 3.450451e-25
2.337704e+02 3.449771e-25
2.343095e+02 3.449096e-25
2.348498e+02 3.448428e-25
2.353914e+02 3.447765e-25
2.359342e+02 3.447109e-25
2.364783e+02 3.446458e-25
2.370236e+02 3.445814e-25
2.375702e+02 3.445176e-25
2.381180e+02 3.444543e-25
2.386671e+02 3.443917e-25
2.392175e+02 3.443297e-25
2.397691e+02 3.442683e-25
2.403220e+02 3.442075e-25
2.408762e+02 3.441473e-25
2.414317e+02 3.440877e-25
2.419884e+02 3.440288e-25
2.425465e+02 3.439704e-25
2.431058e+02 3.439127e-25
2.436664e+02 3.438556e-25
2.442283e+02 3.437991e-25
2.447915e+02 3.437433e-25
2.453560e+02 3.436880e-25
2.459217e+02 3.436334e-25
2.464888e+02 3.435794e-25
2.470572e+02 3.435261e-25
2.476270e+02 3.434733e-25
2.481980e+02 3.434212e-25
2.487703e+02 3.433698e-25
2.493440e+02 3.433189e-25
2.499190e+02 3.432687e-25
2.504953e+02 3.432192e-25
2.510730e+02 3.431702e-25
2.516519e+02 3.431220e-25
2.522322e+02 3.430743e-25
2.528139e+02 3.430273e-25
2.533969e+02 3.429809e-25
2.539812e+02 3.429352e-25
2.545669e+02 3.428902e-25
2.551539e+02 3.428457e-25
2.557423e+02 3.428020e-25
2.563321e+02 3.427589e-25
2.569232e+02 3.427164e-25
2.575156e+02 3.426746e-25
2.581095e+02 3.426334e-25
2.587047e+02 3.425929e-25
2.593012e+02 3.425531e-25
2.598992e+02 3.425139e-25
2.604985e+02 3.424754e-25
2.610992e+02 3.424375e-25
2.617013e+02 3.424003e-25
2.623048e+02 3.423638e-25
2.629097e+02 3.423280e-25
2.635160e+02 3.422928e-25
2.641236e+02 3.422583e-25
2.647327e+02 3.422244e-25
2.653432e+02 3.421913e-25
2.659551e+02 3.421588e-25
2.665684e+02 3.421270e-25
2.671831e+02 3.420959e-25
2.677992e+02 3.420654e-25
2.684167e+02 3.420356e-25
2.690357e+02 3.420066e-25
2.696561e+02 3.419782e-25
2.702779e+02 3.419505e-25
2.709012e+02 3.419235e-25
2.715259e+02 3.418971e-25
2.721520e+02 3.418715e-25
2.727796e+02 3.418466e-25
2.734087e+02 3.418224e-25
2.740391e+02 3.417988e-25
2.746711e+02 3.417760e-25
2.753045e+02 3.417539e-25
2.759393e+02 3.417324e-25
2.765756e+02 3.417117e-25
2.772134e+02 3.416917e-25
2.778527e+02 3.416724e-25
2.784934e+02 3.416538e-25
2.791356e+02 3.416359e-25
2.797793e+02 3.416188e-25
2.804245e+02 3.416023e-25
2.810712e+02 3.415866e-25
2.817193e+02 3.415716e-25
2.823690e+02 3.415573e-25
2.830201e+02 3.415437e-25
2.836727e+02 3.415309e-25
2.843269e+02 3.415188e-25
2.849826e+02 3.415074e-25
2.856397e+02 3.414968e-25
2.862984e+02 3.414869e-25
2.869586e+02 3.414777e-25
2.876203e+02 3.414693e-25
2.882836e+02 3.414616e-25
2.889484e+02 3.414546e-25
2.896147e+02 3.414484e-25
2.902826e+02 3.414429e-25
2.909520e+02 3.414382e-25
2.916229e+02 3.414342e-25
2.922954e+02 3.414310e-25
2.929694e+02 3.414285e-25
2.936450e+02 3.414268e-25
2.943221e+02 3.414259e-25
2.950009e+02 3.414257e-25
2.956811e+02 3.414262e-25
2.963630e+02 3.414276e-25
2.970464e+02 3.414297e-25
2.977314e+02 3.414325e-25
2.984179e+02 3.414362e-25
2.991061e+02 3.414406e-25
2.997958e+02 3.414457e-25
3.004872e+02 3.414517e-25
3.011801e+02 3.414584e-25
3.018746e+02 3.414659e-25
3.025708e+02 3.414742e-25
3.032685e+02 3.414833e-25
3.039678e+02 3.414931e-25
3.046688e+02 3.415038e-25
3.053713e+02 3.415152e-25
3.060755e+02 3.415275e-25
3.067813e+02 3.415405e-25
3.074888e+02 3.415543e-25
3.081979e+02 3.415689e-25
3.089086e+02 3.415843e-25
3.096209e+02 3.416006e-25
3.103349e+02 3.416176e-25
3.110505e+02 3.416354e-25
3.117678e+02 3.416541e-25
3.124868e+02 3.416735e-25
3.132073e+02 3.416938e-25
3.139296e+02 3.417149e-25
3.146535e+02 3.417368e-25
3.153791e+02 3.417595e-25
3.161064e+02 3.417831e-25
3.168353e+02 3.418074e-25
3.175660e+02 3.418326e-25
3.182983e+02 3.418587e-25
3.190323e+02 3.418855e-25
3.197680e+02 3.419132e-25
3.205053e+02 3.419418e-25
3.212444e+02 3.419711e-25
3.219852e+02 3.420014e-25
3.227277e+02 3.420324e-25
3.234719e+02 3.420643e-25
3.242179e+02 3.420971e-25
3.249655e+02 3.421307e-25
3.257149e+02 3.421651e-25
3.264660e+02 3.422004e-25
3.272188e+02 3.422366e-25
3.279734e+02 3.422736e-25
3.287297e+02 3.423115e-25
3.294878e+02 3.423503e-25
3.302476e+02 3.423899e-25
3.310091e+02 3.424304e-25
3.317724e+02 3.424718e-25
3.325375e+02 3.425140e-25
3.333043e+02 3.425572e-25
3.340729e+02 3.426012e-25
3.348433e+02 3.426460e-25
3.356155e+02 3.426918e-25
3.363894e+02 3.427385e-25
3.371651e+02 3.427860e-25
3.379426e+02 3.428344e-25
3.387219e+02 3.428838e-25
3.395030e+02 3.429340e-25
3.402859e+02 3.429851e-25
3.410706e+02 3.430372e-25
3.418571e+02 3.430901e-25
3.426454e+02 3.431440e-25
3.434356e+02 3.431987e-25
3.442275e+02 3.432544e-25
3.450213e+02 3.433110e-25
3.458170e+02 3.433685e-25
3.466144e+02 3.434269e-25
3.474137e+02 3.434863e-25
3.482148e+02 3.435465e-25
3.490178e+02 3.436077e-25
3.498227e+02 3.436699e-25
3.506294e+02 3.437329e-25
3.514379e+02 3.437970e-25
3.522483e+02 3.438619e-25
3.530606e+02 3.439278e-25
3.538748e+02 3.439946e-25
3.546908e+02 3.440624e-25
3.555087e+02 3.441312e-25
3.563285e+02 3.442009e-25
3.571502e+02 3.442715e-25
3.579738e+02 3.443431e-25
3.587993e+02 3.444157e-25
3.596267e+02 3.444892e-25
3.604560e+02 3.445638e-25
3.612872e+02 3.446392e-25
3.621204e+02 3.447157e-25
3.629554e+02 3.447931e-25
3.637924e+02 3.448716e-25
3.646313e+02 3.449510e-25
3.654721e+02 3.450314e-25
3.663149e+02 3.451127e-25
3.671597e+02 3.451951e-25
3.680063e+02 3.452785e-25
3.688550e+02 3.453629e-25
3.697055e+02 3.454483e-25
3.705581e+02 3.455347e-25
3.714126e+02 3.456221e-25
3.722691e+02 3.457105e-25
3.731275e+02 3.457999e-25
3.739880e+02 3.458904e-25
3.748504e+02 3.459819e-25
3.757148e+02 3.460744e-25
3.765812e+02 3.461679e-25
3.774496e+02 3.462625e-25
3.783200e+02 3.463582e-25
3.791924e+02 3.464549e-25
3.800668e+02 3.465526e-25
3.809433e+02 3.466514e-25
3.818217e+02 3.467513e-25
3.827022e+02 3.468522e-25
3.835847e+02 3.469542e-25
3.844693e+02 3.470573e-25
3.853558e+02 3.471614e-25
3.862445e+02 3.472667e-25
3.871352e+02 3.473730e-25
3.880279e+02 3.474805e-25
3.889227e+02 3.475890e-25
3.898196e+02 3.476987e-25
3.907185e+02 3.478095e-25
3.916195e+02 3.479215e-25
3.925226e+02 3.480346e-25
3.934277e+02 3.481488e-25
3.943350e+02 3.482642e-25
3.952443e+02 3.483809e-25
3.961557e+02 3.484987e-25
3.970693e+02 3.486177e-25
3.979849e+02 3.487379e-25
3.989027e+02 3.488594e-25
3.998226e+02 3.489822e-25
4.007445e+02 3.491062e-25
4.016687e+02 3.492316e-25
4.025949e+02 3.493583e-25
4.035233e+02 3.494865e-25
4.044538e+02 3.496160e-25
4.053865e+02 3.497471e-25
4.063213e+02 3.498797e-25
4.072583e+02 3.500140e-25
4.081975e+02 3.501499e-25
4.091388e+02 3.502877e-25
4.100822e+02 3.504274e-25
4.110279e+02 3.505692e-25
4.119757e+02 3.507133e-25
4.129257e+02 3.508600e-25
4.138780e+02 3.510095e-25
4.148324e+02 3.511623e-25
4.157890e+02 3.513189e-25
4.167478e+02 3.514801e-25
4.177088e+02 3.516467e-25
4.186720e+02 3.518201e-25
4.196375e+02 3.520023e-25
4.206052e+02 3.521961e-25
4.215751e+02 3.524056e-25
4.225473e+02 3.526375e-25
4.235217e+02 3.529025e-25
4.244983e+02 3.532196e-25
4.254772e+02 3.536235e-25
4.264584e+02 3.541855e-25
4.274418e+02 3.550701e-25
4.284275e+02 3.567321e-25
4.294154e+02 3.608476e-25
4.304056e+02 3.781703e-25
4.313982e+02 8.879943e-25
4.323930e+02 4.055497e-25
4.333901e+02 3.646153e-25
4.343895e+02 3.584624e-25
4.353912e+02 3.565781e-25
4.363952e+02 3.558356e-25
4.374015e+02 3.555230e-25
4.384102e+02 3.554079e-25
4.394212e+02 3.553962e-25
4.404345e+02 3.554441e-25
4.414501e+02 3.555289e-25
4.424681e+02 3.556379e-25
4.434884e+02 3.557637e-25
4.445111e+02 3.559015e-25
4.455362e+02 3.560483e-25
4.465636e+02 3.562021e-25
4.475934e+02 3.563615e-25
4.486255e+02 3.565254e-25
4.496600e+02 3.566931e-25
4.506970e+02 3.568641e-25
4.517363e+02 3.570380e-25
4.527780e+02 3.572145e-25
4.538221e+02 3.573933e-25
4.548686e+02 3.575743e-25
4.559175e+02 3.577573e-25
4.569689e+02 3.579421e-25
4.580227e+02 3.581288e-25
4.590789e+02 3.583172e-25
4.601375e+02 3.585073e-25
4.611986e+02 3.586990e-25
4.622621e+02 3.588923e-25
4.633281e+02 3.590871e-25
4.643965e+02 3.592835e-25
4.654674e+02 3.594813e-25
4.665408e+02 3.596806e-25
4.676166e+02 3.598814e-25
4.686950e+02 3.600836e-25
4.697758e+02 3.602873e-25
4.708591e+02 3.604924e-25
4.719449e+02 3.606989e-25
4.730332e+02 3.609068e-25
4.741240e+02 3.611161e-25
4.752174e+02 3.613268e-25
4.763132e+02 3.615390e-25
4.774116e+02 3.617525e-25
4.785125e+02 3.619675e-25
4.796160e+02 3.621838e-25
4.807220e+02 3.624015e-25
4.818305e+02 3.626207e-25
4.829416e+02 3.628412e-25
4.840553e+02 3.630631e-25
4.851715e+02 3.632865e-25
4.862903e+02 3.635112e-25
4.874117e+02 3.637373e-25
4.885357e+02 3.639649e-25
4.896623e+02 3.641939e-25
4.907914e+02 3.644242e-25
4.919232e+02 3.646560e-25
4.930576e+02 3.648892e-25
4.941946e+02 3.651239e-25
4.953342e+02 3.653602e-25
4.964764e+02 3.655963e-25
4.976213e+02 3.658358e-25
4.987688e+02 3.660762e-25
4.999190e+02 3.663180e-25
5.010718e+02 3.665612e-25
5.022273e+02 3.668058e-25
5.033854e+02 3.670519e-25
5.045462e+02 3.672993e-25
5.057097e+02 3.675483e-25
5.068759e+02 3.677987e-25
5.080447e+02 3.680505e-25
5.092163e+02 3.683038e-25
5.103906e+02 3.685585e-25
5.115675e+02 3.688148e-25
5.127472e+02 3.690724e-25
5.139296e+02 3.693316e-25
5.151147e+02 3.695922e-25
5.163026e+02 3.698543e-25
5.174932e+02 3.701179e-25
5.186865e+02 3.703830e-25
5.198826e+02 3.706495e-25
5.210815e+02 3.709176e-25
5.222831e+02 3.711871e-25
5.234875e+02 3.714582e-25
5.246946e+02 3.717307e-25
5.259046e+02 3.720048e-25
5.271173e+02 3.722803e-25
5.283329e+02 3.725574e-25
5.295512e+02 3.728360e-25
5.307724e+02 3.731161e-25
5.319963e+02 3.733978e-25
5.332231e+02 3.736810e-25
5.344527e+02 3.739657e-25
5.356852e+02 3.742519e-25
5.369205e+02 3.745397e-25
5.381586e+02 3.748290e-25
5.393996e+02 3.751199e-25
5.406435e+02 3.754123e-25
5.418902e+02 3.757063e-25
5.431398e+02 3.760019e-25
5.443923e+02 3.762990e-25
5.456477e+02 3.765977e-25
5.469059e+02 3.768979e-25
5.481671e+02 3.771998e-25
5.494312e+02 3.775032e-25
5.506982e+02 3.778082e-25
5.519681e+02 3.781147e-25
5.532409e+02 3.784229e-25
5.545167e+02 3.787327e-25
5.557954e+02 3.790440e-25
5.570771e+02 3.793570e-25
5.583617e+02 3.796716e-25
5.596493e+02 3.799878e-25
5.609399e+02 3.803056e-25
5.622334e+02 3.806250e-25
5.635299e+02 3.809461e-25
5.648294e+02 3.812688e-25
5.661319e+02 3.815931e-25
5.674374e+02 3.819190e-25
5.687459e+02 3.822466e-25
5.700575e+02 3.825758e-25
5.713720e+02 3.829067e-25
5.726896e+02 3.832392e-25
5.740102e+02 3.835734e-25
5.753339e+02 3.839093e-25
5.766606e+02 3.842468e-25
5.779904e+02 3.845860e-25
5.793233e+02 3.849268e-25
5.806592e+02 3.852694e-25
5.819982e+02 3.856136e-25
5.833403e+02 3.859595e-25
5.846855e+02 3.863071e-25
5.860338e+02 3.866564e-25
5.873852e+02 3.870073e-25
5.887397e+02 3.873600e-25
5.900973e+02 3.877144e-25
5.914581e+02 3.880705e-25
5.928220e+02 3.884283e-25
5.941890e+02 3.887879e-25
5.955593e+02 3.891491e-25
5.969326e+02 3.895121e-25
5.983091e+02 3.898768e-25
5.996889e+02 3.902433e-25
6.010717e+02 3.906115e-25
6.024578e+02 3.909814e-25
6.038471e+02 3.913531e-25
6.052396e+02 3.917265e-25
6.066353e+02 3.921017e-25
6.080342e+02 3.924787e-25
6.094363e+02 3.928574e-25
6.108417e+02 3.932379e-25
6.122503e+02 3.936202e-25
6.136621e+02 3.940042e-25
6.150772e+02 3.943901e-25
6.164956e+02 3.947777e-25
6.179172e+02 3.951671e-25
6.193422e+02 3.955583e-25
6.207704e+02 3.959513e-25
6.222019e+02 3.963461e-25
6.236367e+02 3.967427e-25
6.250748e+02 3.971411e-25
6.265162e+02 3.975414e-25
6.279610e+02 3.979434e-25
6.294090e+02 3.983473e-25
6.308605e+02 3.987531e-25
6.323152e+02 3.991606e-25
6.337734e+02 3.995700e-25
6.352348e+02 3.999813e-25
6.366997e+02 4.003944e-25
6.381679e+02 4.008093e-25
6.396396e+02 4.012261e-25
6.411146e+02 4.016448e-25
6.425930e+02 4.020653e-25
6.440748e+02 4.024877e-25
6.455600e+02 4.029120e-25
6.470487e+02 4.033381e-25
6.485408e+02 4.037662e-25
6.500364e+02 4.041961e-25
6.515353e+02 4.046279e-25
6.530378e+02 4.050616e-25
6.545437e+02 4.054973e-25
6.560531e+02 4.059348e-25
6.575659e+02 4.063742e-25
6.590823e+02 4.068156e-25
6.606021e+02 4.072588e-25
6.621255e+02 4.077040e-25
6.636524e+02 4.081512e-25
6.651828e+02 4.086002e-25
6.667167e+02 4.090512e-25
6.682541e+02 4.095042e-25
6.697951e+02 4.099590e-25
6.713397e+02 4.104159e-25
6.728878e+02 4.108747e-25
6.744395e+02 4.113354e-25
6.759947e+02 4.117981e-25
6.775536e+02 4.122628e-25
6.791160e+02 4.127295e-25
6.806821e+02 4.131981e-25
6.822517e+02 4.136688e-25
6.838250e+02 4.141414e-25
6.854019e+02 4.146160e-25
6.869825e+02 4.150926e-25
6.885666e+02 4.155712e-25
6.901545e+02 4.160518e-25
6.917460e+02 4.165345e-25
6.933412e+02 4.170191e-25
6.949400e+02 4.175058e-25
6.965425e+02 4.179945e-25
6.981488e+02 4.184852e-25
6.997587e+02 4.189779e-25
7.013724e+02 4.194727e-25
7.029897e+02 4.199696e-25
7.046108e+02 4.204685e-25
7.062357e+02 4.209694e-25
7.078643e+02 4.214724e-25
7.094966e+02 4.219775e-25
7.111327e+02 4.224846e-25
7.127726e+02 4.229939e-25
7.144162e+02 4.235051e-25
7.160637e+02 4.240185e-25
7.177149e+02 4.245340e-25
7.193700e+02 4.250515e-25
7.210289e+02 4.255712e-25
7.226916e+02 4.260929e-25
7.243581e+02 4.266168e-25
7.260285e+02 4.271428e-25
7.277027e+02 4.276709e-25
7.293808e+02 4.282011e-25
7.310627e+02 4.287334e-25
7.327486e+02 4.292679e-25
7.344383e+02 4.298045e-25
7.361319e+02 4.303432e-25
7.378294e+02 4.308841e-25
7.395309e+02 4.314272e-25
7.412363e+02 4.319724e-25
7.429455e+02 4.325197e-25
7.446588e+02 4.330693e-25
7.463760e+02 4.336210e-25
7.480971e+02 4.341748e-25
7.498222e+02 4.347309e-25
7.515513e+02 4.352891e-25
7.532844e+02 4.358496e-25
7.550215e+02 4.364122e-25
7.567626e+02 4.369770e-25
7.585077e+02 4.375441e-25
7.602568e+02 4.381133e-25
7.620100e+02 4.386848e-25
7.637672e+02 4.392585e-25
7.655284e+02 4.398344e-25
7.672937e+02 4.404126e-25
7.690631e+02 4.409930e-25
7.708366e+02 4.415756e-25
7.726141e+02 4.421605e-25
7.743958e+02 4.427476e-25
7.761816e+02 4.433370e-25
7.779714e+02 4.439287e-25
7.797654e+02 4.445226e-25
7.815636e+02 4.451188e-25
7.833659e+02 4.457173e-25
7.851723e+02 4.463181e-25
7.869829e+02 4.469211e-25
7.887977e+02 4.475265e-25
7.906167e+02 4.481342e-25
7.924399e+02 4.487442e-25
7.942672e+02 4.493565e-25
7.960988e+02 4.499711e-25
7.979346e+02 4.505881e-25
7.997747e+02 4.512074e-25
8.016190e+02 4.518291e-25
8.034675e+02 4.524531e-25
8.053203e+02 4.530795e-25
8.071774e+02 4.537082e-25
8.090387e+02 4.543394e-25
8.109044e+02 4.549729e-25
8.127744e+02 4.556089e-25
8.146486e+02 4.562473e-25
8.165272e+02 4.568881e-25
8.184101e+02 4.575315e-25
8.202974e+02 4.581773e-25
8.221890e+02 4.588257e-25
8.240850e+02 4.594768e-25
8.259853e+02 4.601305e-25
8.278900e+02 4.607870e-25
8.297992e+02 4.614464e-25
8.317127e+02 4.621091e-25
8.336306e+02 4.627753e-25
8.355530e+02 4.634457e-25
8.374798e+02 4.641214e-25
8.394110e+02 4.648045e-25
8.413467e+02 4.654998e-25
8.432868e+02 4.662187e-25
8.452315e+02 4.669975e-25
8.471806e+02 4.680031e-25
8.491342e+02 4.712010e-25
8.510923e+02 4.891816e-25
8.530549e+02 4.704618e-25
8.550221e+02 4.704891e-25
8.569938e+02 4.710247e-25
8.589700e+02 4.716589e-25
8.609508e+02 4.723264e-25
8.629361e+02 4.730091e-25
8.649261e+02 4.737005e-25
8.669206e+02 4.743979e-25
8.689197e+02 4.750997e-25
8.709235e+02 4.758054e-25
8.729318e+02 4.765144e-25
8.749448e+02 4.772265e-25
8.769624e+02 4.779415e-25
8.789847e+02 4.786594e-25
8.810117e+02 4.793800e-25
8.830433e+02 4.801033e-25
8.850796e+02 4.808294e-25
8.871206e+02 4.815581e-25
8.891663e+02 4.822894e-25
8.912167e+02 4.830234e-25
8.932719e+02 4.837601e-25
8.953318e+02 4.844993e-25
8.973964e+02 4.852412e-25
8.994658e+02 4.859858e-25
9.015400e+02 4.867329e-25
9.036189e+02 4.874827e-25
9.057027e+02 4.882352e-25
9.077913e+02 4.889902e-25
9.098846e+02 4.897480e-25
9.119828e+02 4.905083e-25
9.140859e+02 4.912714e-25
9.161938e+02 4.920370e-25
9.183065e+02 4.928054e-25
9.204241e+02 4.935764e-25
9.225466e+02 4.943501e-25
9.246740e+02 4.951265e-25
9.268063e+02 4.959055e-25
9.289436e+02 4.966873e-25
9.310857e+02 4.974717e-25
9.332328e+02 4.982588e-25
9.353848e+02 4.990487e-25
9.375419e+02 4.998412e-25
9.397038e+02 5.006365e-25
9.418708e+02 5.014345e-25
9.440428e+02 5.022352e-25
9.462197e+02 5.030387e-25
9.484017e+02 5.038449e-25
9.505887e+02 5.046539e-25
9.527808e+02 5.054656e-25
9.549779e+02 5.062801e-25
9.571801e+02 5.070973e-25
9.593874e+02 5.079173e-25
9.615997e+02 5.087401e-25
9.638172e+02 5.095657e-25
9.660398e+02 5.103940e-25
9.682674e+02 5.112252e-25
9.705003e+02 5.120592e-25
9.727383e+02 5.128960e-25
9.749814e+02 5.137356e-25
9.772297e+02 5.145780e-25
9.794832e+02 5.154232e-25
9.817419e+02 5.162713e-25
9.840058e+02 5.171222e-25
9.862749e+02 5.179760e-25
9.885493e+02 5.188326e-25
9.908289e+02 5.196921e-25
9.931138e+02 5.205544e-25
9.954039e+02 5.214197e-25
9.976993e+02 5.222878e-25
1.000000e+03 nan
