1.000000e+00 4.456561e-17
1.002306e+00 4.633447e-17
1.004617e+00 4.822452e-17
1.006934e+00 5.024345e-17
1.009256e+00 5.239952e-17
1.011583e+00 5.485166e-17
1.013916e+00 5.746851e-17
1.016254e+00 6.019770e-17
1.018598e+00 6.297553e-17
1.020947e+00 6.564834e-17
1.023301e+00 6.864845e-17
1.025661e+00 7.183307e-17
1.028026e+00 7.503024e-17
1.030396e+00 7.728870e-17
1.032773e+00 7.836481e-17
1.035154e+00 7.849514e-17
1.037541e+00 7.796011e-17
1.039934e+00 7.692547e-17
1.042332e+00 7.566587e-17
1.044735e+00 7.420969e-17
1.047145e+00 7.258555e-17
1.049559e+00 6.953977e-17
1.051980e+00 6.582339e-17
1.054406e+00 6.179736e-17
1.056837e+00 5.776714e-17
1.059274e+00 5.426547e-17
1.061717e+00 5.101977e-17
1.064165e+00 4.796111e-17
1.066619e+00 4.503387e-17
1.069079e+00 4.231146e-17
1.071544e+00 3.983257e-17
1.074015e+00 3.756769e-17
1.076492e+00 3.549120e-17
1.078974e+00 3.358199e-17
1.081462e+00 3.181417e-17
1.083956e+00 3.017870e-17
1.086456e+00 2.866712e-17
1.088961e+00 2.728545e-17
1.091472e+00 2.600011e-17
1.093989e+00 2.480301e-17
1.096512e+00 2.368678e-17
1.099040e+00 2.265576e-17
1.101575e+00 2.169104e-17
1.104115e+00 2.078739e-17
1.106661e+00 1.994006e-17
1.109213e+00 1.915199e-17
1.111771e+00 1.840944e-17
1.114335e+00 1.770924e-17
1.116904e+00 1.704838e-17
1.119480e+00 1.643028e-17
1.122062e+00 1.584526e-17
1.124649e+00 1.529087e-17
1.127242e+00 1.476490e-17
1.129842e+00 1.426938e-17
1.132447e+00 1.379850e-17
1.135059e+00 1.335063e-17
1.137676e+00 1.292426e-17
1.140300e+00 1.252076e-17
1.142929e+00 1.213565e-17
1.145565e+00 1.176833e-17
1.148207e+00 1.141871e-17
1.150854e+00 1.109102e-17
1.153508e+00 1.080551e-17
1.156168e+00 4.551406e-17
1.158834e+00 1.020946e-17
1.161507e+00 9.889836e-18
1.164185e+00 9.613319e-18
1.166870e+00 9.351958e-18
1.169560e+00 9.101878e-18
1.172257e+00 8.863036e-18
1.174961e+00 8.633377e-18
1.177670e+00 8.412340e-18
1.180386e+00 8.199451e-18
1.183108e+00 7.995293e-18
1.185836e+00 7.798268e-18
1.188571e+00 7.608106e-18
1.191312e+00 7.424548e-18
1.194059e+00 7.248158e-18
1.196812e+00 7.077634e-18
1.199572e+00 6.912713e-18
1.202338e+00 6.753143e-18
1.205111e+00 6.599495e-18
1.207890e+00 6.450745e-18
1.210675e+00 6.306679e-18
1.213467e+00 6.167095e-18
1.216265e+00 6.032362e-18
1.219070e+00 5.901725e-18
1.221881e+00 5.775028e-18
1.224699e+00 5.652122e-18
1.227523e+00 5.533333e-18
1.230354e+00 5.417975e-18
1.233191e+00 5.305937e-18
1.236035e+00 5.197107e-18
1.238885e+00 5.091792e-18
1.241742e+00 4.989421e-18
1.244605e+00 4.889889e-18
1.247475e+00 4.793093e-18
1.250352e+00 4.699290e-18
1.253235e+00 4.608019e-18
1.256125e+00 4.519199e-18
1.259022e+00 4.432751e-18
1.261925e+00 4.348912e-18
1.264835e+00 4.267259e-18
1.267752e+00 4.187722e-18
1.270676e+00 4.110232e-18
1.273606e+00 4.035013e-18
1.276543e+00 3.961708e-18
1.279486e+00 3.890261e-18
1.282437e+00 3.820610e-18
1.285394e+00 3.752912e-18
1.288358e+00 3.686773e-18
1.291329e+00 3.622086e-18
1.294307e+00 3.558860e-18
1.297292e+00 3.497511e-18
1.300283e+00 3.437565e-18
1.303282e+00 3.378907e-18
1.306287e+00 3.321429e-18
1.309300e+00 3.265034e-18
1.312319e+00 3.209553e-18
1.315345e+00 3.154980e-18
1.318378e+00 3.101303e-18
1.321418e+00 3.048613e-18
1.324466e+00 2.996797e-18
1.327520e+00 2.945781e-18
1.330581e+00 2.895489e-18
1.333649e+00 2.845902e-18
1.336725e+00 2.796900e-18
1.339807e+00 2.748416e-18
1.342897e+00 2.701020e-18
1.345994e+00 2.654736e-18
1.349098e+00 2.608965e-18
1.352209e+00 2.563629e-18
1.355327e+00 2.518644e-18
1.358452e+00 2.474035e-18
1.361585e+00 2.429586e-18
1.364725e+00 2.385193e-18
1.367872e+00 2.340749e-18
1.371026e+00 2.296230e-18
1.374188e+00 2.251404e-18
1.377356e+00 2.206143e-18
1.380533e+00 2.160315e-18
1.383716e+00 2.113865e-18
1.386907e+00 2.066569e-18
1.390105e+00 2.018292e-18
1.393311e+00 1.971724e-18
1.396524e+00 1.924753e-18
1.399744e+00 1.877027e-18
1.402972e+00 1.828489e-18
1.406207e+00 1.779095e-18
1.409450e+00 1.728866e-18
1.412700e+00 1.677738e-18
1.415958e+00 1.625721e-18
1.419223e+00 1.572853e-18
1.422496e+00 1.519231e-18
1.425776e+00 1.464903e-18
1.429064e+00 1.409984e-18
1.432359e+00 1.354614e-18
1.435662e+00 1.298981e-18
1.438973e+00 1.243238e-18
1.442291e+00 1.188447e-18
1.445617e+00 1.137173e-18
1.448951e+00 1.086447e-18
1.452292e+00 1.036400e-18
1.455641e+00 9.871800e-19
1.458998e+00 9.389280e-19
1.462362e+00 8.917851e-19
1.465735e+00 8.458588e-19
1.469115e+00 8.012544e-19
1.472502e+00 7.580623e-19
1.475898e+00 7.163628e-19
1.479301e+00 6.762084e-19
1.482713e+00 6.376428e-19
1.486132e+00 6.006941e-19
1.489559e+00 5.653790e-19
1.492994e+00 5.316950e-19
1.496437e+00 5.006113e-19
1.499888e+00 4.719579e-19
1.503346e+00 4.446967e-19
1.506813e+00 4.187932e-19
1.510288e+00 3.942106e-19
1.513770e+00 3.709087e-19
1.517261e+00 3.488452e-19
1.520760e+00 3.279738e-19
1.524267e+00 3.082477e-19
1.527782e+00 2.896196e-19
1.531305e+00 2.720418e-19
1.534836e+00 2.554661e-19
1.538375e+00 2.398452e-19
1.541923e+00 2.251324e-19
1.545479e+00 2.112823e-19
1.549043e+00 1.982502e-19
1.552615e+00 1.864701e-19
1.556195e+00 1.754852e-19
1.559784e+00 1.651289e-19
1.563380e+00 1.553677e-19
1.566986e+00 1.461697e-19
1.570599e+00 1.375047e-19
1.574221e+00 1.293433e-19
1.577851e+00 1.216578e-19
1.581490e+00 1.144217e-19
1.585137e+00 1.076097e-19
1.588792e+00 1.011981e-19
1.592456e+00 9.516398e-20
1.596128e+00 8.948581e-20
1.599809e+00 8.414316e-20
1.603498e+00 7.911667e-20
1.607195e+00 7.440381e-20
1.610902e+00 7.013496e-20
1.614616e+00 6.610944e-20
1.618340e+00 6.231367e-20
1.622072e+00 5.873472e-20
1.625812e+00 5.536034e-20
1.629561e+00 5.217898e-20
1.633319e+00 4.917973e-20
1.637085e+00 4.635226e-20
1.640861e+00 4.368684e-20
1.644644e+00 4.117424e-20
1.648437e+00 3.880578e-20
1.652238e+00 3.657319e-20
1.656048e+00 3.446873e-20
1.659867e+00 3.248511e-20
1.663695e+00 3.061544e-20
1.667531e+00 2.887554e-20
1.671377e+00 2.727002e-20
1.675231e+00 2.575367e-20
1.679094e+00 2.432156e-20
1.682966e+00 2.296903e-20
1.686847e+00 2.169154e-20
1.690737e+00 2.048503e-20
1.694636e+00 1.934558e-20
1.698544e+00 1.826947e-20
1.702460e+00 1.725327e-20
1.706386e+00 1.629365e-20
1.710321e+00 1.538740e-20
1.714265e+00 1.453157e-20
1.718218e+00 1.372330e-20
1.722181e+00 1.295989e-20
1.726152e+00 1.223895e-20
1.730132e+00 1.157121e-20
1.734122e+00 1.094629e-20
1.738121e+00 1.035528e-20
1.742129e+00 9.796223e-21
1.746147e+00 9.267386e-21
1.750173e+00 8.767134e-21
1.754209e+00 8.293732e-21
1.758254e+00 7.845902e-21
1.762309e+00 7.422265e-21
1.766373e+00 7.021511e-21
1.770446e+00 6.642641e-21
1.774529e+00 6.284286e-21
1.778621e+00 5.945323e-21
1.782722e+00 5.624707e-21
1.786833e+00 5.321226e-21
1.790954e+00 5.034107e-21
1.795084e+00 4.769006e-21
1.799223e+00 4.518197e-21
1.803372e+00 4.280845e-21
1.807531e+00 4.056082e-21
1.811699e+00 3.843192e-21
1.815877e+00 3.641551e-21
1.820064e+00 3.450571e-21
1.824261e+00 3.269692e-21
1.828468e+00 3.098379e-21
1.832684e+00 2.936132e-21
1.836911e+00 2.782157e-21
1.841147e+00 2.636233e-21
1.845392e+00 2.497989e-21
1.849648e+00 2.367018e-21
1.853913e+00 2.243348e-21
1.858188e+00 2.126894e-21
1.862473e+00 2.018444e-21
1.866768e+00 1.915616e-21
1.871073e+00 1.817685e-21
1.875388e+00 1.724790e-21
1.879712e+00 1.636668e-21
1.884047e+00 1.553158e-21
1.888391e+00 1.474398e-21
1.892746e+00 1.399746e-21
1.897111e+00 1.328992e-21
1.901486e+00 1.261757e-21
1.905870e+00 1.197654e-21
1.910265e+00 1.136840e-21
1.914670e+00 1.079143e-21
1.919086e+00 1.024744e-21
1.923511e+00 9.734632e-22
1.927947e+00 9.253825e-22
1.932393e+00 8.802303e-22
1.936849e+00 8.369179e-22
1.941315e+00 7.956533e-22
1.945792e+00 7.564533e-22
1.950279e+00 7.192557e-22
1.954776e+00 6.846149e-22
1.959284e+00 6.517849e-22
1.963802e+00 6.206755e-22
1.968331e+00 5.909364e-22
1.972870e+00 5.622602e-22
1.977419e+00 5.350094e-22
1.981979e+00 5.091090e-22
1.986549e+00 4.850814e-22
1.991130e+00 4.625629e-22
1.995722e+00 4.412486e-22
2.000324e+00 4.213880e-22
2.004937e+00 4.029855e-22
2.009560e+00 3.855428e-22
2.014194e+00 3.690140e-22
2.018839e+00 3.529218e-22
2.023495e+00 3.371237e-22
2.028161e+00 3.220580e-22
2.032838e+00 3.076860e-22
2.037525e+00 2.949208e-22
2.042224e+00 2.829447e-22
2.046933e+00 2.716154e-22
2.051654e+00 2.609054e-22
2.056385e+00 2.507887e-22
2.061127e+00 2.412285e-22
2.065880e+00 2.321972e-22
2.070644e+00 2.227437e-22
2.075419e+00 2.136370e-22
2.080205e+00 2.049150e-22
2.085001e+00 1.969856e-22
2.089810e+00 1.902411e-22
2.094629e+00 1.838734e-22
2.099459e+00 1.778627e-22
2.104300e+00 1.711476e-22
2.109153e+00 1.645773e-22
2.114016e+00 1.582645e-22
2.118891e+00 1.527769e-22
2.123778e+00 1.482459e-22
2.128675e+00 1.439739e-22
2.133584e+00 1.398865e-22
2.138504e+00 1.348944e-22
2.143435e+00 1.300818e-22
2.148378e+00 1.254544e-22
2.153332e+00 1.218715e-22
2.158298e+00 1.188828e-22
2.163275e+00 1.160622e-22
2.168263e+00 1.134035e-22
2.173263e+00 1.109017e-22
2.178275e+00 1.085388e-22
2.183298e+00 1.063058e-22
2.188333e+00 1.042073e-22
2.193379e+00 1.022224e-22
2.198437e+00 1.003434e-22
2.203507e+00 9.857211e-23
2.208588e+00 9.689683e-23
2.213681e+00 9.530699e-23
2.218786e+00 9.327481e-23
2.223902e+00 9.056910e-23
2.229031e+00 8.792485e-23
2.234171e+00 8.554882e-23
2.239323e+00 8.433514e-23
2.244487e+00 8.317658e-23
2.249663e+00 8.206900e-23
2.254850e+00 8.101967e-23
2.260050e+00 8.001475e-23
2.265262e+00 7.905011e-23
2.270485e+00 7.813118e-23
2.275721e+00 7.724972e-23
2.280969e+00 7.639987e-23
2.286229e+00 7.493441e-23
2.291501e+00 7.296491e-23
2.296785e+00 7.101608e-23
2.302082e+00 6.956610e-23
2.307390e+00 6.887783e-23
2.312711e+00 6.821255e-23
2.318044e+00 6.756803e-23
2.323390e+00 6.694770e-23
2.328747e+00 6.634265e-23
2.334117e+00 6.559751e-23
2.339500e+00 6.396236e-23
2.344895e+00 6.233865e-23
2.350302e+00 6.078723e-23
2.355722e+00 6.027895e-23
2.361154e+00 5.978035e-23
2.366599e+00 5.929060e-23
2.372057e+00 5.881757e-23
2.377527e+00 5.835209e-23
2.383009e+00 5.789341e-23
2.388504e+00 5.744894e-23
2.394012e+00 5.701087e-23
2.399533e+00 5.657846e-23
2.405066e+00 5.529915e-23
2.410612e+00 5.394745e-23
2.416171e+00 5.260226e-23
2.421743e+00 5.213519e-23
2.427327e+00 5.175688e-23
2.432925e+00 5.138177e-23
2.438535e+00 5.101625e-23
2.444159e+00 5.065391e-23
2.449795e+00 5.029400e-23
2.455444e+00 4.914496e-23
2.461106e+00 4.797109e-23
2.466782e+00 4.681973e-23
2.472470e+00 4.649786e-23
2.478172e+00 4.617768e-23
2.483886e+00 4.585972e-23
2.489614e+00 4.554871e-23
2.495355e+00 4.523896e-23
2.501110e+00 4.493147e-23
2.506877e+00 4.462981e-23
2.512658e+00 4.432909e-23
2.518452e+00 4.403101e-23
2.524260e+00 4.373769e-23
2.530081e+00 4.344509e-23
2.535915e+00 4.315562e-23
2.541763e+00 4.286986e-23
2.547624e+00 4.258463e-23
2.553499e+00 4.188679e-23
2.559388e+00 4.091159e-23
2.565289e+00 3.994093e-23
2.571205e+00 3.951700e-23
2.577134e+00 3.925865e-23
2.583077e+00 3.900065e-23
2.589034e+00 3.874751e-23
2.595004e+00 3.849487e-23
2.600988e+00 3.814203e-23
2.606986e+00 3.728319e-23
2.612998e+00 3.642878e-23
2.619023e+00 3.582065e-23
2.625063e+00 3.559046e-23
2.631116e+00 3.536050e-23
2.637184e+00 3.513328e-23
2.643265e+00 3.490773e-23
2.649360e+00 3.468236e-23
2.655470e+00 3.398171e-23
2.661593e+00 3.322961e-23
2.667731e+00 3.257564e-23
2.673883e+00 3.236915e-23
2.680049e+00 3.216285e-23
2.686229e+00 3.195829e-23
2.692424e+00 3.175568e-23
2.698632e+00 3.155323e-23
2.704855e+00 3.135348e-23
2.711093e+00 3.115460e-23
2.717345e+00 3.095621e-23
2.723611e+00 3.076078e-23
2.729891e+00 3.056550e-23
2.736187e+00 3.016577e-23
2.742496e+00 2.952218e-23
2.748821e+00 2.888323e-23
2.755159e+00 2.861839e-23
2.761513e+00 2.843865e-23
2.767881e+00 2.825957e-23
2.774264e+00 2.808280e-23
2.780661e+00 2.790619e-23
2.787073e+00 2.750078e-23
2.793500e+00 2.693507e-23
2.799942e+00 2.637405e-23
2.806399e+00 2.620716e-23
2.812870e+00 2.604398e-23
2.819357e+00 2.588191e-23
2.825858e+00 2.572132e-23
2.832375e+00 2.556091e-23
2.838906e+00 2.540252e-23
2.845453e+00 2.524462e-23
2.852014e+00 2.498355e-23
2.858591e+00 2.449175e-23
2.865183e+00 2.400445e-23
2.871790e+00 2.378189e-23
2.878413e+00 2.363540e-23
2.885050e+00 2.348957e-23
2.891703e+00 2.334529e-23
2.898372e+00 2.320121e-23
2.905055e+00 2.283738e-23
2.911754e+00 2.240635e-23
2.918469e+00 2.205769e-23
2.925199e+00 2.192332e-23
2.931944e+00 2.178917e-23
2.938705e+00 2.165644e-23
2.945482e+00 2.152423e-23
2.952274e+00 2.130795e-23
2.959082e+00 2.092675e-23
2.965906e+00 2.054975e-23
2.972745e+00 2.039806e-23
2.979601e+00 2.027452e-23
2.986472e+00 2.015178e-23
2.993358e+00 2.002996e-23
3.000261e+00 1.990842e-23
3.007180e+00 1.978830e-23
3.014114e+00 1.966842e-23
3.021065e+00 1.941355e-23
3.028031e+00 1.908329e-23
3.035014e+00 1.880801e-23
3.042013e+00 1.869530e-23
3.049028e+00 1.858284e-23
3.056059e+00 1.847151e-23
3.063106e+00 1.836056e-23
3.070170e+00 1.825035e-23
3.077250e+00 1.814089e-23
3.084346e+00 1.803182e-23
3.091458e+00 1.792381e-23
3.098587e+00 1.781605e-23
3.105733e+00 1.786620e-23
3.112894e+00 1.795896e-23
3.120073e+00 1.786331e-23
3.127268e+00 1.755807e-23
3.134479e+00 1.725986e-23
3.141707e+00 1.698192e-23
3.148952e+00 1.670760e-23
3.156214e+00 1.658349e-23
3.163492e+00 1.648462e-23
3.170787e+00 1.638643e-23
3.178099e+00 1.628882e-23
3.185427e+00 1.614855e-23
3.192773e+00 1.590306e-23
3.200136e+00 1.566368e-23
3.207515e+00 1.557115e-23
3.214912e+00 1.547888e-23
3.222325e+00 1.538735e-23
3.229756e+00 1.529623e-23
3.237204e+00 1.520569e-23
3.244669e+00 1.511570e-23
3.252151e+00 1.498944e-23
3.259651e+00 1.477460e-23
3.267167e+00 1.457114e-23
3.274702e+00 1.448553e-23
3.282253e+00 1.440018e-23
3.289822e+00 1.431553e-23
3.297408e+00 1.423122e-23
3.305012e+00 1.414750e-23
3.312634e+00 1.406420e-23
3.320272e+00 1.398139e-23
3.327929e+00 1.389910e-23
3.335603e+00 1.381720e-23
3.343295e+00 1.373590e-23
3.351005e+00 1.365491e-23
3.358732e+00 1.357458e-23
3.366478e+00 1.349449e-23
3.374241e+00 1.341511e-23
3.382022e+00 1.333598e-23
3.389821e+00 1.325748e-23
3.397638e+00 1.317929e-23
3.405473e+00 1.310166e-23
3.413326e+00 1.302440e-23
3.421197e+00 1.294763e-23
3.429086e+00 1.287128e-23
3.436994e+00 1.279537e-23
3.444919e+00 1.271993e-23
3.452863e+00 1.264487e-23
3.460826e+00 1.257031e-23
3.468806e+00 1.249609e-23
3.476805e+00 1.242240e-23
3.484823e+00 1.234902e-23
3.492859e+00 1.227620e-23
3.500914e+00 1.219290e-23
3.508987e+00 1.202735e-23
3.517078e+00 1.186910e-23
3.525189e+00 1.179946e-23
3.533318e+00 1.173004e-23
3.541466e+00 1.158029e-23
3.549633e+00 1.143278e-23
3.557818e+00 1.136243e-23
3.566022e+00 1.129589e-23
3.574246e+00 1.116536e-23
3.582488e+00 1.103146e-23
3.590749e+00 1.096028e-23
3.599029e+00 1.089634e-23
3.607329e+00 1.083285e-23
3.615647e+00 1.076963e-23
3.623985e+00 1.070685e-23
3.632342e+00 1.064434e-23
3.640718e+00 1.058226e-23
3.649114e+00 1.052045e-23
3.657529e+00 1.040693e-23
3.665963e+00 1.028914e-23
3.674417e+00 1.022462e-23
3.682890e+00 1.016507e-23
3.691383e+00 1.010594e-23
3.699895e+00 1.004705e-23
3.708427e+00 9.988574e-24
3.716979e+00 9.930339e-24
3.725550e+00 9.872509e-24
3.734141e+00 9.814925e-24
3.742752e+00 9.757731e-24
3.751383e+00 9.700792e-24
3.760034e+00 9.644225e-24
3.768704e+00 9.576674e-24
3.777395e+00 9.473702e-24
3.786106e+00 9.387032e-24
3.794836e+00 9.332405e-24
3.803587e+00 9.278062e-24
3.812358e+00 9.224030e-24
3.821150e+00 9.170292e-24
3.829961e+00 9.116847e-24
3.838793e+00 9.063709e-24
3.847646e+00 9.010844e-24
3.856518e+00 8.958298e-24
3.865411e+00 8.906007e-24
3.874325e+00 8.854048e-24
3.883259e+00 8.802324e-24
3.892214e+00 8.750945e-24
3.901190e+00 8.694673e-24
3.910186e+00 8.605831e-24
3.919203e+00 8.528851e-24
3.928240e+00 8.479130e-24
3.937299e+00 8.429670e-24
3.946378e+00 8.380485e-24
3.955479e+00 8.331576e-24
3.964600e+00 8.282920e-24
3.973743e+00 8.234556e-24
3.982906e+00 8.186424e-24
3.992091e+00 8.138599e-24
4.001296e+00 8.090999e-24
4.010524e+00 8.043693e-24
4.019772e+00 7.996625e-24
4.029041e+00 7.949827e-24
4.038332e+00 7.903285e-24
4.047645e+00 7.856990e-24
4.056979e+00 7.810968e-24
4.066334e+00 7.765171e-24
4.075711e+00 7.719664e-24
4.085110e+00 7.674376e-24
4.094530e+00 7.629361e-24
4.103972e+00 7.572004e-24
4.113436e+00 7.498287e-24
4.122922e+00 7.463264e-24
4.132429e+00 7.448848e-24
4.141958e+00 7.437069e-24
4.151510e+00 7.416146e-24
4.161083e+00 7.339783e-24
4.170679e+00 7.254917e-24
4.180296e+00 7.159548e-24
4.189936e+00 7.101693e-24
4.199598e+00 7.060036e-24
4.209282e+00 7.018632e-24
4.218989e+00 6.982994e-24
4.228718e+00 6.965838e-24
4.238470e+00 6.936519e-24
4.248244e+00 6.895677e-24
4.258040e+00 6.835513e-24
4.267859e+00 6.774861e-24
4.277701e+00 6.735021e-24
4.287565e+00 6.695391e-24
4.297452e+00 6.655979e-24
4.307362e+00 6.616792e-24
4.317295e+00 6.577806e-24
4.327251e+00 6.539055e-24
4.337230e+00 6.500506e-24
4.347231e+00 6.462171e-24
4.357256e+00 6.424055e-24
4.367304e+00 6.387484e-24
4.377375e+00 6.371533e-24
4.387469e+00 6.338043e-24
4.397587e+00 6.278776e-24
4.407728e+00 6.236594e-24
4.417892e+00 6.199716e-24
4.428079e+00 6.163056e-24
4.438291e+00 6.126594e-24
4.448525e+00 6.090330e-24
4.458784e+00 6.054280e-24
4.469066e+00 6.018419e-24
4.479371e+00 5.982765e-24
4.489701e+00 5.947310e-24
4.500054e+00 5.912042e-24
4.510431e+00 5.876988e-24
4.520832e+00 5.834858e-24
4.531257e+00 5.782538e-24
4.541707e+00 5.744820e-24
4.552180e+00 5.710753e-24
4.562677e+00 5.676882e-24
4.573199e+00 5.643201e-24
4.583745e+00 5.609701e-24
4.594315e+00 5.576400e-24
4.604909e+00 5.543280e-24
4.615528e+00 5.510342e-24
4.626172e+00 5.477599e-24
4.636840e+00 5.445033e-24
4.647532e+00 5.412651e-24
4.658249e+00 5.380456e-24
4.668991e+00 5.348436e-24
4.679758e+00 5.316601e-24
4.690550e+00 5.284947e-24
4.701366e+00 5.251638e-24
4.712208e+00 5.206181e-24
4.723074e+00 5.169519e-24
4.733965e+00 5.139515e-24
4.744882e+00 5.122632e-24
4.755824e+00 5.106914e-24
4.766791e+00 5.092002e-24
4.777783e+00 5.045846e-24
4.788800e+00 5.001164e-24
4.799843e+00 4.957903e-24
4.810912e+00 4.928148e-24
4.822006e+00 4.898745e-24
4.833126e+00 4.869506e-24
4.844271e+00 4.840441e-24
4.855442e+00 4.811539e-24
4.866638e+00 4.782799e-24
4.877861e+00 4.754232e-24
4.889109e+00 4.725825e-24
4.900384e+00 4.697578e-24
4.911684e+00 4.669500e-24
4.923010e+00 4.648506e-24
4.934363e+00 4.632362e-24
4.945741e+00 4.604621e-24
4.957146e+00 4.585776e-24
4.968578e+00 4.570332e-24
4.980035e+00 4.542907e-24
4.991519e+00 4.505511e-24
5.003030e+00 4.468297e-24
5.014567e+00 4.441505e-24
5.026130e+00 4.425976e-24
5.037721e+00 4.408156e-24
5.049338e+00 4.381673e-24
5.060981e+00 4.355351e-24
5.072652e+00 4.322149e-24
5.084350e+00 4.284011e-24
5.096074e+00 4.258299e-24
5.107826e+00 4.224908e-24
5.119605e+00 4.190978e-24
5.131410e+00 4.165843e-24
5.143243e+00 4.140859e-24
5.155104e+00 4.120763e-24
5.166991e+00 4.107860e-24
5.178907e+00 4.110225e-24
5.190849e+00 4.106459e-24
5.202819e+00 4.083564e-24
5.214817e+00 4.015536e-24
5.226842e+00 3.975872e-24
5.238896e+00 3.946199e-24
5.250977e+00 3.922509e-24
5.263085e+00 3.898962e-24
5.275222e+00 3.875555e-24
5.287387e+00 3.852286e-24
5.299580e+00 3.829154e-24
5.311800e+00 3.816228e-24
5.324049e+00 3.797587e-24
5.336327e+00 3.772162e-24
5.348632e+00 3.739137e-24
5.360966e+00 3.715564e-24
5.373329e+00 3.693253e-24
5.385720e+00 3.671075e-24
5.398139e+00 3.649031e-24
5.410587e+00 3.627121e-24
5.423064e+00 3.605343e-24
5.435570e+00 3.583695e-24
5.448104e+00 3.562180e-24
5.460668e+00 3.533430e-24
5.473260e+00 3.508224e-24
5.485881e+00 3.487191e-24
5.498532e+00 3.466286e-24
5.511212e+00 3.445512e-24
5.523920e+00 3.424864e-24
5.536659e+00 3.404342e-24
5.549426e+00 3.383947e-24
5.562223e+00 3.363681e-24
5.575050e+00 3.343540e-24
5.587906e+00 3.320962e-24
5.600792e+00 3.294533e-24
5.613707e+00 3.274844e-24
5.626652e+00 3.255281e-24
5.639627e+00 3.235840e-24
5.652632e+00 3.216524e-24
5.665668e+00 3.197332e-24
5.678733e+00 3.178265e-24
5.691828e+00 3.159322e-24
5.704953e+00 3.140501e-24
5.718109e+00 3.121153e-24
5.731295e+00 3.096802e-24
5.744511e+00 3.077542e-24
5.757758e+00 3.059279e-24
5.771036e+00 3.041139e-24
5.784344e+00 3.023533e-24
5.797682e+00 3.011222e-24
5.811052e+00 2.994404e-24
5.824452e+00 2.976700e-24
5.837883e+00 2.959121e-24
5.851346e+00 2.941666e-24
5.864839e+00 2.924337e-24
5.878363e+00 2.907134e-24
5.891919e+00 2.886618e-24
5.905506e+00 2.866565e-24
5.919124e+00 2.849793e-24
5.932773e+00 2.833146e-24
5.946454e+00 2.816625e-24
5.960167e+00 2.804020e-24
5.973911e+00 2.790221e-24
5.987687e+00 2.774023e-24
6.001495e+00 2.757951e-24
6.015334e+00 2.742005e-24
6.029206e+00 2.721608e-24
6.043109e+00 2.704498e-24
6.057044e+00 2.688982e-24
6.071012e+00 2.673592e-24
6.085012e+00 2.658327e-24
6.099044e+00 2.643188e-24
6.113108e+00 2.632647e-24
6.127205e+00 2.615343e-24
6.141335e+00 2.598519e-24
6.155496e+00 2.585671e-24
6.169691e+00 2.574903e-24
6.183918e+00 2.560460e-24
6.198179e+00 2.546142e-24
6.212472e+00 2.531946e-24
6.226798e+00 2.525638e-24
6.241157e+00 2.520630e-24
6.255549e+00 2.505807e-24
6.269974e+00 2.480028e-24
6.284433e+00 2.457620e-24
6.298925e+00 2.444194e-24
6.313450e+00 2.434951e-24
6.328009e+00 2.422729e-24
6.342601e+00 2.409611e-24
6.357228e+00 2.396609e-24
6.371887e+00 2.383723e-24
6.386581e+00 2.370952e-24
6.401308e+00 2.358294e-24
6.416070e+00 2.345749e-24
6.430865e+00 2.329272e-24
6.445695e+00 2.316309e-24
6.460559e+00 2.304140e-24
6.475457e+00 2.292081e-24
6.490389e+00 2.280129e-24
6.505356e+00 2.269699e-24
6.520358e+00 2.261033e-24
6.535394e+00 2.249361e-24
6.550464e+00 2.237794e-24
6.565570e+00 2.226332e-24
6.580710e+00 2.214973e-24
6.595885e+00 2.203716e-24
6.611095e+00 2.192560e-24
6.626341e+00 2.184258e-24
6.641621e+00 2.175331e-24
6.656937e+00 2.164430e-24
6.672288e+00 2.153625e-24
6.687674e+00 2.142918e-24
6.703096e+00 2.132305e-24
6.718553e+00 2.121787e-24
6.734046e+00 2.111363e-24
6.749575e+00 2.101031e-24
6.765140e+00 2.090790e-24
6.780740e+00 2.076902e-24
6.796376e+00 2.069598e-24
6.812049e+00 2.057453e-24
6.827758e+00 2.046430e-24
6.843502e+00 2.036669e-24
6.859284e+00 2.026993e-24
6.875101e+00 2.015535e-24
6.890955e+00 2.004284e-24
6.906846e+00 1.994888e-24
6.922773e+00 1.985571e-24
6.938737e+00 1.976334e-24
6.954738e+00 1.967173e-24
6.970775e+00 1.958912e-24
6.986850e+00 1.952489e-24
7.002962e+00 1.943523e-24
7.019111e+00 1.934630e-24
7.035297e+00 1.925809e-24
7.051520e+00 1.917059e-24
7.067781e+00 1.908378e-24
7.084080e+00 1.899766e-24
7.100415e+00 1.891221e-24
7.116789e+00 1.882743e-24
7.133200e+00 1.874329e-24
7.149650e+00 1.865980e-24
7.166137e+00 1.857693e-24
7.182662e+00 1.849467e-24
7.199225e+00 1.841302e-24
7.215827e+00 1.833196e-24
7.232466e+00 1.825148e-24
7.249145e+00 1.817158e-24
7.265861e+00 1.806459e-24
7.282616e+00 1.798470e-24
7.299410e+00 1.790671e-24
7.316243e+00 1.782924e-24
7.333114e+00 1.775229e-24
7.350024e+00 1.770344e-24
7.366973e+00 1.760037e-24
7.383962e+00 1.755153e-24
7.400989e+00 1.747627e-24
7.418056e+00 1.740148e-24
7.435162e+00 1.732715e-24
7.452307e+00 1.725327e-24
7.469493e+00 1.717536e-24
7.486717e+00 1.708125e-24
7.503982e+00 1.700893e-24
7.521286e+00 1.693702e-24
7.538630e+00 1.686552e-24
7.556014e+00 1.679443e-24
7.573438e+00 1.672374e-24
7.590903e+00 1.665345e-24
7.608407e+00 1.658355e-24
7.625953e+00 1.651403e-24
7.643538e+00 1.644490e-24
7.661164e+00 1.637615e-24
7.678831e+00 1.630777e-24
7.696538e+00 1.625765e-24
7.714287e+00 1.619468e-24
7.732076e+00 1.610653e-24
7.749906e+00 1.603800e-24
7.767777e+00 1.597149e-24
7.785690e+00 1.590831e-24
7.803644e+00 1.586626e-24
7.821639e+00 1.582793e-24
7.839676e+00 1.577133e-24
7.857754e+00 1.567799e-24
7.875874e+00 1.558936e-24
7.894036e+00 1.551638e-24
7.912240e+00 1.545288e-24
7.930485e+00 1.538978e-24
7.948773e+00 1.532706e-24
7.967103e+00 1.526475e-24
7.985475e+00 1.520284e-24
8.003890e+00 1.514133e-24
8.022347e+00 1.508024e-24
8.040846e+00 1.501957e-24
8.059389e+00 1.495932e-24
8.077974e+00 1.489950e-24
8.096602e+00 1.484012e-24
8.115272e+00 1.478118e-24
8.133986e+00 1.472268e-24
8.152743e+00 1.466464e-24
8.171544e+00 1.460707e-24
8.190387e+00 1.454996e-24
8.209274e+00 1.449333e-24
8.228205e+00 1.443717e-24
8.247179e+00 1.438151e-24
8.266197e+00 1.434260e-24
8.285259e+00 1.428825e-24
8.304365e+00 1.425592e-24
8.323515e+00 1.433323e-24
8.342709e+00 1.428298e-24
8.361947e+00 1.409741e-24
8.381230e+00 1.402183e-24
8.400557e+00 1.397015e-24
8.419929e+00 1.391901e-24
8.439346e+00 1.386842e-24
8.458807e+00 1.381840e-24
8.478313e+00 1.376894e-24
8.497864e+00 1.372004e-24
8.517460e+00 1.367250e-24
8.537101e+00 1.364066e-24
8.556788e+00 1.360087e-24
8.576520e+00 1.355415e-24
8.596298e+00 1.350049e-24
8.616121e+00 1.343949e-24
8.635989e+00 1.339423e-24
8.655904e+00 1.335010e-24
8.675865e+00 1.330658e-24
8.695871e+00 1.326369e-24
8.715924e+00 1.322142e-24
8.736023e+00 1.317979e-24
8.756168e+00 1.313392e-24
8.776360e+00 1.308564e-24
8.796599e+00 1.304608e-24
8.816884e+00 1.300717e-24
8.837215e+00 1.296892e-24
8.857594e+00 1.293133e-24
8.878020e+00 1.289442e-24
8.898493e+00 1.286907e-24
8.919012e+00 1.283452e-24
8.939580e+00 1.279506e-24
8.960195e+00 1.275365e-24
8.980857e+00 1.272021e-24
9.001567e+00 1.269889e-24
9.022324e+00 1.266679e-24
9.043130e+00 1.263543e-24
9.063984e+00 1.259555e-24
9.084885e+00 1.256509e-24
9.105835e+00 1.254597e-24
9.126833e+00 1.251114e-24
9.147880e+00 1.248890e-24
9.168975e+00 1.246369e-24
9.190118e+00 1.243793e-24
9.211311e+00 1.241303e-24
9.232552e+00 1.240007e-24
9.253843e+00 1.239766e-24
9.275182e+00 1.241018e-24
9.296571e+00 1.238232e-24
9.318009e+00 1.232483e-24
9.339496e+00 1.228934e-24
9.361033e+00 1.226390e-24
9.382620e+00 1.224625e-24
9.404256e+00 1.222705e-24
9.425942e+00 1.220432e-24
9.447679e+00 1.218928e-24
9.469465e+00 1.217497e-24
9.491302e+00 1.216129e-24
9.513189e+00 1.215511e-24
9.535126e+00 1.214419e-24
9.557114e+00 1.213159e-24
9.579153e+00 1.211255e-24
9.601243e+00 1.210643e-24
9.623383e+00 1.209002e-24
9.645575e+00 1.207775e-24
9.667817e+00 1.206532e-24
9.690112e+00 1.204276e-24
9.712457e+00 1.202689e-24
9.734854e+00 1.200996e-24
9.757303e+00 1.198883e-24
9.779803e+00 1.197122e-24
9.802355e+00 1.195144e-24
9.824960e+00 1.192450e-24
9.847616e+00 1.190793e-24
9.870325e+00 1.188593e-24
9.893086e+00 1.185860e-24
9.915899e+00 1.183209e-24
9.938766e+00 1.180981e-24
9.961684e+00 1.178954e-24
9.984656e+00 1.177317e-24
1.000768e+01 1.175616e-24
1.003076e+01 1.171265e-24
1.005389e+01 1.168711e-24
1.007707e+01 1.166377e-24
1.010031e+01 1.164086e-24
1.012360e+01 1.161642e-24
1.014695e+01 1.159183e-24
1.017035e+01 1.157049e-24
1.019380e+01 1.154968e-24
1.021731e+01 1.152939e-24
1.024087e+01 1.150964e-24
1.026448e+01 1.149414e-24
1.028815e+01 1.147467e-24
1.031188e+01 1.145344e-24
1.033566e+01 1.143569e-24
1.035949e+01 1.141840e-24
1.038338e+01 1.140161e-24
1.040732e+01 1.143262e-24
1.043132e+01 1.140061e-24
1.045538e+01 1.135350e-24
1.047949e+01 1.133825e-24
1.050365e+01 1.132336e-24
1.052788e+01 1.130880e-24
1.055215e+01 1.129457e-24
1.057649e+01 1.128271e-24
1.060088e+01 1.127052e-24
1.062532e+01 1.125530e-24
1.064982e+01 1.124057e-24
1.067438e+01 1.122773e-24
1.069900e+01 1.121512e-24
1.072367e+01 1.120274e-24
1.074840e+01 1.119057e-24
1.077318e+01 1.117860e-24
1.079803e+01 1.116957e-24
1.082293e+01 1.115831e-24
1.084789e+01 1.114418e-24
1.087290e+01 1.113254e-24
1.089797e+01 1.112143e-24
1.092311e+01 1.111046e-24
1.094829e+01 1.109963e-24
1.097354e+01 1.108892e-24
1.099885e+01 1.107834e-24
1.102421e+01 1.106786e-24
1.104963e+01 1.105749e-24
1.107511e+01 1.104722e-24
1.110065e+01 1.103704e-24
1.112625e+01 1.102694e-24
1.115191e+01 1.101692e-24
1.117762e+01 1.100698e-24
1.120340e+01 1.099710e-24
1.122923e+01 1.098728e-24
1.125513e+01 1.097752e-24
1.128108e+01 1.096781e-24
1.130710e+01 1.095815e-24
1.133317e+01 1.094853e-24
1.135931e+01 1.093895e-24
1.138550e+01 1.092939e-24
1.141176e+01 1.091987e-24
1.143807e+01 1.091037e-24
1.146445e+01 1.090088e-24
1.149088e+01 1.089235e-24
1.151738e+01 1.088403e-24
1.154394e+01 1.087456e-24
1.157056e+01 1.086508e-24
1.159724e+01 1.085561e-24
1.162399e+01 1.084502e-24
1.165079e+01 1.083473e-24
1.167766e+01 1.082527e-24
1.170459e+01 1.081579e-24
1.173158e+01 1.080631e-24
1.175863e+01 1.079766e-24
1.178575e+01 1.078727e-24
1.181293e+01 1.077772e-24
1.184017e+01 1.076814e-24
1.186747e+01 1.075854e-24
1.189484e+01 1.074890e-24
1.192227e+01 1.074089e-24
1.194976e+01 1.073302e-24
1.197731e+01 1.072459e-24
1.200493e+01 1.071552e-24
1.203262e+01 1.070561e-24
1.206037e+01 1.069361e-24
1.208818e+01 1.068365e-24
1.211605e+01 1.067363e-24
1.214399e+01 1.066247e-24
1.217200e+01 1.065178e-24
1.220006e+01 1.064163e-24
1.222820e+01 1.063255e-24
1.225640e+01 1.062278e-24
1.228466e+01 1.061290e-24
1.231299e+01 1.060825e-24
1.234138e+01 1.059249e-24
1.236984e+01 1.058108e-24
1.239837e+01 1.057204e-24
1.242696e+01 1.056635e-24
1.245561e+01 1.062090e-24
1.248434e+01 1.056437e-24
1.251313e+01 1.053192e-24
1.254198e+01 1.051737e-24
1.257090e+01 1.050563e-24
1.259989e+01 1.049325e-24
1.262895e+01 1.048214e-24
1.265807e+01 1.047096e-24
1.268726e+01 1.046001e-24
1.271652e+01 1.044966e-24
1.274584e+01 1.043700e-24
1.277523e+01 1.042553e-24
1.280469e+01 1.041399e-24
1.283422e+01 1.040357e-24
1.286382e+01 1.039185e-24
1.289348e+01 1.037935e-24
1.292321e+01 1.036705e-24
1.295301e+01 1.035513e-24
1.298288e+01 1.034313e-24
1.301282e+01 1.033188e-24
1.304283e+01 1.031997e-24
1.307291e+01 1.030665e-24
1.310305e+01 1.029539e-24
1.313327e+01 1.028298e-24
1.316355e+01 1.027050e-24
1.319391e+01 1.025794e-24
1.322433e+01 1.024530e-24
1.325483e+01 1.023229e-24
1.328539e+01 1.021883e-24
1.331603e+01 1.020597e-24
1.334674e+01 1.019304e-24
1.337752e+01 1.018003e-24
1.340836e+01 1.016694e-24
1.343928e+01 1.015378e-24
1.347027e+01 1.014054e-24
1.350134e+01 1.012723e-24
1.353247e+01 1.011384e-24
1.356368e+01 1.010038e-24
1.359496e+01 1.008684e-24
1.362631e+01 1.007323e-24
1.365773e+01 1.005955e-24
1.368922e+01 1.004580e-24
1.372079e+01 1.003197e-24
1.375243e+01 1.001808e-24
1.378414e+01 1.000412e-24
1.381593e+01 9.990082e-25
1.384779e+01 9.975981e-25
1.387972e+01 9.961814e-25
1.391173e+01 9.947579e-25
1.394381e+01 9.933280e-25
1.397596e+01 9.918916e-25
1.400819e+01 9.904489e-25
1.404050e+01 9.889999e-25
1.407287e+01 9.875227e-25
1.410533e+01 9.860263e-25
1.413785e+01 9.845602e-25
1.417045e+01 9.830882e-25
1.420313e+01 9.816105e-25
1.423588e+01 9.801272e-25
1.426871e+01 9.786449e-25
1.430162e+01 9.771972e-25
1.433460e+01 9.756973e-25
1.436765e+01 9.741923e-25
1.440078e+01 9.726825e-25
1.443399e+01 9.711678e-25
1.446728e+01 9.696486e-25
1.450064e+01 9.681249e-25
1.453408e+01 9.665968e-25
1.456759e+01 9.650646e-25
1.460119e+01 9.635284e-25
1.463486e+01 9.619883e-25
1.466860e+01 9.603995e-25
1.470243e+01 9.588528e-25
1.473633e+01 9.573027e-25
1.477032e+01 9.557493e-25
1.480438e+01 9.541929e-25
1.483852e+01 9.526337e-25
1.487273e+01 9.510717e-25
1.490703e+01 9.495072e-25
1.494141e+01 9.479403e-25
1.497586e+01 9.463928e-25
1.501040e+01 9.448393e-25
1.504501e+01 9.432388e-25
1.507970e+01 9.416532e-25
1.511448e+01 9.400774e-25
1.514933e+01 9.385004e-25
1.518427e+01 9.369223e-25
1.521928e+01 9.353435e-25
1.525438e+01 9.337641e-25
1.528955e+01 9.321842e-25
1.532481e+01 9.306041e-25
1.536015e+01 9.290241e-25
1.539557e+01 9.274442e-25
1.543107e+01 9.258648e-25
1.546666e+01 9.242860e-25
1.550232e+01 9.227081e-25
1.553807e+01 9.211312e-25
1.557390e+01 9.195556e-25
1.560982e+01 9.179657e-25
1.564581e+01 9.163830e-25
1.568189e+01 9.148131e-25
1.571805e+01 9.132453e-25
1.575430e+01 9.116799e-25
1.579063e+01 9.101172e-25
1.582704e+01 9.085573e-25
1.586354e+01 9.070005e-25
1.590012e+01 9.054471e-25
1.593679e+01 9.038973e-25
1.597354e+01 9.023512e-25
1.601037e+01 9.008093e-25
1.604729e+01 8.992715e-25
1.608430e+01 8.977605e-25
1.612139e+01 8.962318e-25
1.615857e+01 8.947080e-25
1.619583e+01 8.931895e-25
1.623317e+01 8.916765e-25
1.627061e+01 8.901693e-25
1.630813e+01 8.886791e-25
1.634574e+01 8.871729e-25
1.638343e+01 8.856842e-25
1.642121e+01 8.842023e-25
1.645908e+01 8.827273e-25
1.649703e+01 8.812594e-25
1.653507e+01 8.797990e-25
1.657320e+01 8.783462e-25
1.661142e+01 8.769154e-25
1.664973e+01 8.755654e-25
1.668812e+01 8.740728e-25
1.672661e+01 8.726164e-25
1.676518e+01 8.711898e-25
1.680384e+01 8.697867e-25
1.684259e+01 8.683944e-25
1.688143e+01 8.670116e-25
1.692035e+01 8.656386e-25
1.695937e+01 8.642756e-25
1.699848e+01 8.629227e-25
1.703768e+01 8.615803e-25
1.707697e+01 8.602486e-25
1.711635e+01 8.589277e-25
1.715582e+01 8.576180e-25
1.719538e+01 8.563195e-25
1.723503e+01 8.550325e-25
1.727478e+01 8.537572e-25
1.731461e+01 8.524939e-25
1.735454e+01 8.512426e-25
1.739456e+01 8.500037e-25
1.743467e+01 8.487773e-25
1.747488e+01 8.475636e-25
1.751517e+01 8.463627e-25
1.755556e+01 8.451749e-25
1.759605e+01 8.440003e-25
1.763662e+01 8.428392e-25
1.767729e+01 8.416916e-25
1.771806e+01 8.405577e-25
1.775892e+01 8.394377e-25
1.779987e+01 8.383318e-25
1.784092e+01 8.372401e-25
1.788206e+01 8.361627e-25
1.792329e+01 8.351110e-25
1.796462e+01 8.340625e-25
1.800605e+01 8.330288e-25
1.804757e+01 8.320008e-25
1.808919e+01 8.310061e-25
1.813090e+01 8.300173e-25
1.817271e+01 8.290438e-25
1.821462e+01 8.280856e-25
1.825662e+01 8.271427e-25
1.829872e+01 8.262154e-25
1.834092e+01 8.253037e-25
1.838322e+01 8.244077e-25
1.842561e+01 8.235274e-25
1.846810e+01 8.226629e-25
1.851068e+01 8.218144e-25
1.855337e+01 8.209818e-25
1.859615e+01 8.201652e-25
1.863904e+01 8.193647e-25
1.868202e+01 8.185803e-25
1.872510e+01 8.178121e-25
1.876828e+01 8.170600e-25
1.881156e+01 8.163242e-25
1.885494e+01 8.156046e-25
1.889842e+01 8.149013e-25
1.894200e+01 8.142144e-25
1.898568e+01 8.135437e-25
1.902946e+01 8.128893e-25
1.907334e+01 8.122513e-25
1.911733e+01 8.116295e-25
1.916141e+01 8.110241e-25
1.920560e+01 8.104350e-25
1.924989e+01 8.098621e-25
1.929428e+01 8.093056e-25
1.933877e+01 8.087652e-25
1.938336e+01 8.082411e-25
1.942806e+01 8.077331e-25
1.947286e+01 8.072413e-25
1.951777e+01 8.067655e-25
1.956278e+01 8.063058e-25
1.960789e+01 8.058620e-25
1.965310e+01 8.054341e-25
1.969842e+01 8.050220e-25
1.974385e+01 8.046257e-25
1.978938e+01 8.042450e-25
1.983501e+01 8.038800e-25
1.988075e+01 8.035303e-25
1.992660e+01 8.031961e-25
1.997255e+01 8.028770e-25
2.001861e+01 8.025731e-25
2.006477e+01 8.022842e-25
2.011104e+01 8.020102e-25
2.015741e+01 8.017508e-25
2.020390e+01 8.015060e-25
2.025049e+01 8.012756e-25
2.029719e+01 8.010593e-25
2.034399e+01 8.008571e-25
2.039090e+01 8.006686e-25
2.043793e+01 8.004938e-25
2.048506e+01 8.003323e-25
2.053229e+01 8.001840e-25
2.057964e+01 8.000486e-25
2.062710e+01 7.999258e-25
2.067466e+01 7.998154e-25
2.072234e+01 7.997171e-25
2.077013e+01 7.996305e-25
2.081802e+01 7.995603e-25
2.086603e+01 7.994917e-25
2.091415e+01 7.994387e-25
2.096237e+01 7.993962e-25
2.101071e+01 7.993639e-25
2.105916e+01 7.993414e-25
2.110773e+01 7.993283e-25
2.115640e+01 7.993242e-25
2.120519e+01 7.993287e-25
2.125409e+01 7.993414e-25
2.130310e+01 7.993619e-25
2.135223e+01 7.993897e-25
2.140146e+01 7.994244e-25
2.145082e+01 7.994655e-25
2.150028e+01 7.995127e-25
2.154986e+01 7.995653e-25
2.159956e+01 7.996228e-25
2.164936e+01 7.996849e-25
2.169929e+01 7.997510e-25
2.174933e+01 7.998206e-25
2.179948e+01 7.998932e-25
2.184975e+01 7.999682e-25
2.190014e+01 8.000451e-25
2.195064e+01 8.001235e-25
2.200126e+01 8.002027e-25
2.205199e+01 8.002821e-25
2.210284e+01 8.003614e-25
2.215381e+01 8.004399e-25
2.220490e+01 8.005171e-25
2.225610e+01 8.005924e-25
2.230743e+01 8.006653e-25
2.235887e+01 8.007352e-25
2.241043e+01 8.008016e-25
2.246211e+01 8.008640e-25
2.251390e+01 8.009219e-25
2.256582e+01 8.009746e-25
2.261786e+01 8.010218e-25
2.267002e+01 8.010628e-25
2.272229e+01 8.010971e-25
2.277469e+01 8.011243e-25
2.282721e+01 8.011438e-25
2.287985e+01 8.011552e-25
2.293261e+01 8.011580e-25
2.298549e+01 8.011517e-25
2.303850e+01 8.011359e-25
2.309162e+01 8.011100e-25
2.314487e+01 8.010738e-25
2.319825e+01 8.010267e-25
2.325174e+01 8.009684e-25
2.330536e+01 8.008984e-25
2.335910e+01 8.008165e-25
2.341297e+01 8.007221e-25
2.346696e+01 8.006175e-25
2.352107e+01 8.004973e-25
2.357531e+01 8.003637e-25
2.362968e+01 8.002164e-25
2.368417e+01 8.000550e-25
2.373878e+01 7.998794e-25
2.379353e+01 7.996893e-25
2.384839e+01 7.994844e-25
2.390339e+01 7.992678e-25
2.395851e+01 7.990306e-25
2.401376e+01 7.987814e-25
2.406914e+01 7.985125e-25
2.412464e+01 7.982306e-25
2.418027e+01 7.979327e-25
2.423603e+01 7.976188e-25
2.429192e+01 7.972887e-25
2.434794e+01 7.969424e-25
2.440408e+01 7.965797e-25
2.446036e+01 7.962006e-25
2.451676e+01 7.958050e-25
2.457330e+01 7.953929e-25
2.462997e+01 7.949643e-25
2.468676e+01 7.945215e-25
2.474369e+01 7.940598e-25
2.480075e+01 7.935814e-25
2.485794e+01 7.930880e-25
2.491526e+01 7.925729e-25
2.497272e+01 7.920475e-25
2.503031e+01 7.915015e-25
2.508803e+01 7.909407e-25
2.514588e+01 7.903642e-25
2.520387e+01 7.897715e-25
2.526199e+01 7.891629e-25
2.532024e+01 7.885384e-25
2.537863e+01 7.878982e-25
2.543715e+01 7.872424e-25
2.549581e+01 7.865711e-25
2.555460e+01 7.858845e-25
2.561353e+01 7.851828e-25
2.567260e+01 7.844662e-25
2.573180e+01 7.837348e-25
2.579114e+01 7.829888e-25
2.585061e+01 7.822284e-25
2.591022e+01 7.814538e-25
2.596997e+01 7.806653e-25
2.602986e+01 7.798629e-25
2.608988e+01 7.790470e-25
2.615005e+01 7.782178e-25
2.621035e+01 7.773754e-25
2.627079e+01 7.765217e-25
2.633137e+01 7.756523e-25
2.639209e+01 7.747720e-25
2.645295e+01 7.738795e-25
2.651395e+01 7.729751e-25
2.657509e+01 7.720590e-25
2.663638e+01 7.711314e-25
2.669780e+01 7.701943e-25
2.675937e+01 7.692438e-25
2.682107e+01 7.682825e-25
2.688292e+01 7.673135e-25
2.694492e+01 7.663324e-25
2.700705e+01 7.653414e-25
2.706933e+01 7.643407e-25
2.713175e+01 7.633305e-25
2.719432e+01 7.623112e-25
2.725703e+01 7.612829e-25
2.731988e+01 7.602459e-25
2.738288e+01 7.592004e-25
2.744603e+01 7.581468e-25
2.750932e+01 7.570853e-25
2.757275e+01 7.560160e-25
2.763634e+01 7.549393e-25
2.770007e+01 7.538553e-25
2.776394e+01 7.527644e-25
2.782797e+01 7.516668e-25
2.789214e+01 7.505626e-25
2.795646e+01 7.494522e-25
2.802093e+01 7.483358e-25
2.808554e+01 7.472136e-25
2.815031e+01 7.460858e-25
2.821522e+01 7.449526e-25
2.828029e+01 7.438143e-25
2.834550e+01 7.426711e-25
2.841087e+01 7.415232e-25
2.847638e+01 7.403709e-25
2.854205e+01 7.392142e-25
2.860787e+01 7.380535e-25
2.867384e+01 7.368890e-25
2.873996e+01 7.357207e-25
2.880623e+01 7.345491e-25
2.887266e+01 7.333741e-25
2.893924e+01 7.321961e-25
2.900598e+01 7.310152e-25
2.907286e+01 7.298316e-25
2.913991e+01 7.286455e-25
2.920710e+01 7.274571e-25
2.927446e+01 7.262665e-25
2.934196e+01 7.250739e-25
2.940963e+01 7.238794e-25
2.947744e+01 7.226834e-25
2.954542e+01 7.214858e-25
2.961355e+01 7.202869e-25
2.968184e+01 7.190869e-25
2.975029e+01 7.178858e-25
2.981889e+01 7.166839e-25
2.988765e+01 7.154812e-25
2.995658e+01 7.142779e-25
3.002566e+01 7.130756e-25
3.009489e+01 7.118702e-25
3.016429e+01 7.106661e-25
3.023385e+01 7.094619e-25
3.030357e+01 7.082578e-25
3.037345e+01 7.070539e-25
3.044349e+01 7.058504e-25
3.051370e+01 7.046486e-25
3.058406e+01 7.034460e-25
3.065459e+01 7.022442e-25
3.072528e+01 7.010426e-25
3.079613e+01 6.998422e-25
3.086715e+01 6.986440e-25
3.093833e+01 6.974461e-25
3.100967e+01 6.962493e-25
3.108118e+01 6.950539e-25
3.115285e+01 6.938599e-25
3.122469e+01 6.926674e-25
3.129670e+01 6.914765e-25
3.136887e+01 6.902873e-25
3.144120e+01 6.890999e-25
3.151371e+01 6.879143e-25
3.158638e+01 6.867307e-25
3.165922e+01 6.855490e-25
3.173222e+01 6.843695e-25
3.180540e+01 6.831921e-25
3.187874e+01 6.820170e-25
3.195225e+01 6.808441e-25
3.202594e+01 6.796737e-25
3.209979e+01 6.785056e-25
3.217381e+01 6.773401e-25
3.224800e+01 6.761771e-25
3.232237e+01 6.750168e-25
3.239690e+01 6.738591e-25
3.247161e+01 6.727042e-25
3.254649e+01 6.715521e-25
3.262154e+01 6.704028e-25
3.269677e+01 6.692564e-25
3.277217e+01 6.681129e-25
3.284774e+01 6.669724e-25
3.292349e+01 6.658350e-25
3.299941e+01 6.647006e-25
3.307551e+01 6.635693e-25
3.315178e+01 6.624412e-25
3.322823e+01 6.613163e-25
3.330485e+01 6.601947e-25
3.338165e+01 6.590763e-25
3.345863e+01 6.579612e-25
3.353579e+01 6.568494e-25
3.361312e+01 6.557410e-25
3.369063e+01 6.546360e-25
3.376832e+01 6.535344e-25
3.384619e+01 6.524363e-25
3.392424e+01 6.513417e-25
3.400247e+01 6.502506e-25
3.408088e+01 6.491630e-25
3.415947e+01 6.480789e-25
3.423825e+01 6.469985e-25
3.431720e+01 6.459216e-25
3.439634e+01 6.448483e-25
3.447565e+01 6.437787e-25
3.455515e+01 6.427136e-25
3.463484e+01 6.416512e-25
3.471471e+01 6.405926e-25
3.479476e+01 6.395377e-25
3.487500e+01 6.384865e-25
3.495542e+01 6.374390e-25
3.503603e+01 6.363952e-25
3.511682e+01 6.353552e-25
3.519780e+01 6.343189e-25
3.527897e+01 6.332865e-25
3.536032e+01 6.322577e-25
3.544186e+01 6.312328e-25
3.552359e+01 6.302117e-25
3.560551e+01 6.291943e-25
3.568761e+01 6.281808e-25
3.576991e+01 6.271710e-25
3.585240e+01 6.261651e-25
3.593507e+01 6.251630e-25
3.601794e+01 6.241646e-25
3.610100e+01 6.231702e-25
3.618424e+01 6.221795e-25
3.626769e+01 6.211926e-25
3.635132e+01 6.202096e-25
3.643515e+01 6.192304e-25
3.651917e+01 6.182550e-25
3.660338e+01 6.172834e-25
3.668779e+01 6.163156e-25
3.677239e+01 6.153517e-25
3.685719e+01 6.143915e-25
3.694218e+01 6.134352e-25
3.702737e+01 6.124827e-25
3.711275e+01 6.115339e-25
3.719834e+01 6.105890e-25
3.728412e+01 6.096478e-25
3.737009e+01 6.087105e-25
3.745627e+01 6.077769e-25
3.754264e+01 6.068477e-25
3.762922e+01 6.059211e-25
3.771599e+01 6.049987e-25
3.780296e+01 6.040807e-25
3.789014e+01 6.031659e-25
3.797751e+01 6.022548e-25
3.806509e+01 6.013474e-25
3.815287e+01 6.004438e-25
3.824085e+01 5.995438e-25
3.832903e+01 5.986476e-25
3.841742e+01 5.977550e-25
3.850601e+01 5.968662e-25
3.859480e+01 5.959809e-25
3.868380e+01 5.950994e-25
3.877301e+01 5.942215e-25
3.886242e+01 5.933472e-25
3.895204e+01 5.924766e-25
3.904186e+01 5.916096e-25
3.913189e+01 5.907462e-25
3.922213e+01 5.898865e-25
3.931258e+01 5.890303e-25
3.940323e+01 5.881778e-25
3.949410e+01 5.873289e-25
3.958517e+01 5.864837e-25
3.967645e+01 5.856423e-25
3.976795e+01 5.848053e-25
3.985965e+01 5.839739e-25
3.995157e+01 5.831565e-25
4.004370e+01 5.825424e-25
4.013604e+01 5.815927e-25
4.022859e+01 5.806759e-25
4.032136e+01 5.798483e-25
4.041434e+01 5.790311e-25
4.050754e+01 5.782189e-25
4.060095e+01 5.774108e-25
4.069457e+01 5.766062e-25
4.078842e+01 5.758051e-25
4.088247e+01 5.750075e-25
4.097675e+01 5.742132e-25
4.107124e+01 5.734223e-25
4.116595e+01 5.726351e-25
4.126088e+01 5.718508e-25
4.135603e+01 5.710698e-25
4.145140e+01 5.702920e-25
4.154698e+01 5.695175e-25
4.164279e+01 5.687462e-25
4.173882e+01 5.679781e-25
4.183507e+01 5.672133e-25
4.193154e+01 5.664516e-25
4.202824e+01 5.656931e-25
4.212516e+01 5.649377e-25
4.222230e+01 5.641855e-25
4.231966e+01 5.634364e-25
4.241725e+01 5.626904e-25
4.251507e+01 5.619475e-25
4.261311e+01 5.612077e-25
4.271137e+01 5.604710e-25
4.280986e+01 5.597373e-25
4.290858e+01 5.590066e-25
4.300753e+01 5.582789e-25
4.310671e+01 5.575543e-25
4.320611e+01 5.568326e-25
4.330575e+01 5.561139e-25
4.340561e+01 5.553981e-25
4.350570e+01 5.546853e-25
4.360603e+01 5.539754e-25
4.370658e+01 5.532684e-25
4.380737e+01 5.525643e-25
4.390839e+01 5.518631e-25
4.400964e+01 5.511648e-25
4.411113e+01 5.504693e-25
4.421285e+01 5.497766e-25
4.431481e+01 5.490867e-25
4.441700e+01 5.483996e-25
4.451942e+01 5.477154e-25
4.462208e+01 5.470342e-25
4.472498e+01 5.463554e-25
4.482812e+01 5.456794e-25
4.493149e+01 5.450061e-25
4.503511e+01 5.443355e-25
4.513896e+01 5.436676e-25
4.524305e+01 5.430025e-25
4.534738e+01 5.423399e-25
4.545195e+01 5.416801e-25
4.555676e+01 5.410228e-25
4.566182e+01 5.403682e-25
4.576711e+01 5.397162e-25
4.587265e+01 5.390667e-25
4.597843e+01 5.384199e-25
4.608446e+01 5.377756e-25
4.619073e+01 5.371338e-25
4.629725e+01 5.364946e-25
4.640401e+01 5.358579e-25
4.651102e+01 5.352237e-25
4.661827e+01 5.345920e-25
4.672578e+01 5.339627e-25
4.683353e+01 5.333359e-25
4.694152e+01 5.327116e-25
4.704977e+01 5.320896e-25
4.715827e+01 5.314701e-25
4.726702e+01 5.308530e-25
4.737601e+01 5.302383e-25
4.748526e+01 5.296260e-25
4.759476e+01 5.290160e-25
4.770452e+01 5.284083e-25
4.781453e+01 5.278030e-25
4.792479e+01 5.272000e-25
4.803530e+01 5.265994e-25
4.814607e+01 5.260010e-25
4.825710e+01 5.254048e-25
4.836838e+01 5.248110e-25
4.847992e+01 5.242194e-25
4.859171e+01 5.236300e-25
4.870376e+01 5.230428e-25
4.881607e+01 5.224579e-25
4.892864e+01 5.218752e-25
4.904147e+01 5.212946e-25
4.915456e+01 5.207162e-25
4.926792e+01 5.201400e-25
4.938153e+01 5.195659e-25
4.949540e+01 5.189939e-25
4.960954e+01 5.184241e-25
4.972394e+01 5.178564e-25
4.983860e+01 5.172907e-25
4.995353e+01 5.167272e-25
5.006872e+01 5.161657e-25
5.018418e+01 5.156062e-25
5.029991e+01 5.150488e-25
5.041590e+01 5.144935e-25
5.053216e+01 5.139401e-25
5.064869e+01 5.133888e-25
5.076548e+01 5.128395e-25
5.088255e+01 5.122921e-25
5.099988e+01 5.117467e-25
5.111749e+01 5.112033e-25
5.123537e+01 5.106618e-25
5.135352e+01 5.101223e-25
5.147194e+01 5.095847e-25
5.159063e+01 5.090490e-25
5.170960e+01 5.085152e-25
5.182884e+01 5.079832e-25
5.194836e+01 5.074532e-25
5.206816e+01 5.069250e-25
5.218822e+01 5.063987e-25
5.230857e+01 5.058742e-25
5.242920e+01 5.053516e-25
5.255010e+01 5.048308e-25
5.267128e+01 5.043118e-25
5.279274e+01 5.037946e-25
5.291448e+01 5.032792e-25
5.303650e+01 5.027655e-25
5.315880e+01 5.022537e-25
5.328139e+01 5.017435e-25
5.340425e+01 5.012352e-25
5.352741e+01 5.007285e-25
5.365084e+01 5.002236e-25
5.377456e+01 4.997205e-25
5.389856e+01 4.992190e-25
5.402285e+01 4.987192e-25
5.414743e+01 4.982211e-25
5.427230e+01 4.977247e-25
5.439745e+01 4.972299e-25
5.452289e+01 4.967368e-25
5.464862e+01 4.962453e-25
5.477464e+01 4.957555e-25
5.490095e+01 4.952673e-25
5.502755e+01 4.947807e-25
5.515445e+01 4.942957e-25
5.528163e+01 4.938123e-25
5.540911e+01 4.933306e-25
5.553689e+01 4.928503e-25
5.566495e+01 4.923717e-25
5.579332e+01 4.918946e-25
5.592198e+01 4.914191e-25
5.605093e+01 4.909451e-25
5.618019e+01 4.904726e-25
5.630974e+01 4.900016e-25
5.643959e+01 4.895320e-25
5.656974e+01 4.890644e-25
5.670019e+01 4.885980e-25
5.683094e+01 4.881331e-25
5.696200e+01 4.876697e-25
5.709335e+01 4.872078e-25
5.722501e+01 4.867475e-25
5.735697e+01 4.862888e-25
5.748923e+01 4.858324e-25
5.762181e+01 4.853842e-25
5.775468e+01 4.850664e-25
5.788786e+01 4.844710e-25
5.802135e+01 4.840154e-25
5.815515e+01 4.835640e-25
5.828926e+01 4.831146e-25
5.842367e+01 4.826667e-25
5.855840e+01 4.822203e-25
5.869344e+01 4.817752e-25
5.882878e+01 4.813316e-25
5.896444e+01 4.808893e-25
5.910041e+01 4.804483e-25
5.923670e+01 4.800087e-25
5.937330e+01 4.795704e-25
5.951022e+01 4.791335e-25
5.964745e+01 4.786979e-25
5.978500e+01 4.782636e-25
5.992286e+01 4.778305e-25
6.006104e+01 4.773988e-25
6.019954e+01 4.769684e-25
6.033836e+01 4.765393e-25
6.047750e+01 4.761114e-25
6.061697e+01 4.756848e-25
6.075675e+01 4.752594e-25
6.089686e+01 4.748354e-25
6.103728e+01 4.744125e-25
6.117804e+01 4.739909e-25
6.131911e+01 4.735705e-25
6.146052e+01 4.731514e-25
6.160224e+01 4.727335e-25
6.174430e+01 4.723167e-25
6.188668e+01 4.719012e-25
6.202939e+01 4.714869e-25
6.217243e+01 4.710738e-25
6.231580e+01 4.706619e-25
6.245950e+01 4.702511e-25
6.260354e+01 4.698415e-25
6.274790e+01 4.694331e-25
6.289260e+01 4.690259e-25
6.303763e+01 4.686198e-25
6.318299e+01 4.682148e-25
6.332869e+01 4.678110e-25
6.347473e+01 4.674083e-25
6.362110e+01 4.670068e-25
6.376781e+01 4.666063e-25
6.391486e+01 4.662070e-25
6.406225e+01 4.658088e-25
6.420998e+01 4.654118e-25
6.435805e+01 4.650158e-25
6.450646e+01 4.646209e-25
6.465521e+01 4.642271e-25
6.480431e+01 4.638344e-25
6.495375e+01 4.634427e-25
6.510353e+01 4.630521e-25
6.525366e+01 4.626626e-25
6.540413e+01 4.622742e-25
6.555496e+01 4.618868e-25
6.570613e+01 4.615005e-25
6.585765e+01 4.611152e-25
6.600951e+01 4.607309e-25
6.616173e+01 4.603477e-25
6.631430e+01 4.599655e-25
6.646722e+01 4.595843e-25
6.662050e+01 4.592042e-25
6.677412e+01 4.588250e-25
6.692811e+01 4.584469e-25
6.708244e+01 4.580698e-25
6.723714e+01 4.576936e-25
6.739218e+01 4.573185e-25
6.754759e+01 4.569444e-25
6.770336e+01 4.565712e-25
6.785948e+01 4.561990e-25
6.801597e+01 4.558278e-25
6.817281e+01 4.554575e-25
6.833002e+01 4.550883e-25
6.848759e+01 4.547199e-25
6.864552e+01 4.543526e-25
6.880382e+01 4.539862e-25
6.896248e+01 4.536207e-25
6.912151e+01 4.532562e-25
6.928090e+01 4.528926e-25
6.944067e+01 4.525299e-25
6.960080e+01 4.521682e-25
6.976130e+01 4.518074e-25
6.992217e+01 4.514475e-25
7.008341e+01 4.510886e-25
7.024502e+01 4.507305e-25
7.040701e+01 4.503733e-25
7.056936e+01 4.500171e-25
7.073210e+01 4.496617e-25
7.089521e+01 4.493073e-25
7.105869e+01 4.489537e-25
7.122255e+01 4.486010e-25
7.138679e+01 4.482492e-25
7.155141e+01 4.478983e-25
7.171641e+01 4.475483e-25
7.188179e+01 4.471991e-25
7.204755e+01 4.468508e-25
7.221369e+01 4.465033e-25
7.238022e+01 4.461567e-25
7.254713e+01 4.458110e-25
7.271442e+01 4.454661e-25
7.288210e+01 4.451221e-25
7.305017e+01 4.447789e-25
7.321862e+01 4.444365e-25
7.338746e+01 4.440950e-25
7.355669e+01 4.437543e-25
7.372632e+01 4.434144e-25
7.389633e+01 4.430754e-25
7.406674e+01 4.427372e-25
7.423753e+01 4.423998e-25
7.440873e+01 4.420632e-25
7.458031e+01 4.417275e-25
7.475230e+01 4.413925e-25
7.492468e+01 4.410583e-25
7.509745e+01 4.407250e-25
7.527063e+01 4.403924e-25
7.544420e+01 4.400607e-25
7.561818e+01 4.397297e-25
7.579255e+01 4.393995e-25
7.596733e+01 4.390701e-25
7.614251e+01 4.387415e-25
7.631810e+01 4.384136e-25
7.649409e+01 4.380866e-25
7.667048e+01 4.377603e-25
7.684729e+01 4.374348e-25
7.702450e+01 4.371100e-25
7.720212e+01 4.367860e-25
7.738015e+01 4.364628e-25
7.755858e+01 4.361403e-25
7.773744e+01 4.358186e-25
7.791670e+01 4.354976e-25
7.809638e+01 4.351774e-25
7.827647e+01 4.348579e-25
7.845697e+01 4.345391e-25
7.863789e+01 4.342211e-25
7.881923e+01 4.339039e-25
7.900099e+01 4.335874e-25
7.918317e+01 4.332716e-25
7.936577e+01 4.329565e-25
7.954878e+01 4.326421e-25
7.973222e+01 4.323285e-25
7.991609e+01 4.320156e-25
8.010037e+01 4.317034e-25
8.028509e+01 4.313920e-25
8.047022e+01 4.310812e-25
8.065579e+01 4.307711e-25
8.084178e+01 4.304618e-25
8.102820e+01 4.301532e-25
8.121506e+01 4.298452e-25
8.140234e+01 4.295380e-25
8.159005e+01 4.292315e-25
8.177820e+01 4.289256e-25
8.196678e+01 4.286205e-25
8.215580e+01 4.283160e-25
8.234525e+01 4.280122e-25
8.253514e+01 4.277091e-25
8.272546e+01 4.274067e-25
8.291623e+01 4.271050e-25
8.310744e+01 4.268039e-25
8.329908e+01 4.265036e-25
8.349117e+01 4.262039e-25
8.368370e+01 4.259048e-25
8.387668e+01 4.256065e-25
8.407010e+01 4.253088e-25
8.426396e+01 4.250117e-25
8.445828e+01 4.247154e-25
8.465304e+01 4.244197e-25
8.484825e+01 4.241246e-25
8.504391e+01 4.238302e-25
8.524002e+01 4.235365e-25
8.543659e+01 4.232434e-25
8.563360e+01 4.229509e-25
8.583107e+01 4.226591e-25
8.602900e+01 4.223680e-25
8.622738e+01 4.220775e-25
8.642623e+01 4.217876e-25
8.662553e+01 4.214984e-25
8.682528e+01 4.212098e-25
8.702550e+01 4.209218e-25
8.722619e+01 4.206345e-25
8.742733e+01 4.203478e-25
8.762894e+01 4.200617e-25
8.783101e+01 4.197763e-25
8.803355e+01 4.194915e-25
8.823656e+01 4.192073e-25
8.844003e+01 4.189237e-25
8.864397e+01 4.186408e-25
8.884839e+01 4.183585e-25
8.905327e+01 4.180767e-25
8.925863e+01 4.177956e-25
8.946446e+01 4.175152e-25
8.967077e+01 4.172353e-25
8.987755e+01 4.169560e-25
9.008481e+01 4.166774e-25
9.029254e+01 4.163993e-25
9.050076e+01 4.161219e-25
9.070945e+01 4.158450e-25
9.091863e+01 4.155688e-25
9.112829e+01 4.152931e-25
9.133843e+01 4.150181e-25
9.154906e+01 4.147437e-25
9.176017e+01 4.144698e-25
9.197177e+01 4.141965e-25
9.218386e+01 4.139239e-25
9.239644e+01 4.136518e-25
9.260950e+01 4.133803e-25
9.282306e+01 4.131094e-25
9.303711e+01 4.128391e-25
9.325166e+01 4.125693e-25
9.346669e+01 4.123002e-25
9.368223e+01 4.120316e-25
9.389826e+01 4.117636e-25
9.411479e+01 4.114962e-25
9.433182e+01 4.112293e-25
9.454935e+01 4.109631e-25
9.476738e+01 4.106974e-25
9.498592e+01 4.104322e-25
9.520496e+01 4.101677e-25
9.542450e+01 4.099037e-25
9.564455e+01 4.096403e-25
9.586511e+01 4.093774e-25
9.608617e+01 4.091151e-25
9.630775e+01 4.088534e-25
9.652983e+01 4.085923e-25
9.675243e+01 4.083317e-25
9.697554e+01 4.080716e-25
9.719917e+01 4.078121e-25
9.742331e+01 4.075532e-25
9.764797e+01 4.072949e-25
9.787315e+01 4.070370e-25
9.809884e+01 4.067798e-25
9.832506e+01 4.065231e-25
9.855180e+01 4.062669e-25
9.877906e+01 4.060113e-25
9.900685e+01 4.057563e-25
9.923516e+01 4.055018e-25
9.946399e+01 4.052478e-25
9.969336e+01 4.049944e-25
9.992325e+01 4.047415e-25
1.001537e+02 4.044892e-25
1.003846e+02 4.042374e-25
1.006161e+02 4.039861e-25
1.008481e+02 4.037354e-25
1.010807e+02 4.034852e-25
1.013138e+02 4.032356e-25
1.015474e+02 4.029865e-25
1.017816e+02 4.027380e-25
1.020163e+02 4.024899e-25
1.022515e+02 4.022424e-25
1.024873e+02 4.019955e-25
1.027237e+02 4.017490e-25
1.029606e+02 4.015031e-25
1.031980e+02 4.012578e-25
1.034360e+02 4.010129e-25
1.036745e+02 4.007686e-25
1.039136e+02 4.005248e-25
1.041532e+02 4.002815e-25
1.043934e+02 4.000388e-25
1.046341e+02 3.997966e-25
1.048754e+02 3.995549e-25
1.051172e+02 3.993137e-25
1.053596e+02 3.990730e-25
1.056026e+02 3.988329e-25
1.058461e+02 3.985933e-25
1.060902e+02 3.983542e-25
1.063348e+02 3.981156e-25
1.065800e+02 3.978775e-25
1.068258e+02 3.976400e-25
1.070722e+02 3.974029e-25
1.073191e+02 3.971664e-25
1.075665e+02 3.969304e-25
1.078146e+02 3.966949e-25
1.080632e+02 3.964599e-25
1.083124e+02 3.962254e-25
1.085622e+02 3.959915e-25
1.088125e+02 3.957580e-25
1.090634e+02 3.955251e-25
1.093149e+02 3.952926e-25
1.095670e+02 3.950607e-25
1.098197e+02 3.948292e-25
1.100729e+02 3.945983e-25
1.103268e+02 3.943679e-25
1.105812e+02 3.941380e-25
1.108362e+02 3.939085e-25
1.110918e+02 3.936796e-25
1.113480e+02 3.934512e-25
1.116047e+02 3.932233e-25
1.118621e+02 3.929959e-25
1.121200e+02 3.927690e-25
1.123786e+02 3.925425e-25
1.126377e+02 3.923166e-25
1.128975e+02 3.920912e-25
1.131578e+02 3.918663e-25
1.134188e+02 3.916418e-25
1.136803e+02 3.914179e-25
1.139425e+02 3.911944e-25
1.142052e+02 3.909715e-25
1.144686e+02 3.907490e-25
1.147325e+02 3.905271e-25
1.149971e+02 3.903056e-25
1.152623e+02 3.900846e-25
1.155281e+02 3.898641e-25
1.157945e+02 3.896441e-25
1.160615e+02 3.894246e-25
1.163292e+02 3.892056e-25
1.165974e+02 3.889871e-25
1.168663e+02 3.887690e-25
1.171358e+02 3.885515e-25
1.174059e+02 3.883344e-25
1.176766e+02 3.881178e-25
1.179480e+02 3.879017e-25
1.182200e+02 3.876861e-25
1.184926e+02 3.874710e-25
1.187658e+02 3.872564e-25
1.190397e+02 3.870422e-25
1.193142e+02 3.868285e-25
1.195894e+02 3.866153e-25
1.198651e+02 3.864026e-25
1.201416e+02 3.861904e-25
1.204186e+02 3.859787e-25
1.206963e+02 3.857674e-25
1.209746e+02 3.855566e-25
1.212536e+02 3.853463e-25
1.215332e+02 3.851365e-25
1.218134e+02 3.849271e-25
1.220943e+02 3.847183e-25
1.223759e+02 3.845099e-25
1.226581e+02 3.843020e-25
1.229410e+02 3.840946e-25
1.232245e+02 3.838876e-25
1.235086e+02 3.836811e-25
1.237934e+02 3.834751e-25
1.240789e+02 3.832696e-25
1.243650e+02 3.830646e-25
1.246518e+02 3.828600e-25
1.249393e+02 3.826559e-25
1.252274e+02 3.824523e-25
1.255161e+02 3.822491e-25
1.258056e+02 3.820465e-25
1.260957e+02 3.818443e-25
1.263865e+02 3.816426e-25
1.266779e+02 3.814413e-25
1.269700e+02 3.812405e-25
1.272628e+02 3.810402e-25
1.275563e+02 3.808404e-25
1.278504e+02 3.806410e-25
1.281453e+02 3.804422e-25
1.284408e+02 3.802437e-25
1.287370e+02 3.800458e-25
1.290338e+02 3.798483e-25
1.293314e+02 3.796513e-25
1.296296e+02 3.794548e-25
1.299285e+02 3.792587e-25
1.302282e+02 3.790631e-25
1.305285e+02 3.788680e-25
1.308295e+02 3.786734e-25
1.311312e+02 3.784792e-25
1.314335e+02 3.782855e-25
1.317366e+02 3.780922e-25
1.320404e+02 3.778995e-25
1.323449e+02 3.777072e-25
1.326501e+02 3.775153e-25
1.329560e+02 3.773240e-25
1.332626e+02 3.771331e-25
1.335699e+02 3.769426e-25
1.338779e+02 3.767527e-25
1.341866e+02 3.765632e-25
1.344961e+02 3.763741e-25
1.348062e+02 3.761856e-25
1.351171e+02 3.759975e-25
1.354287e+02 3.758098e-25
1.357410e+02 3.756227e-25
1.360540e+02 3.754360e-25
1.363677e+02 3.752498e-25
1.366822e+02 3.750640e-25
1.369974e+02 3.748787e-25
1.373133e+02 3.746939e-25
1.376299e+02 3.745095e-25
1.379473e+02 3.743256e-25
1.382654e+02 3.741422e-25
1.385843e+02 3.739592e-25
1.389038e+02 3.737768e-25
1.392241e+02 3.735947e-25
1.395452e+02 3.734132e-25
1.398670e+02 3.732321e-25
1.401895e+02 3.730514e-25
1.405128e+02 3.728713e-25
1.408368e+02 3.726916e-25
1.411616e+02 3.725123e-25
1.414871e+02 3.723336e-25
1.418134e+02 3.721553e-25
1.421404e+02 3.719774e-25
1.424682e+02 3.718001e-25
1.427967e+02 3.716231e-25
1.431260e+02 3.714467e-25
1.434561e+02 3.712707e-25
1.437869e+02 3.710952e-25
1.441184e+02 3.709202e-25
1.444508e+02 3.707456e-25
1.447839e+02 3.705715e-25
1.451178e+02 3.703979e-25
1.454524e+02 3.702247e-25
1.457878e+02 3.700520e-25
1.461240e+02 3.698797e-25
1.464610e+02 3.697079e-25
1.467987e+02 3.695366e-25
1.471372e+02 3.693658e-25
1.474765e+02 3.691954e-25
1.478166e+02 3.690255e-25
1.481575e+02 3.688560e-25
1.484991e+02 3.686870e-25
1.488416e+02 3.685185e-25
1.491848e+02 3.683505e-25
1.495288e+02 3.681829e-25
1.498736e+02 3.680158e-25
1.502192e+02 3.678491e-25
1.505657e+02 3.676829e-25
1.509129e+02 3.675172e-25
1.512609e+02 3.673520e-25
1.516097e+02 3.671872e-25
1.519593e+02 3.670229e-25
1.523097e+02 3.668590e-25
1.526609e+02 3.666957e-25
1.530130e+02 3.665328e-25
1.533658e+02 3.663703e-25
1.537195e+02 3.662084e-25
1.540740e+02 3.660469e-25
1.544293e+02 3.658858e-25
1.547854e+02 3.657253e-25
1.551423e+02 3.655652e-25
1.555001e+02 3.654055e-25
1.558587e+02 3.652464e-25
1.562181e+02 3.650877e-25
1.565783e+02 3.649295e-25
1.569394e+02 3.647718e-25
1.573013e+02 3.646145e-25
1.576640e+02 3.644577e-25
1.580276e+02 3.643013e-25
1.583920e+02 3.641455e-25
1.587573e+02 3.639901e-25
1.591233e+02 3.638352e-25
1.594903e+02 3.636807e-25
1.598581e+02 3.635268e-25
1.602267e+02 3.633733e-25
1.605962e+02 3.632203e-25
1.609665e+02 3.630677e-25
1.613377e+02 3.629156e-25
1.617098e+02 3.627640e-25
1.620827e+02 3.626129e-25
1.624564e+02 3.624622e-25
1.628311e+02 3.623121e-25
1.632065e+02 3.621623e-25
1.635829e+02 3.620131e-25
1.639601e+02 3.618644e-25
1.643382e+02 3.617161e-25
1.647172e+02 3.615683e-25
1.650970e+02 3.614210e-25
1.654777e+02 3.612741e-25
1.658593e+02 3.611277e-25
1.662418e+02 3.609818e-25
1.666252e+02 3.608364e-25
1.670094e+02 3.606915e-25
1.673945e+02 3.605470e-25
1.677805e+02 3.604031e-25
1.681674e+02 3.602596e-25
1.685552e+02 3.601165e-25
1.689439e+02 3.599740e-25
1.693335e+02 3.598320e-25
1.697240e+02 3.596904e-25
1.701154e+02 3.595493e-25
1.705077e+02 3.594087e-25
1.709009e+02 3.592685e-25
1.712950e+02 3.591289e-25
1.716900e+02 3.589897e-25
1.720859e+02 3.588511e-25
1.724827e+02 3.587129e-25
1.728805e+02 3.585752e-25
1.732791e+02 3.584379e-25
1.736787e+02 3.583012e-25
1.740792e+02 3.581650e-25
1.744806e+02 3.580292e-25
1.748830e+02 3.578939e-25
1.752863e+02 3.577591e-25
1.756905e+02 3.576248e-25
1.760956e+02 3.574910e-25
1.765017e+02 3.573577e-25
1.769087e+02 3.572249e-25
1.773167e+02 3.570925e-25
1.777256e+02 3.569607e-25
1.781354e+02 3.568293e-25
1.785462e+02 3.566984e-25
1.789579e+02 3.565681e-25
1.793706e+02 3.564382e-25
1.797842e+02 3.563088e-25
1.801988e+02 3.561799e-25
1.806143e+02 3.560515e-25
1.810308e+02 3.559236e-25
1.814483e+02 3.557962e-25
1.818667e+02 3.556692e-25
1.822861e+02 3.555428e-25
1.827065e+02 3.554169e-25
1.831278e+02 3.552915e-25
1.835501e+02 3.551666e-25
1.839734e+02 3.550421e-25
1.843976e+02 3.549182e-25
1.848228e+02 3.547948e-25
1.852490e+02 3.546719e-25
1.856762e+02 3.545494e-25
1.861044e+02 3.544275e-25
1.865335e+02 3.543061e-25
1.869637e+02 3.541852e-25
1.873948e+02 3.540648e-25
1.878270e+02 3.539449e-25
1.882601e+02 3.538255e-25
1.886942e+02 3.537066e-25
1.891293e+02 3.535882e-25
1.895655e+02 3.534703e-25
1.900026e+02 3.533530e-25
1.904408e+02 3.532361e-25
1.908799e+02 3.531198e-25
1.913201e+02 3.530039e-25
1.917613e+02 3.528886e-25
1.922035e+02 3.527738e-25
1.926467e+02 3.526595e-25
1.930910e+02 3.525457e-25
1.935362e+02 3.524324e-25
1.939825e+02 3.523196e-25
1.944298e+02 3.522074e-25
1.948782e+02 3.520957e-25
1.953276e+02 3.519844e-25
1.957780e+02 3.518738e-25
1.962295e+02 3.517636e-25
1.966820e+02 3.516539e-25
1.971355e+02 3.515448e-25
1.975901e+02 3.514362e-25
1.980458e+02 3.513281e-25
1.985025e+02 3.512205e-25
1.989602e+02 3.511135e-25
1.994190e+02 3.510069e-25
1.998789e+02 3.509009e-25
2.003398e+02 3.507955e-25
2.008018e+02 3.506905e-25
2.012648e+02 3.505861e-25
2.017290e+02 3.504822e-25
2.021942e+02 3.503788e-25
2.026604e+02 3.502760e-25
2.031277e+02 3.501737e-25
2.035962e+02 3.500719e-25
2.040657e+02 3.499707e-25
2.045362e+02 3.498700e-25
2.050079e+02 3.497698e-25
2.054806e+02 3.496702e-25
2.059545e+02 3.495711e-25
2.064294e+02 3.494725e-25
2.069054e+02 3.493745e-25
2.073826e+02 3.492770e-25
2.078608e+02 3.491801e-25
2.083401e+02 3.490837e-25
2.088206e+02 3.489878e-25
2.093021e+02 3.488925e-25
2.097848e+02 3.487977e-25
2.102685e+02 3.487035e-25
2.107534e+02 3.486098e-25
2.112394e+02 3.485167e-25
2.117265e+02 3.484241e-25
2.122148e+02 3.483321e-25
2.127041e+02 3.482406e-25
2.131946e+02 3.481496e-25
2.136863e+02 3.480592e-25
2.141790e+02 3.479694e-25
2.146729e+02 3.478801e-25
2.151680e+02 3.477914e-25
2.156641e+02 3.477032e-25
2.161615e+02 3.476156e-25
2.166599e+02 3.475285e-25
2.171595e+02 3.474420e-25
2.176603e+02 3.473561e-25
2.181622e+02 3.472707e-25
2.186653e+02 3.471859e-25
2.191696e+02 3.471016e-25
2.196750e+02 3.470179e-25
2.201816e+02 3.469348e-25
2.206893e+02 3.468522e-25
2.211982e+02 3.467702e-25
2.217083e+02 3.466888e-25
2.222195e+02 3.466079e-25
2.227320e+02 3.465276e-25
2.232456e+02 3.464479e-25
2.237604e+02 3.463688e-25
2.242764e+02 3.462902e-25
2.247936e+02 3.462122e-25
2.253120e+02 3.461348e-25
2.258315e+02 3.460579e-25
2.263523e+02 3.459817e-25
2.268743e+02 3.459060e-25
2.273975e+02 3.458309e-25
2.279218e+02 3.457564e-25
2.284474e+02 3.456824e-25
2.289742e+02 3.456091e-25
2.295022e+02 3.455363e-25
2.300315e+02 3.454641e-25
2.305619e+02 3.453925e-25
2.310936e+02 3.453215e-25
2.316265e+02 3.452511e-25
2.321606e+02 3.451813e-25
2.326960e+02 3.451121e-25
2.332326e+02 3.450434e-25
2.337704e+02 3.449754e-25
2.343095e+02 3.449079e-25
2.348498e+02 3.448411e-25
2.353914e+02 3.447748e-25
2.359342e+02 3.447092e-25
2.364783e+02 3.446442e-25
2.370236e+02 3.445797e-25
2.375702e+02 3.445159e-25
2.381180e+02 3.444526e-25
2.386671e+02 3.443900e-25
2.392175e+02 3.443280e-25
2.397691e+02 3.442666e-25
2.403220e+02 3.442058e-25
2.408762e+02 3.441456e-25
2.414317e+02 3.440860e-25
2.419884e+02 3.440271e-25
2.425465e+02 3.439687e-25
2.431058e+02 3.439110e-25
2.436664e+02 3.438539e-25
2.442283e+02 3.437974e-25
2.447915e+02 3.437416e-25
2.453560e+02 3.436863e-25
2.459217e+02 3.436317e-25
2.464888e+02 3.435777e-25
2.470572e+02 3.435244e-25
2.476270e+02 3.434716e-25
2.481980e+02 3.434195e-25
2.487703e+02 3.433681e-25
2.493440e+02 3.433172e-25
2.499190e+02 3.432670e-25
2.504953e+02 3.432175e-25
2.510730e+02 3.431686e-25
2.516519e+02 3.431203e-25
2.522322e+02 3.430726e-25
2.528139e+02 3.430256e-25
2.533969e+02 3.429793e-25
2.539812e+02 3.429335e-25
2.545669e+02 3.428885e-25
2.551539e+02 3.428441e-25
2.557423e+02 3.428003e-25
2.563321e+02 3.427572e-25
2.569232e+02 3.427147e-25
2.575156e+02 3.426729e-25
2.581095e+02 3.426317e-25
2.587047e+02 3.425912e-25
2.593012e+02 3.425514e-25
2.598992e+02 3.425122e-25
2.604985e+02 3.424737e-25
2.610992e+02 3.424358e-25
2.617013e+02 3.423986e-25
2.623048e+02 3.423621e-25
2.629097e+02 3.423263e-25
2.635160e+02 3.422911e-25
2.641236e+02 3.422566e-25
2.647327e+02 3.422227e-25
2.653432e+02 3.421896e-25
2.659551e+02 3.421571e-25
2.665684e+02 3.421253e-25
2.671831e+02 3.420942e-25
2.677992e+02 3.420637e-25
2.684167e+02 3.420339e-25
2.690357e+02 3.420049e-25
2.696561e+02 3.419765e-25
2.702779e+02 3.419488e-25
2.709012e+02 3.419218e-25
2.715259e+02 3.418954e-25
2.721520e+02 3.418698e-25
2.727796e+02 3.418449e-25
2.734087e+02 3.418207e-25
2.740391e+02 3.417971e-25
2.746711e+02 3.417743e-25
2.753045e+02 3.417522e-25
2.759393e+02 3.417307e-25
2.765756e+02 3.417100e-25
2.772134e+02 3.416900e-25
2.778527e+02 3.416707e-25
2.784934e+02 3.416521e-25
2.791356e+02 3.416342e-25
2.797793e+02 3.416171e-25
2.804245e+02 3.416006e-25
2.810712e+02 3.415849e-25
2.817193e+02 3.415699e-25
2.823690e+02 3.415556e-25
2.830201e+02 3.415420e-25
2.836727e+02 3.415292e-25
2.843269e+02 3.415171e-25
2.849826e+02 3.415057e-25
2.856397e+02 3.414951e-25
2.862984e+02 3.414852e-25
2.869586e+02 3.414760e-25
2.876203e+02 3.414676e-25
2.882836e+02 3.414599e-25
2.889484e+02 3.414529e-25
2.896147e+02 3.414467e-25
2.902826e+02 3.414412e-25
2.909520e+02 3.414365e-25
2.916229e+02 3.414325e-25
2.922954e+02 3.414293e-25
2.929694e+02 3.414268e-25
2.936450e+02 3.414251e-25
2.943221e+02 3.414242e-25
2.950009e+02 3.414240e-25
2.956811e+02 3.414245e-25
2.963630e+02 3.414259e-25
2.970464e+02 3.414280e-25
2.977314e+02 3.414308e-25
2.984179e+02 3.414345e-25
2.991061e+02 3.414389e-25
2.997958e+02 3.414440e-25
3.004872e+02 3.414500e-25
3.011801e+02 3.414567e-25
3.018746e+02 3.414642e-25
3.025708e+02 3.414725e-25
3.032685e+02 3.414816e-25
3.039678e+02 3.414914e-25
3.046688e+02 3.415021e-25
3.053713e+02 3.415135e-25
3.060755e+02 3.415258e-25
3.067813e+02 3.415388e-25
3.074888e+02 3.415526e-25
3.081979e+02 3.415672e-25
3.089086e+02 3.415826e-25
3.096209e+02 3.415989e-25
3.103349e+02 3.416159e-25
3.110505e+02 3.416337e-25
3.117678e+02 3.416524e-25
3.124868e+02 3.416718e-25
3.132073e+02 3.416921e-25
3.139296e+02 3.417132e-25
3.146535e+02 3.417351e-25
3.153791e+02 3.417578e-25
3.161064e+02 3.417814e-25
3.168353e+02 3.418057e-25
3.175660e+02 3.418309e-25
3.182983e+02 3.418570e-25
3.190323e+02 3.418838e-25
3.197680e+02 3.419115e-25
3.205053e+02 3.419401e-25
3.212444e+02 3.419694e-25
3.219852e+02 3.419997e-25
3.227277e+02 3.420307e-25
3.234719e+02 3.420626e-25
3.242179e+02 3.420954e-25
3.249655e+02 3.421290e-25
3.257149e+02 3.421634e-25
3.264660e+02 3.421987e-25
3.272188e+02 3.422349e-25
3.279734e+02 3.422719e-25
3.287297e+02 3.423098e-25
3.294878e+02 3.423486e-25
3.302476e+02 3.423882e-25
3.310091e+02 3.424287e-25
3.317724e+02 3.424701e-25
3.325375e+02 3.425123e-25
3.333043e+02 3.425555e-25
3.340729e+02 3.425995e-25
3.348433e+02 3.426443e-25
3.356155e+02 3.426901e-25
3.363894e+02 3.427368e-25
3.371651e+02 3.427843e-25
3.379426e+02 3.428328e-25
3.387219e+02 3.428821e-25
3.395030e+02 3.429323e-25
3.402859e+02 3.429835e-25
3.410706e+02 3.430355e-25
3.418571e+02 3.430884e-25
3.426454e+02 3.431423e-25
3.434356e+02 3.431970e-25
3.442275e+02 3.432527e-25
3.450213e+02 3.433093e-25
3.458170e+02 3.433668e-25
3.466144e+02 3.434252e-25
3.474137e+02 3.434846e-25
3.482148e+02 3.435448e-25
3.490178e+02 3.436060e-25
3.498227e+02 3.436682e-25
3.506294e+02 3.437313e-25
3.514379e+02 3.437953e-25
3.522483e+02 3.438602e-25
3.530606e+02 3.439261e-25
3.538748e+02 3.439930e-25
3.546908e+02 3.440607e-25
3.555087e+02 3.441295e-25
3.563285e+02 3.441992e-25
3.571502e+02 3.442698e-25
3.579738e+02 3.443414e-25
3.587993e+02 3.444140e-25
3.596267e+02 3.444876e-25
3.604560e+02 3.445621e-25
3.612872e+02 3.446376e-25
3.621204e+02 3.447140e-25
3.629554e+02 3.447915e-25
3.637924e+02 3.448699e-25
3.646313e+02 3.449493e-25
3.654721e+02 3.450297e-25
3.663149e+02 3.451111e-25
3.671597e+02 3.451934e-25
3.680063e+02 3.452768e-25
3.688550e+02 3.453612e-25
3.697055e+02 3.454466e-25
3.705581e+02 3.455330e-25
3.714126e+02 3.456204e-25
3.722691e+02 3.457088e-25
3.731275e+02 3.457982e-25
3.739880e+02 3.458887e-25
3.748504e+02 3.459802e-25
3.757148e+02 3.460727e-25
3.765812e+02 3.461663e-25
3.774496e+02 3.462609e-25
3.783200e+02 3.463565e-25
3.791924e+02 3.464532e-25
3.800668e+02 3.465509e-25
3.809433e+02 3.466497e-25
3.818217e+02 3.467496e-25
3.827022e+02 3.468505e-25
3.835847e+02 3.469525e-25
3.844693e+02 3.470556e-25
3.853558e+02 3.471598e-25
3.862445e+02 3.472650e-25
3.871352e+02 3.473714e-25
3.880279e+02 3.474788e-25
3.889227e+02 3.475874e-25
3.898196e+02 3.476971e-25
3.907185e+02 3.478079e-25
3.916195e+02 3.479198e-25
3.925226e+02 3.480329e-25
3.934277e+02 3.481472e-25
3.943350e+02 3.482626e-25
3.952443e+02 3.483792e-25
3.961557e+02 3.484970e-25
3.970693e+02 3.486160e-25
3.979849e+02 3.487362e-25
3.989027e+02 3.488577e-25
3.998226e+02 3.489805e-25
4.007445e+02 3.491045e-25
4.016687e+02 3.492299e-25
4.025949e+02 3.493567e-25
4.035233e+02 3.494848e-25
4.044538e+02 3.496144e-25
4.053865e+02 3.497454e-25
4.063213e+02 3.498781e-25
4.072583e+02 3.500123e-25
4.081975e+02 3.501483e-25
4.091388e+02 3.502860e-25
4.100822e+02 3.504257e-25
4.110279e+02 3.505676e-25
4.119757e+02 3.507117e-25
4.129257e+02 3.508583e-25
4.138780e+02 3.510079e-25
4.148324e+02 3.511607e-25
4.157890e+02 3.513173e-25
4.167478e+02 3.514784e-25
4.177088e+02 3.516450e-25
4.186720e+02 3.518185e-25
4.196375e+02 3.520007e-25
4.206052e+02 3.521944e-25
4.215751e+02 3.524040e-25
4.225473e+02 3.526358e-25
4.235217e+02 3.529009e-25
4.244983e+02 3.532179e-25
4.254772e+02 3.536218e-25
4.264584e+02 3.541838e-25
4.274418e+02 3.550684e-25
4.284275e+02 3.567305e-25
4.294154e+02 3.608460e-25
4.304056e+02 3.781687e-25
4.313982e+02 8.879936e-25
4.323930e+02 4.055482e-25
4.333901e+02 3.646137e-25
4.343895e+02 3.584608e-25
4.353912e+02 3.565764e-25
4.363952e+02 3.558339e-25
4.374015e+02 3.555214e-25
4.384102e+02 3.554063e-25
4.394212e+02 3.553946e-25
4.404345e+02 3.554424e-25
4.414501e+02 3.555272e-25
4.424681e+02 3.556363e-25
4.434884e+02 3.557620e-25
4.445111e+02 3.558999e-25
4.455362e+02 3.560467e-25
4.465636e+02 3.562005e-25
4.475934e+02 3.563599e-25
4.486255e+02 3.565238e-25
4.496600e+02 3.566915e-25
4.506970e+02 3.568625e-25
4.517363e+02 3.570364e-25
4.527780e+02 3.572129e-25
4.538221e+02 3.573917e-25
4.548686e+02 3.575727e-25
4.559175e+02 3.577556e-25
4.569689e+02 3.579405e-25
4.580227e+02 3.581272e-25
4.590789e+02 3.583156e-25
4.601375e+02 3.585057e-25
4.611986e+02 3.586974e-25
4.622621e+02 3.588907e-25
4.633281e+02 3.590855e-25
4.643965e+02 3.592819e-25
4.654674e+02 3.594797e-25
4.665408e+02 3.596790e-25
4.676166e+02 3.598798e-25
4.686950e+02 3.600820e-25
4.697758e+02 3.602857e-25
4.708591e+02 3.604907e-25
4.719449e+02 3.606973e-25
4.730332e+02 3.609052e-25
4.741240e+02 3.611145e-25
4.752174e+02 3.613252e-25
4.763132e+02 3.615374e-25
4.774116e+02 3.617509e-25
4.785125e+02 3.619659e-25
4.796160e+02 3.621822e-25
4.807220e+02 3.623999e-25
4.818305e+02 3.626191e-25
4.829416e+02 3.628396e-25
4.840553e+02 3.630615e-25
4.851715e+02 3.632849e-25
4.862903e+02 3.635096e-25
4.874117e+02 3.637358e-25
4.885357e+02 3.639633e-25
4.896623e+02 3.641923e-25
4.907914e+02 3.644226e-25
4.919232e+02 3.646544e-25
4.930576e+02 3.648876e-25
4.941946e+02 3.651223e-25
4.953342e+02 3.653586e-25
4.964764e+02 3.655947e-25
4.976213e+02 3.658343e-25
4.987688e+02 3.660747e-25
4.999190e+02 3.663164e-25
5.010718e+02 3.665596e-25
5.022273e+02 3.668042e-25
5.033854e+02 3.670503e-25
5.045462e+02 3.672978e-25
5.057097e+02 3.675467e-25
5.068759e+02 3.677971e-25
5.080447e+02 3.680489e-25
5.092163e+02 3.683022e-25
5.103906e+02 3.685570e-25
5.115675e+02 3.688132e-25
5.127472e+02 3.690709e-25
5.139296e+02 3.693300e-25
5.151147e+02 3.695907e-25
5.163026e+02 3.698528e-25
5.174932e+02 3.701163e-25
5.186865e+02 3.703814e-25
5.198826e+02 3.706480e-25
5.210815e+02 3.709160e-25
5.222831e+02 3.711856e-25
5.234875e+02 3.714566e-25
5.246946e+02 3.717292e-25
5.259046e+02 3.720032e-25
5.271173e+02 3.722788e-25
5.283329e+02 3.725559e-25
5.295512e+02 3.728345e-25
5.307724e+02 3.731146e-25
5.319963e+02 3.733962e-25
5.332231e+02 3.736794e-25
5.344527e+02 3.739641e-25
5.356852e+02 3.742504e-25
5.369205e+02 3.745381e-25
5.381586e+02 3.748275e-25
5.393996e+02 3.751184e-25
5.406435e+02 3.754108e-25
5.418902e+02 3.757048e-25
5.431398e+02 3.760003e-25
5.443923e+02 3.762974e-25
5.456477e+02 3.765961e-25
5.469059e+02 3.768964e-25
5.481671e+02 3.771982e-25
5.494312e+02 3.775016e-25
5.506982e+02 3.778066e-25
5.519681e+02 3.781132e-25
5.532409e+02 3.784214e-25
5.545167e+02 3.787311e-25
5.557954e+02 3.790425e-25
5.570771e+02 3.793555e-25
5.583617e+02 3.796701e-25
5.596493e+02 3.799863e-25
5.609399e+02 3.803041e-25
5.622334e+02 3.806235e-25
5.635299e+02 3.809445e-25
5.648294e+02 3.812672e-25
5.661319e+02 3.815915e-25
5.674374e+02 3.819175e-25
5.687459e+02 3.822451e-25
5.700575e+02 3.825743e-25
5.713720e+02 3.829052e-25
5.726896e+02 3.832377e-25
5.740102e+02 3.835719e-25
5.753339e+02 3.839078e-25
5.766606e+02 3.842453e-25
5.779904e+02 3.845845e-25
5.793233e+02 3.849253e-25
5.806592e+02 3.852679e-25
5.819982e+02 3.856121e-25
5.833403e+02 3.859580e-25
5.846855e+02 3.863056e-25
5.860338e+02 3.866549e-25
5.873852e+02 3.870058e-25
5.887397e+02 3.873585e-25
5.900973e+02 3.877129e-25
5.914581e+02 3.880690e-25
5.928220e+02 3.884268e-25
5.941890e+02 3.887864e-25
5.955593e+02 3.891476e-25
5.969326e+02 3.895106e-25
5.983091e+02 3.898753e-25
5.996889e+02 3.902418e-25
6.010717e+02 3.906100e-25
6.024578e+02 3.909799e-25
6.038471e+02 3.913516e-25
6.052396e+02 3.917251e-25
6.066353e+02 3.921003e-25
6.080342e+02 3.924772e-25
6.094363e+02 3.928559e-25
6.108417e+02 3.932364e-25
6.122503e+02 3.936187e-25
6.136621e+02 3.940028e-25
6.150772e+02 3.943886e-25
6.164956e+02 3.947762e-25
6.179172e+02 3.951656e-25
6.193422e+02 3.955568e-25
6.207704e+02 3.959498e-25
6.222019e+02 3.963446e-25
6.236367e+02 3.967412e-25
6.250748e+02 3.971397e-25
6.265162e+02 3.975399e-25
6.279610e+02 3.979420e-25
6.294090e+02 3.983459e-25
6.308605e+02 3.987516e-25
6.323152e+02 3.991592e-25
6.337734e+02 3.995686e-25
6.352348e+02 3.999798e-25
6.366997e+02 4.003929e-25
6.381679e+02 4.008079e-25
6.396396e+02 4.012247e-25
6.411146e+02 4.016433e-25
6.425930e+02 4.020639e-25
6.440748e+02 4.024863e-25
6.455600e+02 4.029105e-25
6.470487e+02 4.033367e-25
6.485408e+02 4.037647e-25
6.500364e+02 4.041947e-25
6.515353e+02 4.046265e-25
6.530378e+02 4.050602e-25
6.545437e+02 4.054958e-25
6.560531e+02 4.059334e-25
6.575659e+02 4.063728e-25
6.590823e+02 4.068141e-25
6.606021e+02 4.072574e-25
6.621255e+02 4.077026e-25
6.636524e+02 4.081497e-25
6.651828e+02 4.085988e-25
6.667167e+02 4.090498e-25
6.682541e+02 4.095027e-25
6.697951e+02 4.099576e-25
6.713397e+02 4.104145e-25
6.728878e+02 4.108733e-25
6.744395e+02 4.113340e-25
6.759947e+02 4.117967e-25
6.775536e+02 4.122614e-25
6.791160e+02 4.127281e-25
6.806821e+02 4.131967e-25
6.822517e+02 4.136674e-25
6.838250e+02 4.141400e-25
6.854019e+02 4.146146e-25
6.869825e+02 4.150912e-25
6.885666e+02 4.155698e-25
6.901545e+02 4.160504e-25
6.917460e+02 4.165331e-25
6.933412e+02 4.170177e-25
6.949400e+02 4.175044e-25
6.965425e+02 4.179931e-25
6.981488e+02 4.184838e-25
6.997587e+02 4.189766e-25
7.013724e+02 4.194714e-25
7.029897e+02 4.199682e-25
7.046108e+02 4.204671e-25
7.062357e+02 4.209680e-25
7.078643e+02 4.214711e-25
7.094966e+02 4.219761e-25
7.111327e+02 4.224833e-25
7.127726e+02 4.229925e-25
7.144162e+02 4.235038e-25
7.160637e+02 4.240171e-25
7.177149e+02 4.245326e-25
7.193700e+02 4.250502e-25
7.210289e+02 4.255698e-25
7.226916e+02 4.260916e-25
7.243581e+02 4.266154e-25
7.260285e+02 4.271414e-25
7.277027e+02 4.276695e-25
7.293808e+02 4.281997e-25
7.310627e+02 4.287321e-25
7.327486e+02 4.292665e-25
7.344383e+02 4.298031e-25
7.361319e+02 4.303419e-25
7.378294e+02 4.308828e-25
7.395309e+02 4.314258e-25
7.412363e+02 4.319710e-25
7.429455e+02 4.325184e-25
7.446588e+02 4.330679e-25
7.463760e+02 4.336196e-25
7.480971e+02 4.341735e-25
7.498222e+02 4.347296e-25
7.515513e+02 4.352878e-25
7.532844e+02 4.358482e-25
7.550215e+02 4.364109e-25
7.567626e+02 4.369757e-25
7.585077e+02 4.375428e-25
7.602568e+02 4.381120e-25
7.620100e+02 4.386835e-25
7.637672e+02 4.392572e-25
7.655284e+02 4.398331e-25
7.672937e+02 4.404113e-25
7.690631e+02 4.409916e-25
7.708366e+02 4.415743e-25
7.726141e+02 4.421592e-25
7.743958e+02 4.427463e-25
7.761816e+02 4.433357e-25
7.779714e+02 4.439274e-25
7.797654e+02 4.445213e-25
7.815636e+02 4.451175e-25
7.833659e+02 4.457160e-25
7.851723e+02 4.463168e-25
7.869829e+02 4.469198e-25
7.887977e+02 4.475252e-25
7.906167e+02 4.481329e-25
7.924399e+02 4.487429e-25
7.942672e+02 4.493552e-25
7.960988e+02 4.499698e-25
7.979346e+02 4.505868e-25
7.997747e+02 4.512061e-25
8.016190e+02 4.518278e-25
8.034675e+02 4.524518e-25
8.053203e+02 4.530782e-25
8.071774e+02 4.537069e-25
8.090387e+02 4.543381e-25
8.109044e+02 4.549716e-25
8.127744e+02 4.556076e-25
8.146486e+02 4.562460e-25
8.165272e+02 4.568869e-25
8.184101e+02 4.575302e-25
8.202974e+02 4.581761e-25
8.221890e+02 4.588245e-25
8.240850e+02 4.594755e-25
8.259853e+02 4.601292e-25
8.278900e+02 4.607857e-25
8.297992e+02 4.614452e-25
8.317127e+02 4.621078e-25
8.336306e+02 4.627740e-25
8.355530e+02 4.634444e-25
8.374798e+02 4.641201e-25
8.394110e+02 4.648033e-25
8.413467e+02 4.654985e-25
8.432868e+02 4.662175e-25
8.452315e+02 4.669963e-25
8.471806e+02 4.680019e-25
8.491342e+02 4.711998e-25
8.510923e+02 4.891804e-25
8.530549e+02 4.704606e-25
8.550221e+02 4.704879e-25
8.569938e+02 4.710234e-25
8.589700e+02 4.716577e-25
8.609508e+02 4.723251e-25
8.629361e+02 4.730078e-25
8.649261e+02 4.736993e-25
8.669206e+02 4.743966e-25
8.689197e+02 4.750985e-25
8.709235e+02 4.758042e-25
8.729318e+02 4.765132e-25
8.749448e+02 4.772252e-25
8.769624e+02 4.779403e-25
8.789847e+02 4.786581e-25
8.810117e+02 4.793788e-25
8.830433e+02 4.801021e-25
8.850796e+02 4.808282e-25
8.871206e+02 4.815569e-25
8.891663e+02 4.822882e-25
8.912167e+02 4.830222e-25
8.932719e+02 4.837589e-25
8.953318e+02 4.844981e-25
8.973964e+02 4.852400e-25
8.994658e+02 4.859846e-25
9.015400e+02 4.867317e-25
9.036189e+02 4.874815e-25
9.057027e+02 4.882340e-25
9.077913e+02 4.889890e-25
9.098846e+02 4.897468e-25
9.119828e+02 4.905071e-25
9.140859e+02 4.912702e-25
9.161938e+02 4.920359e-25
9.183065e+02 4.928042e-25
9.204241e+02 4.935752e-25
9.225466e+02 4.943489e-25
9.246740e+02 4.951253e-25
9.268063e+02 4.959043e-25
9.289436e+02 4.966861e-25
9.310857e+02 4.974705e-25
9.332328e+02 4.982577e-25
9.353848e+02 4.990475e-25
9.375419e+02 4.998401e-25
9.397038e+02 5.006354e-25
9.418708e+02 5.014334e-25
9.440428e+02 5.022341e-25
9.462197e+02 5.030376e-25
9.484017e+02 5.038438e-25
9.505887e+02 5.046527e-25
9.527808e+02 5.054644e-25
9.549779e+02 5.062789e-25
9.571801e+02 5.070962e-25
9.593874e+02 5.079162e-25
9.615997e+02 5.087390e-25
9.638172e+02 5.095645e-25
9.660398e+02 5.103929e-25
9.682674e+02 5.112241e-25
9.705003e+02 5.120580e-25
9.727383e+02 5.128948e-25
9.749814e+02 5.137344e-25
9.772297e+02 5.145768e-25
9.794832e+02 5.154221e-25
9.817419e+02 5.162702e-25
9.840058e+02 5.171211e-25
9.862749e+02 5.179749e-25
9.885493e+02 5.188315e-25
9.908289e+02 5.196910e-25
9.931138e+02 5.205533e-25
9.954039e+02 5.214186e-25
9.976993e+02 5.222867e-25