1.000000e+00 4.456562e-17
1.002306e+00 4.633448e-17
1.004617e+00 4.822453e-17
1.006934e+00 5.024346e-17
1.009256e+00 5.239952e-17
1.011583e+00 5.485166e-17
1.013916e+00 5.746851e-17
1.016254e+00 6.019771e-17
1.018598e+00 6.297553e-17
1.020947e+00 6.564834e-17
1.023301e+00 6.864846e-17
1.025661e+00 7.183307e-17
1.028026e+00 7.503024e-17
1.030396e+00 7.728871e-17
1.032773e+00 7.836481e-17
1.035154e+00 7.849514e-17
1.037541e+00 7.796011e-17
1.039934e+00 7.692547e-17
1.042332e+00 7.566587e-17
1.044735e+00 7.420969e-17
1.047145e+00 7.258556e-17
1.049559e+00 6.953977e-17
1.051980e+00 6.582339e-17
1.054406e+00 6.179736e-17
1.056837e+00 5.776715e-17
1.059274e+00 5.426547e-17
1.061717e+00 5.101977e-17
1.064165e+00 4.796111e-17
1.066619e+00 4.503387e-17
1.069079e+00 4.231146e-17
1.071544e+00 3.983257e-17
1.074015e+00 3.756770e-17
1.076492e+00 3.549120e-17
1.078974e+00 3.358200e-17
1.081462e+00 3.181417e-17
1.083956e+00 3.017870e-17
1.086456e+00 2.866713e-17
1.088961e+00 2.728545e-17
1.091472e+00 2.600012e-17
1.093989e+00 2.480301e-17
1.096512e+00 2.368679e-17
1.099040e+00 2.265577e-17
1.101575e+00 2.169104e-17
1.104115e+00 2.078739e-17
1.106661e+00 1.994006e-17
1.109213e+00 1.915199e-17
1.111771e+00 1.840945e-17
1.114335e+00 1.770924e-17
1.116904e+00 1.704839e-17
1.119480e+00 1.643029e-17
1.122062e+00 1.584526e-17
1.124649e+00 1.529088e-17
1.127242e+00 1.476490e-17
1.129842e+00 1.426938e-17
1.132447e+00 1.379850e-17
1.135059e+00 1.335063e-17
1.137676e+00 1.292427e-17
1.140300e+00 1.252076e-17
1.142929e+00 1.213565e-17
1.145565e+00 1.176833e-17
1.148207e+00 1.141871e-17
1.150854e+00 1.109103e-17
1.153508e+00 1.080551e-17
1.156168e+00 4.551406e-17
1.158834e+00 1.020946e-17
1.161507e+00 9.889839e-18
1.164185e+00 9.613322e-18
1.166870e+00 9.351961e-18
1.169560e+00 9.101881e-18
1.172257e+00 8.863039e-18
1.174961e+00 8.633380e-18
1.177670e+00 8.412344e-18
1.180386e+00 8.199454e-18
1.183108e+00 7.995297e-18
1.185836e+00 7.798272e-18
1.188571e+00 7.608109e-18
1.191312e+00 7.424551e-18
1.194059e+00 7.248161e-18
1.196812e+00 7.077637e-18
1.199572e+00 6.912716e-18
1.202338e+00 6.753146e-18
1.205111e+00 6.599499e-18
1.207890e+00 6.450749e-18
1.210675e+00 6.306682e-18
1.213467e+00 6.167099e-18
1.216265e+00 6.032365e-18
1.219070e+00 5.901728e-18
1.221881e+00 5.775031e-18
1.224699e+00 5.652125e-18
1.227523e+00 5.533336e-18
1.230354e+00 5.417979e-18
1.233191e+00 5.305940e-18
1.236035e+00 5.197110e-18
1.238885e+00 5.091795e-18
1.241742e+00 4.989424e-18
1.244605e+00 4.889892e-18
1.247475e+00 4.793096e-18
1.250352e+00 4.699293e-18
1.253235e+00 4.608022e-18
1.256125e+00 4.519202e-18
1.259022e+00 4.432753e-18
1.261925e+00 4.348915e-18
1.264835e+00 4.267262e-18
1.267752e+00 4.187725e-18
1.270676e+00 4.110235e-18
1.273606e+00 4.035015e-18
1.276543e+00 3.961711e-18
1.279486e+00 3.890263e-18
1.282437e+00 3.820613e-18
1.285394e+00 3.752914e-18
1.288358e+00 3.686775e-18
1.291329e+00 3.622089e-18
1.294307e+00 3.558862e-18
1.297292e+00 3.497514e-18
1.300283e+00 3.437568e-18
1.303282e+00 3.378910e-18
1.306287e+00 3.321431e-18
1.309300e+00 3.265036e-18
1.312319e+00 3.209555e-18
1.315345e+00 3.154983e-18
1.318378e+00 3.101305e-18
1.321418e+00 3.048615e-18
1.324466e+00 2.996799e-18
1.327520e+00 2.945783e-18
1.330581e+00 2.895491e-18
1.333649e+00 2.845904e-18
1.336725e+00 2.796902e-18
1.339807e+00 2.748418e-18
1.342897e+00 2.701022e-18
1.345994e+00 2.654738e-18
1.349098e+00 2.608967e-18
1.352209e+00 2.563631e-18
1.355327e+00 2.518646e-18
1.358452e+00 2.474037e-18
1.361585e+00 2.429587e-18
1.364725e+00 2.385195e-18
1.367872e+00 2.340751e-18
1.371026e+00 2.296231e-18
1.374188e+00 2.251405e-18
1.377356e+00 2.206145e-18
1.380533e+00 2.160317e-18
1.383716e+00 2.113867e-18
1.386907e+00 2.066570e-18
1.390105e+00 2.018293e-18
1.393311e+00 1.971726e-18
1.396524e+00 1.924754e-18
1.399744e+00 1.877028e-18
1.402972e+00 1.828490e-18
1.406207e+00 1.779096e-18
1.409450e+00 1.728867e-18
1.412700e+00 1.677739e-18
1.415958e+00 1.625722e-18
1.419223e+00 1.572854e-18
1.422496e+00 1.519232e-18
1.425776e+00 1.464903e-18
1.429064e+00 1.409984e-18
1.432359e+00 1.354615e-18
1.435662e+00 1.298982e-18
1.438973e+00 1.243238e-18
1.442291e+00 1.188448e-18
1.445617e+00 1.137174e-18
1.448951e+00 1.086448e-18
1.452292e+00 1.036401e-18
1.455641e+00 9.871811e-19
1.458998e+00 9.389291e-19
1.462362e+00 8.917862e-19
1.465735e+00 8.458599e-19
1.469115e+00 8.012556e-19
1.472502e+00 7.580636e-19
1.475898e+00 7.163642e-19
1.479301e+00 6.762100e-19
1.482713e+00 6.376445e-19
1.486132e+00 6.006960e-19
1.489559e+00 5.653810e-19
1.492994e+00 5.316971e-19
1.496437e+00 5.006136e-19
1.499888e+00 4.719604e-19
1.503346e+00 4.446992e-19
1.506813e+00 4.187956e-19
1.510288e+00 3.942131e-19
1.513770e+00 3.709114e-19
1.517261e+00 3.488481e-19
1.520760e+00 3.279766e-19
1.524267e+00 3.082506e-19
1.527782e+00 2.896226e-19
1.531305e+00 2.720450e-19
1.534836e+00 2.554695e-19
1.538375e+00 2.398488e-19
1.541923e+00 2.251362e-19
1.545479e+00 2.112861e-19
1.549043e+00 1.982539e-19
1.552615e+00 1.864739e-19
1.556195e+00 1.754892e-19
1.559784e+00 1.651331e-19
1.563380e+00 1.553722e-19
1.566986e+00 1.461746e-19
1.570599e+00 1.375098e-19
1.574221e+00 1.293487e-19
1.577851e+00 1.216632e-19
1.581490e+00 1.144270e-19
1.585137e+00 1.076151e-19
1.588792e+00 1.012038e-19
1.592456e+00 9.516994e-20
1.596128e+00 8.949206e-20
1.599809e+00 8.414973e-20
1.603498e+00 7.912313e-20
1.607195e+00 7.441012e-20
1.610902e+00 7.014146e-20
1.614616e+00 6.611632e-20
1.618340e+00 6.232091e-20
1.622072e+00 5.874230e-20
1.625812e+00 5.536814e-20
1.629561e+00 5.218652e-20
1.633319e+00 4.918696e-20
1.637085e+00 4.635984e-20
1.640861e+00 4.369477e-20
1.644644e+00 4.118201e-20
1.648437e+00 3.881322e-20
1.652238e+00 3.658074e-20
1.656048e+00 3.447673e-20
1.659867e+00 3.249359e-20
1.663695e+00 3.062443e-20
1.667531e+00 2.888504e-20
1.671377e+00 2.727994e-20
1.675231e+00 2.576399e-20
1.679094e+00 2.433144e-20
1.682966e+00 2.297842e-20
1.686847e+00 2.170138e-20
1.690737e+00 2.049545e-20
1.694636e+00 1.935660e-20
1.698544e+00 1.828112e-20
1.702460e+00 1.726486e-20
1.706386e+00 1.630468e-20
1.710321e+00 1.539839e-20
1.714265e+00 1.454305e-20
1.718218e+00 1.373535e-20
1.722181e+00 1.297264e-20
1.726152e+00 1.225244e-20
1.730132e+00 1.158548e-20
1.734122e+00 1.096106e-20
1.738121e+00 1.036934e-20
1.742129e+00 9.809668e-21
1.746147e+00 9.281405e-21
1.750173e+00 8.781757e-21
1.754209e+00 8.309188e-21
1.758254e+00 7.862234e-21
1.762309e+00 7.439522e-21
1.766373e+00 7.039741e-21
1.770446e+00 6.660122e-21
1.774529e+00 6.300806e-21
1.778621e+00 5.962342e-21
1.782722e+00 5.642447e-21
1.786833e+00 5.339941e-21
1.790954e+00 5.053886e-21
1.795084e+00 4.789879e-21
1.799223e+00 4.540216e-21
1.803372e+00 4.302159e-21
1.807531e+00 4.076170e-21
1.811699e+00 3.863684e-21
1.815877e+00 3.662876e-21
1.820064e+00 3.472762e-21
1.824261e+00 3.292779e-21
1.828468e+00 3.122403e-21
1.832684e+00 2.961126e-21
1.836911e+00 2.806379e-21
1.841147e+00 2.659285e-21
1.845392e+00 2.522063e-21
1.849648e+00 2.392487e-21
1.853913e+00 2.269875e-21
1.858188e+00 2.154471e-21
1.862473e+00 2.047089e-21
1.866768e+00 1.945306e-21
1.871073e+00 1.845991e-21
1.875388e+00 1.751885e-21
1.879712e+00 1.665302e-21
1.884047e+00 1.583317e-21
1.888391e+00 1.505704e-21
1.892746e+00 1.432236e-21
1.897111e+00 1.362708e-21
1.901486e+00 1.295748e-21
1.905870e+00 1.229937e-21
1.910265e+00 1.168879e-21
1.914670e+00 1.112972e-21
1.919086e+00 1.060101e-21
1.923511e+00 1.010113e-21
1.927947e+00 9.633460e-22
1.932393e+00 9.195247e-22
1.936849e+00 8.749067e-22
1.941315e+00 8.315172e-22
1.945792e+00 7.939144e-22
1.950279e+00 7.586634e-22
1.954776e+00 7.253547e-22
1.959284e+00 6.938829e-22
1.963802e+00 6.641648e-22
1.968331e+00 6.361077e-22
1.972870e+00 6.096326e-22
1.977419e+00 5.846591e-22
1.981979e+00 5.611107e-22
1.986549e+00 5.353713e-22
1.991130e+00 5.092433e-22
1.995722e+00 4.887211e-22
2.000324e+00 4.702233e-22
2.004937e+00 4.531462e-22
2.009560e+00 4.370309e-22
2.014194e+00 4.218359e-22
2.018839e+00 4.075102e-22
2.023495e+00 3.940096e-22
2.028161e+00 3.812935e-22
2.032838e+00 3.693141e-22
2.037525e+00 3.580416e-22
2.042224e+00 3.467194e-22
2.046933e+00 3.306832e-22
2.051654e+00 3.172138e-22
2.056385e+00 3.082202e-22
2.061127e+00 2.997596e-22
2.065880e+00 2.917983e-22
2.070644e+00 2.843250e-22
2.075419e+00 2.773718e-22
2.080205e+00 2.708286e-22
2.085001e+00 2.646610e-22
2.089810e+00 2.588511e-22
2.094629e+00 2.495239e-22
2.099459e+00 2.380067e-22
2.104300e+00 2.323584e-22
2.109153e+00 2.276949e-22
2.114016e+00 2.232989e-22
2.118891e+00 2.191469e-22
2.123778e+00 2.152240e-22
2.128675e+00 2.115180e-22
2.133584e+00 2.080070e-22
2.138504e+00 2.046879e-22
2.143435e+00 1.993436e-22
2.148378e+00 1.902038e-22
2.153332e+00 1.853538e-22
2.158298e+00 1.826670e-22
2.163275e+00 1.801169e-22
2.168263e+00 1.776840e-22
2.173263e+00 1.753652e-22
2.178275e+00 1.731520e-22
2.183298e+00 1.710322e-22
2.188333e+00 1.633065e-22
2.193379e+00 1.575576e-22
2.198437e+00 1.557149e-22
2.203507e+00 1.539486e-22
2.208588e+00 1.522488e-22
2.213681e+00 1.506185e-22
2.218786e+00 1.490457e-22
2.223902e+00 1.475285e-22
2.229031e+00 1.419251e-22
2.234171e+00 1.360916e-22
2.239323e+00 1.347616e-22
2.244487e+00 1.334730e-22
2.249663e+00 1.322219e-22
2.254850e+00 1.310112e-22
2.260050e+00 1.298319e-22
2.265262e+00 1.286850e-22
2.270485e+00 1.275690e-22
2.275721e+00 1.258215e-22
2.280969e+00 1.199840e-22
2.286229e+00 1.168181e-22
2.291501e+00 1.158414e-22
2.296785e+00 1.148900e-22
2.302082e+00 1.139568e-22
2.307390e+00 1.130424e-22
2.312711e+00 1.085854e-22
2.318044e+00 1.045028e-22
2.323390e+00 1.036814e-22
2.328747e+00 1.028755e-22
2.334117e+00 1.020820e-22
2.339500e+00 1.013036e-22
2.344895e+00 1.005373e-22
2.350302e+00 9.956355e-23
2.355722e+00 9.492312e-23
2.361154e+00 9.233662e-23
2.366599e+00 9.165079e-23
2.372057e+00 9.097731e-23
2.377527e+00 9.031156e-23
2.383009e+00 8.965364e-23
2.388504e+00 8.900626e-23
2.394012e+00 8.687581e-23
2.399533e+00 8.274656e-23
2.405066e+00 8.185921e-23
2.410612e+00 8.127556e-23
2.416171e+00 8.069797e-23
2.421743e+00 8.012835e-23
2.427327e+00 7.956369e-23
2.432925e+00 7.900431e-23
2.438535e+00 7.554587e-23
2.444159e+00 7.326953e-23
2.449795e+00 7.275804e-23
2.455444e+00 7.225325e-23
2.461106e+00 7.035999e-23
2.466782e+00 6.708400e-23
2.472470e+00 6.662182e-23
2.478172e+00 6.616321e-23
2.483886e+00 6.570809e-23
2.489614e+00 6.525819e-23
2.495355e+00 6.481195e-23
2.501110e+00 6.387869e-23
2.506877e+00 6.090272e-23
2.512658e+00 5.984931e-23
2.518452e+00 5.944276e-23
2.524260e+00 5.903955e-23
2.530081e+00 5.864039e-23
2.535915e+00 5.933071e-23
2.541763e+00 6.132941e-23
2.547624e+00 5.846000e-23
2.553499e+00 5.707317e-23
2.559388e+00 5.628768e-23
2.565289e+00 5.367327e-23
2.571205e+00 5.279395e-23
2.577134e+00 5.244037e-23
2.583077e+00 5.208916e-23
2.589034e+00 5.174148e-23
2.595004e+00 5.139592e-23
2.600988e+00 5.105248e-23
2.606986e+00 5.071198e-23
2.612998e+00 5.037413e-23
2.619023e+00 5.003832e-23
2.625063e+00 4.970455e-23
2.631116e+00 4.937409e-23
2.637184e+00 4.904565e-23
2.643265e+00 4.821174e-23
2.649360e+00 4.596486e-23
2.655470e+00 4.545978e-23
2.661593e+00 4.515903e-23
2.667731e+00 4.486010e-23
2.673883e+00 4.456352e-23
2.680049e+00 4.426924e-23
2.686229e+00 4.397672e-23
2.692424e+00 4.368595e-23
2.698632e+00 4.339757e-23
2.704855e+00 4.311127e-23
2.711093e+00 4.362936e-23
2.717345e+00 4.497669e-23
2.723611e+00 4.467873e-23
2.729891e+00 4.590200e-23
2.736187e+00 4.579108e-23
2.742496e+00 4.379649e-23
2.748821e+00 4.350650e-23
2.755159e+00 4.177708e-23
2.761513e+00 4.061898e-23
2.767881e+00 4.035117e-23
2.774264e+00 4.008529e-23
2.780661e+00 3.982150e-23
2.787073e+00 3.955931e-23
2.793500e+00 3.929871e-23
2.799942e+00 3.903971e-23
2.806399e+00 3.878301e-23
2.812870e+00 3.852785e-23
2.819357e+00 3.763142e-23
2.825858e+00 3.604399e-23
2.832375e+00 3.580810e-23
2.838906e+00 3.557394e-23
2.845453e+00 3.534121e-23
2.852014e+00 3.510991e-23
2.858591e+00 3.488004e-23
2.865183e+00 3.465205e-23
2.871790e+00 3.442554e-23
2.878413e+00 3.420043e-23
2.885050e+00 3.397671e-23
2.891703e+00 3.374697e-23
2.898372e+00 3.218598e-23
2.905055e+00 3.165184e-23
2.911754e+00 3.144616e-23
2.918469e+00 3.124177e-23
2.925199e+00 3.103864e-23
2.931944e+00 3.083713e-23
2.938705e+00 3.063693e-23
2.945482e+00 3.043797e-23
2.952274e+00 3.024025e-23
2.959082e+00 3.004377e-23
2.965906e+00 2.984870e-23
2.972745e+00 2.965503e-23
2.979601e+00 2.868668e-23
2.986472e+00 2.787737e-23
2.993358e+00 2.769749e-23
3.000261e+00 2.751875e-23
3.007180e+00 2.734136e-23
3.014114e+00 2.716514e-23
3.021065e+00 2.699002e-23
3.028031e+00 2.681599e-23
3.035014e+00 2.664306e-23
3.042013e+00 2.642123e-23
3.049028e+00 2.524825e-23
3.056059e+00 2.494907e-23
3.063106e+00 2.478939e-23
3.070170e+00 2.463071e-23
3.077250e+00 2.447302e-23
3.084346e+00 2.431633e-23
3.091458e+00 2.416066e-23
3.098587e+00 2.400613e-23
3.105733e+00 2.385257e-23
3.112894e+00 2.369997e-23
3.120073e+00 2.354834e-23
3.127268e+00 2.339766e-23
3.134479e+00 2.324794e-23
3.141707e+00 2.309916e-23
3.148952e+00 2.295148e-23
3.156214e+00 2.208034e-23
3.163492e+00 2.169586e-23
3.170787e+00 2.155809e-23
3.178099e+00 2.142119e-23
3.185427e+00 2.128515e-23
3.192773e+00 2.114997e-23
3.200136e+00 2.101564e-23
3.207515e+00 2.088226e-23
3.214912e+00 2.074973e-23
3.222325e+00 2.061804e-23
3.229756e+00 2.048718e-23
3.237204e+00 2.035714e-23
3.244669e+00 2.022793e-23
3.252151e+00 2.009953e-23
3.259651e+00 1.984582e-23
3.267167e+00 1.905761e-23
3.274702e+00 1.893753e-23
3.282253e+00 1.881826e-23
3.289822e+00 1.869973e-23
3.297408e+00 1.858194e-23
3.305012e+00 1.846489e-23
3.312634e+00 1.834858e-23
3.320272e+00 1.823300e-23
3.327929e+00 1.837513e-23
3.335603e+00 1.874031e-23
3.343295e+00 1.862140e-23
3.351005e+00 1.850325e-23
3.358732e+00 1.838585e-23
3.366478e+00 1.826921e-23
3.374241e+00 1.815335e-23
3.382022e+00 1.803822e-23
3.389821e+00 1.792382e-23
3.397638e+00 1.781014e-23
3.405473e+00 1.769718e-23
3.413326e+00 1.758494e-23
3.421197e+00 1.747340e-23
3.429086e+00 1.772274e-23
3.436994e+00 1.798945e-23
3.444919e+00 1.787456e-23
3.452863e+00 1.776041e-23
3.460826e+00 1.764699e-23
3.468806e+00 1.753429e-23
3.476805e+00 1.742232e-23
3.484823e+00 1.731106e-23
3.492859e+00 1.720051e-23
3.500914e+00 1.701409e-23
3.508987e+00 1.629224e-23
3.517078e+00 1.618890e-23
3.525189e+00 1.607217e-23
3.533318e+00 1.537458e-23
3.541466e+00 1.527665e-23
3.549633e+00 1.518043e-23
3.557818e+00 1.457819e-23
3.566022e+00 1.445416e-23
3.574246e+00 1.436376e-23
3.582488e+00 1.427392e-23
3.590749e+00 1.418464e-23
3.599029e+00 1.409592e-23
3.607329e+00 1.400775e-23
3.615647e+00 1.392012e-23
3.623985e+00 1.427805e-23
3.632342e+00 1.380597e-23
3.640718e+00 1.410292e-23
3.649114e+00 1.362738e-23
3.657529e+00 1.349008e-23
3.665963e+00 1.300152e-23
3.674417e+00 1.329044e-23
3.682890e+00 1.369430e-23
3.691383e+00 1.317170e-23
3.699895e+00 1.265069e-23
3.708427e+00 1.256676e-23
3.716979e+00 1.248864e-23
3.725550e+00 1.241101e-23
3.734141e+00 1.233385e-23
3.742752e+00 1.225717e-23
3.751383e+00 1.218095e-23
3.760034e+00 1.210521e-23
3.768704e+00 1.202992e-23
3.777395e+00 1.195510e-23
3.786106e+00 1.188074e-23
3.794836e+00 1.180684e-23
3.803587e+00 1.173338e-23
3.812358e+00 1.166038e-23
3.821150e+00 1.158782e-23
3.829961e+00 1.151571e-23
3.838793e+00 1.144403e-23
3.847646e+00 1.137280e-23
3.856518e+00 1.130200e-23
3.865411e+00 1.094836e-23
3.874325e+00 1.083138e-23
3.883259e+00 1.076437e-23
3.892214e+00 1.071863e-23
3.901190e+00 1.095447e-23
3.910186e+00 1.088624e-23
3.919203e+00 1.081843e-23
3.928240e+00 1.062731e-23
3.937299e+00 1.037083e-23
3.946378e+00 1.030662e-23
3.955479e+00 1.024280e-23
3.964600e+00 1.017936e-23
3.973743e+00 1.011630e-23
3.982906e+00 1.005363e-23
3.992091e+00 1.029061e-23
4.001296e+00 1.022645e-23
4.010524e+00 1.016268e-23
4.019772e+00 1.009930e-23
4.029041e+00 1.019118e-23
4.038332e+00 1.073923e-23
4.047645e+00 1.097746e-23
4.056979e+00 1.001455e-23
4.066334e+00 9.788096e-24
4.075711e+00 9.727002e-24
4.085110e+00 9.666286e-24
4.094530e+00 9.605937e-24
4.103972e+00 9.545954e-24
4.113436e+00 9.486334e-24
4.122922e+00 9.427075e-24
4.132429e+00 9.368174e-24
4.141958e+00 9.309635e-24
4.151510e+00 9.251472e-24
4.161083e+00 9.106678e-24
4.170679e+00 8.877051e-24
4.180296e+00 8.821890e-24
4.189936e+00 8.767058e-24
4.199598e+00 8.712554e-24
4.209282e+00 8.658395e-24
4.218989e+00 8.672783e-24
4.228718e+00 8.920214e-24
4.238470e+00 9.017770e-24
4.248244e+00 8.960992e-24
4.258040e+00 8.643917e-24
4.267859e+00 8.340238e-24
4.277701e+00 8.288337e-24
4.287565e+00 8.236747e-24
4.297452e+00 8.185464e-24
4.307362e+00 8.134487e-24
4.317295e+00 8.083824e-24
4.327251e+00 8.033480e-24
4.337230e+00 7.983436e-24
4.347231e+00 7.933690e-24
4.357256e+00 7.884241e-24
4.367304e+00 7.835096e-24
4.377375e+00 7.786261e-24
4.387469e+00 7.737716e-24
4.397587e+00 7.689460e-24
4.407728e+00 7.641492e-24
4.417892e+00 7.624649e-24
4.428079e+00 7.759356e-24
4.438291e+00 7.710664e-24
4.448525e+00 7.662263e-24
4.458784e+00 7.614158e-24
4.469066e+00 7.566365e-24
4.479371e+00 7.637465e-24
4.489701e+00 7.890974e-24
4.500054e+00 8.483698e-24
4.510431e+00 7.544895e-24
4.520832e+00 7.441321e-24
4.531257e+00 7.506053e-24
4.541707e+00 7.240856e-24
4.552180e+00 7.354080e-24
4.562677e+00 7.047758e-24
4.573199e+00 6.912602e-24
4.583745e+00 6.878504e-24
4.594315e+00 7.015082e-24
4.604909e+00 6.859923e-24
4.615528e+00 6.741232e-24
4.626172e+00 6.883504e-24
4.636840e+00 6.840190e-24
4.647532e+00 6.797135e-24
4.658249e+00 6.754335e-24
4.668991e+00 6.711819e-24
4.679758e+00 6.669557e-24
4.690550e+00 6.627546e-24
4.701366e+00 6.748828e-24
4.712208e+00 6.544318e-24
4.723074e+00 6.503081e-24
4.733965e+00 6.462096e-24
4.744882e+00 6.421377e-24
4.755824e+00 6.380899e-24
4.766791e+00 6.729699e-24
4.777783e+00 6.300692e-24
4.788800e+00 6.260959e-24
4.799843e+00 6.221462e-24
4.810912e+00 6.019976e-24
4.822006e+00 5.982195e-24
4.833126e+00 5.944637e-24
4.844271e+00 5.907324e-24
4.855442e+00 5.870233e-24
4.866638e+00 5.833361e-24
4.877861e+00 5.796732e-24
4.889109e+00 5.866110e-24
4.900384e+00 5.876849e-24
4.911684e+00 5.906818e-24
4.923010e+00 5.970993e-24
4.934363e+00 5.955562e-24
4.945741e+00 6.179393e-24
4.957146e+00 6.245213e-24
4.968578e+00 6.429796e-24
4.980035e+00 6.252861e-24
4.991519e+00 6.125592e-24
5.003030e+00 5.888289e-24
5.014567e+00 5.718096e-24
5.026130e+00 5.638000e-24
5.037721e+00 5.692649e-24
5.049338e+00 5.739096e-24
5.060981e+00 5.702384e-24
5.072652e+00 5.543281e-24
5.084350e+00 5.460899e-24
5.096074e+00 5.426139e-24
5.107826e+00 5.251557e-24
5.119605e+00 5.209420e-24
5.131410e+00 5.288610e-24
5.143243e+00 5.261316e-24
5.155104e+00 5.111022e-24
5.166991e+00 5.078619e-24
5.178907e+00 5.046428e-24
5.190849e+00 5.014424e-24
5.202819e+00 4.982625e-24
5.214817e+00 4.951016e-24
5.226842e+00 4.919603e-24
5.238896e+00 4.888384e-24
5.250977e+00 4.857352e-24
5.263085e+00 4.826517e-24
5.275222e+00 4.795861e-24
5.287387e+00 4.765405e-24
5.299580e+00 4.860073e-24
5.311800e+00 4.835780e-24
5.324049e+00 4.804859e-24
5.336327e+00 4.774135e-24
5.348632e+00 4.743594e-24
5.360966e+00 4.586510e-24
5.373329e+00 4.557328e-24
5.385720e+00 4.528327e-24
5.398139e+00 4.499501e-24
5.410587e+00 4.361078e-24
5.423064e+00 4.333466e-24
5.435570e+00 4.306024e-24
5.448104e+00 4.361067e-24
5.460668e+00 4.358002e-24
5.473260e+00 4.330219e-24
5.485881e+00 4.270214e-24
5.498532e+00 4.256470e-24
5.511212e+00 4.211904e-24
5.523920e+00 4.118584e-24
5.536659e+00 4.092466e-24
5.549426e+00 4.159982e-24
5.562223e+00 4.140476e-24
5.575050e+00 4.114032e-24
5.587906e+00 4.087762e-24
5.600792e+00 3.964275e-24
5.613707e+00 3.939119e-24
5.626652e+00 4.009923e-24
5.639627e+00 3.912218e-24
5.652632e+00 3.837714e-24
5.665668e+00 3.756732e-24
5.678733e+00 3.733050e-24
5.691828e+00 3.709516e-24
5.704953e+00 3.686142e-24
5.718109e+00 3.650301e-24
5.731295e+00 3.568713e-24
5.744511e+00 3.546385e-24
5.757758e+00 3.524205e-24
5.771036e+00 3.502178e-24
5.784344e+00 3.488428e-24
5.797682e+00 3.526803e-24
5.811052e+00 3.458638e-24
5.824452e+00 3.482661e-24
5.837883e+00 3.460825e-24
5.851346e+00 3.439141e-24
5.864839e+00 3.417613e-24
5.878363e+00 3.369743e-24
5.891919e+00 3.310688e-24
5.905506e+00 3.290171e-24
5.919124e+00 3.269802e-24
5.932773e+00 3.249585e-24
5.946454e+00 3.229524e-24
5.960167e+00 3.209613e-24
5.973911e+00 3.189854e-24
5.987687e+00 3.170251e-24
6.001495e+00 3.199959e-24
6.015334e+00 3.131498e-24
6.029206e+00 3.112353e-24
6.043109e+00 3.093358e-24
6.057044e+00 3.074517e-24
6.071012e+00 3.055829e-24
6.085012e+00 3.037292e-24
6.099044e+00 3.018907e-24
6.113108e+00 3.032469e-24
6.127205e+00 3.023333e-24
6.141335e+00 2.964661e-24
6.155496e+00 2.946881e-24
6.169691e+00 2.948596e-24
6.183918e+00 2.961754e-24
6.198179e+00 2.894434e-24
6.212472e+00 2.959340e-24
6.226798e+00 2.912695e-24
6.241157e+00 2.895358e-24
6.255549e+00 2.918178e-24
6.269974e+00 2.809969e-24
6.284433e+00 2.793509e-24
6.298925e+00 2.777193e-24
6.313450e+00 2.716782e-24
6.328009e+00 2.701124e-24
6.342601e+00 2.724121e-24
6.357228e+00 2.670217e-24
6.371887e+00 2.681455e-24
6.386581e+00 2.682242e-24
6.401308e+00 2.660176e-24
6.416070e+00 2.610012e-24
6.430865e+00 2.595291e-24
6.445695e+00 2.580698e-24
6.460559e+00 2.566234e-24
6.475457e+00 2.551896e-24
6.490389e+00 2.537685e-24
6.505356e+00 2.523599e-24
6.520358e+00 2.548888e-24
6.535394e+00 2.524931e-24
6.550464e+00 2.482078e-24
6.565570e+00 2.468480e-24
6.580710e+00 2.455002e-24
6.595885e+00 2.441642e-24
6.611095e+00 2.428398e-24
6.626341e+00 2.415270e-24
6.641621e+00 2.402257e-24
6.656937e+00 2.389358e-24
6.672288e+00 2.412581e-24
6.687674e+00 2.399594e-24
6.703096e+00 2.386720e-24
6.718553e+00 2.338872e-24
6.734046e+00 2.326522e-24
6.749575e+00 2.314279e-24
6.765140e+00 2.302142e-24
6.780740e+00 2.313228e-24
6.796376e+00 2.349688e-24
6.812049e+00 2.299644e-24
6.827758e+00 2.352803e-24
6.843502e+00 2.236508e-24
6.859284e+00 2.202805e-24
6.875101e+00 2.191959e-24
6.890955e+00 2.208695e-24
6.906846e+00 2.197454e-24
6.922773e+00 2.158647e-24
6.938737e+00 2.147836e-24
6.954738e+00 2.164284e-24
6.970775e+00 2.153409e-24
6.986850e+00 2.142623e-24
7.002962e+00 2.131924e-24
7.019111e+00 2.113494e-24
7.035297e+00 2.090782e-24
7.051520e+00 2.129487e-24
7.067781e+00 2.089980e-24
7.084080e+00 2.079701e-24
7.100415e+00 2.069502e-24
7.116789e+00 2.034553e-24
7.133200e+00 2.024736e-24
7.149650e+00 2.039374e-24
7.166137e+00 2.027903e-24
7.182662e+00 2.019668e-24
7.199225e+00 2.009926e-24
7.215827e+00 1.979064e-24
7.232466e+00 1.967362e-24
7.249145e+00 1.958043e-24
7.265861e+00 1.948792e-24
7.282616e+00 1.921316e-24
7.299410e+00 1.910700e-24
7.316243e+00 1.901825e-24
7.333114e+00 1.893010e-24
7.350024e+00 1.884255e-24
7.366973e+00 1.875559e-24
7.383962e+00 1.868302e-24
7.400989e+00 1.877052e-24
7.418056e+00 1.893276e-24
7.435162e+00 1.880565e-24
7.452307e+00 1.845992e-24
7.469493e+00 1.824564e-24
7.486717e+00 1.816253e-24
7.503982e+00 1.807994e-24
7.521286e+00 1.799785e-24
7.538630e+00 1.791627e-24
7.556014e+00 1.783519e-24
7.573438e+00 1.775459e-24
7.590903e+00 1.767448e-24
7.608407e+00 1.759485e-24
7.625953e+00 1.749865e-24
7.643538e+00 1.743700e-24
7.661164e+00 1.735878e-24
7.678831e+00 1.728102e-24
7.696538e+00 1.720372e-24
7.714287e+00 1.712688e-24
7.732076e+00 1.718280e-24
7.749906e+00 1.697456e-24
7.767777e+00 1.676403e-24
7.785690e+00 1.682405e-24
7.803644e+00 1.674947e-24
7.821639e+00 1.692473e-24
7.839676e+00 1.691786e-24
7.857754e+00 1.667504e-24
7.875874e+00 1.645570e-24
7.894036e+00 1.634678e-24
7.912240e+00 1.618641e-24
7.930485e+00 1.611622e-24
7.948773e+00 1.604648e-24
7.967103e+00 1.597721e-24
7.985475e+00 1.593859e-24
8.003890e+00 1.595937e-24
8.022347e+00 1.580911e-24
8.040846e+00 1.570480e-24
8.059389e+00 1.573878e-24
8.077974e+00 1.557146e-24
8.096602e+00 1.550553e-24
8.115272e+00 1.544010e-24
8.133986e+00 1.537517e-24
8.152743e+00 1.531075e-24
8.171544e+00 1.524684e-24
8.190387e+00 1.518345e-24
8.209274e+00 1.512059e-24
8.228205e+00 1.505827e-24
8.247179e+00 1.510170e-24
8.266197e+00 1.503943e-24
8.285259e+00 1.497772e-24
8.304365e+00 1.491658e-24
8.323515e+00 1.548790e-24
8.342709e+00 1.566260e-24
8.361947e+00 1.484965e-24
8.381230e+00 1.478971e-24
8.400557e+00 1.473038e-24
8.419929e+00 1.479663e-24
8.439346e+00 1.461355e-24
8.458807e+00 1.444845e-24
8.478313e+00 1.449919e-24
8.497864e+00 1.444295e-24
8.517460e+00 1.438734e-24
8.537101e+00 1.433238e-24
8.556788e+00 1.437245e-24
8.576520e+00 1.433982e-24
8.596298e+00 1.417136e-24
8.616121e+00 1.401968e-24
8.635989e+00 1.396898e-24
8.655904e+00 1.391894e-24
8.675865e+00 1.386957e-24
8.695871e+00 1.386820e-24
8.715924e+00 1.377285e-24
8.736023e+00 1.372551e-24
8.756168e+00 1.367886e-24
8.776360e+00 1.356537e-24
8.796599e+00 1.354008e-24
8.816884e+00 1.346446e-24
8.837215e+00 1.345701e-24
8.857594e+00 1.345610e-24
8.878020e+00 1.341369e-24
8.898493e+00 1.337202e-24
8.919012e+00 1.333108e-24
8.939580e+00 1.329090e-24
8.960195e+00 1.333491e-24
8.980857e+00 1.338956e-24
9.001567e+00 1.334986e-24
9.022324e+00 1.331098e-24
9.043130e+00 1.339719e-24
9.063984e+00 1.337573e-24
9.084885e+00 1.310984e-24
9.105835e+00 1.316379e-24
9.126833e+00 1.302423e-24
9.147880e+00 1.298881e-24
9.168975e+00 1.303833e-24
9.190118e+00 1.294568e-24
9.211311e+00 1.291559e-24
9.232552e+00 1.296980e-24
9.253843e+00 1.319743e-24
9.275182e+00 1.370303e-24
9.296571e+00 1.356458e-24
9.318009e+00 1.315453e-24
9.339496e+00 1.285803e-24
9.361033e+00 1.278504e-24
9.382620e+00 1.271017e-24
9.404256e+00 1.268894e-24
9.425942e+00 1.260168e-24
9.447679e+00 1.258284e-24
9.469465e+00 1.256478e-24
9.491302e+00 1.254740e-24
9.513189e+00 1.253058e-24
9.535126e+00 1.251417e-24
9.557114e+00 1.249801e-24
9.579153e+00 1.248192e-24
9.601243e+00 1.246569e-24
9.623383e+00 1.244912e-24
9.645575e+00 1.243198e-24
9.667817e+00 1.241410e-24
9.690112e+00 1.245485e-24
9.712457e+00 1.237541e-24
9.734854e+00 1.230346e-24
9.757303e+00 1.228181e-24
9.779803e+00 1.225894e-24
9.802355e+00 1.223491e-24
9.824960e+00 1.220981e-24
9.847616e+00 1.218376e-24
9.870325e+00 1.215691e-24
9.893086e+00 1.217578e-24
9.915899e+00 1.210151e-24
9.938766e+00 1.207329e-24
9.961684e+00 1.206241e-24
9.984656e+00 1.201665e-24
1.000768e+01 1.203150e-24
1.003076e+01 1.196061e-24
1.005389e+01 1.189665e-24
1.007707e+01 1.190600e-24
1.010031e+01 1.187941e-24
1.012360e+01 1.181855e-24
1.014695e+01 1.179358e-24
1.017035e+01 1.176919e-24
1.019380e+01 1.174538e-24
1.021731e+01 1.172216e-24
1.024087e+01 1.169952e-24
1.026448e+01 1.167745e-24
1.028815e+01 1.168727e-24
1.031188e+01 1.163497e-24
1.033566e+01 1.161454e-24
1.035949e+01 1.159461e-24
1.038338e+01 1.157517e-24
1.040732e+01 1.161062e-24
1.043132e+01 1.155180e-24
1.045538e+01 1.151960e-24
1.047949e+01 1.150193e-24
1.050365e+01 1.148466e-24
1.052788e+01 1.146776e-24
1.055215e+01 1.142796e-24
1.057649e+01 1.143503e-24
1.060088e+01 1.141916e-24
1.062532e+01 1.138133e-24
1.064982e+01 1.136639e-24
1.067438e+01 1.137337e-24
1.069900e+01 1.135867e-24
1.072367e+01 1.132319e-24
1.074840e+01 1.130929e-24
1.077318e+01 1.129561e-24
1.079803e+01 1.128215e-24
1.082293e+01 1.126889e-24
1.084789e+01 1.127539e-24
1.087290e+01 1.124295e-24
1.089797e+01 1.123025e-24
1.092311e+01 1.121772e-24
1.094829e+01 1.120534e-24
1.097354e+01 1.119311e-24
1.099885e+01 1.118102e-24
1.102421e+01 1.115507e-24
1.104963e+01 1.114205e-24
1.107511e+01 1.113055e-24
1.110065e+01 1.111917e-24
1.112625e+01 1.110789e-24
1.115191e+01 1.109670e-24
1.117762e+01 1.108561e-24
1.120340e+01 1.107460e-24
1.122923e+01 1.106366e-24
1.125513e+01 1.105280e-24
1.128108e+01 1.104200e-24
1.130710e+01 1.103127e-24
1.133317e+01 1.102083e-24
1.135931e+01 1.100009e-24
1.138550e+01 1.100555e-24
1.141176e+01 1.097803e-24
1.143807e+01 1.096769e-24
1.146445e+01 1.095738e-24
1.149088e+01 1.095744e-24
1.151738e+01 1.093683e-24
1.154394e+01 1.092659e-24
1.157056e+01 1.091636e-24
1.159724e+01 1.091591e-24
1.162399e+01 1.089594e-24
1.165079e+01 1.088574e-24
1.167766e+01 1.088184e-24
1.170459e+01 1.086534e-24
1.173158e+01 1.086421e-24
1.175863e+01 1.085386e-24
1.178575e+01 1.084351e-24
1.181293e+01 1.082445e-24
1.184017e+01 1.081419e-24
1.186747e+01 1.080392e-24
1.189484e+01 1.079362e-24
1.192227e+01 1.079150e-24
1.194976e+01 1.078103e-24
1.197731e+01 1.077968e-24
1.200493e+01 1.077936e-24
1.203262e+01 1.075919e-24
1.206037e+01 1.074544e-24
1.208818e+01 1.072825e-24
1.211605e+01 1.071758e-24
1.214399e+01 1.070480e-24
1.217200e+01 1.068895e-24
1.220006e+01 1.067826e-24
1.222820e+01 1.066753e-24
1.225640e+01 1.065675e-24
1.228466e+01 1.064697e-24
1.231299e+01 1.064172e-24
1.234138e+01 1.063069e-24
1.236984e+01 1.061961e-24
1.239837e+01 1.060847e-24
1.242696e+01 1.059892e-24
1.245561e+01 1.065269e-24
1.248434e+01 1.067829e-24
1.251313e+01 1.057026e-24
1.254198e+01 1.055190e-24
1.257090e+01 1.053739e-24
1.259989e+01 1.052308e-24
1.262895e+01 1.051155e-24
1.265807e+01 1.049994e-24
1.268726e+01 1.048828e-24
1.271652e+01 1.048199e-24
1.274584e+01 1.046474e-24
1.277523e+01 1.045287e-24
1.280469e+01 1.044093e-24
1.283422e+01 1.042892e-24
1.286382e+01 1.041684e-24
1.289348e+01 1.040469e-24
1.292321e+01 1.039247e-24
1.295301e+01 1.038017e-24
1.298288e+01 1.037232e-24
1.301282e+01 1.036008e-24
1.304283e+01 1.034750e-24
1.307291e+01 1.033485e-24
1.310305e+01 1.032213e-24
1.313327e+01 1.030934e-24
1.316355e+01 1.030150e-24
1.319391e+01 1.028849e-24
1.322433e+01 1.027541e-24
1.325483e+01 1.026778e-24
1.328539e+01 1.025448e-24
1.331603e+01 1.024727e-24
1.334674e+01 1.023792e-24
1.337752e+01 1.022701e-24
1.340836e+01 1.021325e-24
1.343928e+01 1.020708e-24
1.347027e+01 1.019307e-24
1.350134e+01 1.017900e-24
1.353247e+01 1.016487e-24
1.356368e+01 1.014599e-24
1.359496e+01 1.012929e-24
1.362631e+01 1.011507e-24
1.365773e+01 1.010079e-24
1.368922e+01 1.008050e-24
1.372079e+01 1.006618e-24
1.375243e+01 1.004676e-24
1.378414e+01 1.003239e-24
1.381593e+01 1.001795e-24
1.384779e+01 1.000345e-24
1.387972e+01 9.984749e-25
1.391173e+01 9.970186e-25
1.394381e+01 9.955563e-25
1.397596e+01 9.940880e-25
1.400819e+01 9.926139e-25
1.404050e+01 9.911339e-25
1.407287e+01 9.896484e-25
1.410533e+01 9.881572e-25
1.413785e+01 9.866606e-25
1.417045e+01 9.851586e-25
1.420313e+01 9.840096e-25
1.423588e+01 9.824921e-25
1.426871e+01 9.809697e-25
1.430162e+01 9.794425e-25
1.433460e+01 9.779106e-25
1.436765e+01 9.767570e-25
1.440078e+01 9.752107e-25
1.443399e+01 9.736601e-25
1.446728e+01 9.725266e-25
1.450064e+01 9.709620e-25
1.453408e+01 9.693936e-25
1.456759e+01 9.678217e-25
1.460119e+01 9.658485e-25
1.463486e+01 9.642755e-25
1.466860e+01 9.626992e-25
1.470243e+01 9.607880e-25
1.473633e+01 9.592104e-25
1.477032e+01 9.573491e-25
1.480438e+01 9.557701e-25
1.483852e+01 9.541884e-25
1.487273e+01 9.523701e-25
1.490703e+01 9.507872e-25
1.494141e+01 9.492022e-25
1.497586e+01 9.476154e-25
1.501040e+01 9.460268e-25
1.504501e+01 9.444366e-25
1.507970e+01 9.428452e-25
1.511448e+01 9.412525e-25
1.514933e+01 9.396589e-25
1.518427e+01 9.380645e-25
1.521928e+01 9.364695e-25
1.525438e+01 9.348742e-25
1.528955e+01 9.332786e-25
1.532481e+01 9.316831e-25
1.536015e+01 9.300878e-25
1.539557e+01 9.284929e-25
1.543107e+01 9.270854e-25
1.546666e+01 9.254893e-25
1.550232e+01 9.237130e-25
1.553807e+01 9.219663e-25
1.557390e+01 9.203789e-25
1.560982e+01 9.187692e-25
1.564581e+01 9.170796e-25
1.568189e+01 9.154998e-25
1.571805e+01 9.140485e-25
1.575430e+01 9.123473e-25
1.579063e+01 9.107752e-25
1.582704e+01 9.092060e-25
1.586354e+01 9.076401e-25
1.590012e+01 9.060777e-25
1.593679e+01 9.046348e-25
1.597354e+01 9.029641e-25
1.601037e+01 9.014134e-25
1.604729e+01 8.998672e-25
1.608430e+01 8.983256e-25
1.612139e+01 8.968347e-25
1.615857e+01 8.953637e-25
1.619583e+01 8.938359e-25
1.623317e+01 8.923137e-25
1.627061e+01 8.907974e-25
1.630813e+01 8.891867e-25
1.634574e+01 8.876842e-25
1.638343e+01 8.862860e-25
1.642121e+01 8.846992e-25
1.645908e+01 8.832171e-25
1.649703e+01 8.817423e-25
1.653507e+01 8.802578e-25
1.657320e+01 8.787363e-25
1.661142e+01 8.773639e-25
1.664973e+01 8.763448e-25
1.668812e+01 8.746146e-25
1.672661e+01 8.730447e-25
1.676518e+01 8.715685e-25
1.680384e+01 8.701614e-25
1.684259e+01 8.687638e-25
1.688143e+01 8.673757e-25
1.692035e+01 8.659974e-25
1.695937e+01 8.646292e-25
1.699848e+01 8.632713e-25
1.703768e+01 8.619239e-25
1.707697e+01 8.605872e-25
1.711635e+01 8.592615e-25
1.715582e+01 8.579469e-25
1.719538e+01 8.566437e-25
1.723503e+01 8.552981e-25
1.727478e+01 8.540190e-25
1.731461e+01 8.527909e-25
1.735454e+01 8.515485e-25
1.739456e+01 8.502542e-25
1.743467e+01 8.490743e-25
1.747488e+01 8.478562e-25
1.751517e+01 8.466511e-25
1.755556e+01 8.454591e-25
1.759605e+01 8.442804e-25
1.763662e+01 8.431151e-25
1.767729e+01 8.419635e-25
1.771806e+01 8.408256e-25
1.775892e+01 8.397017e-25
1.779987e+01 8.385919e-25
1.784092e+01 8.374963e-25
1.788206e+01 8.364151e-25
1.792329e+01 8.353485e-25
1.796462e+01 8.342965e-25
1.800605e+01 8.332593e-25
1.804757e+01 8.322371e-25
1.808919e+01 8.312298e-25
1.813090e+01 8.302377e-25
1.817271e+01 8.292609e-25
1.821462e+01 8.282994e-25
1.825662e+01 8.273534e-25
1.829872e+01 8.264230e-25
1.834092e+01 8.255081e-25
1.838322e+01 8.246090e-25
1.842561e+01 8.237660e-25
1.846810e+01 8.228980e-25
1.851068e+01 8.220459e-25
1.855337e+01 8.212098e-25
1.859615e+01 8.203897e-25
1.863904e+01 8.195858e-25
1.868202e+01 8.187981e-25
1.872510e+01 8.180266e-25
1.876828e+01 8.172713e-25
1.881156e+01 8.164971e-25
1.885494e+01 8.157749e-25
1.889842e+01 8.150691e-25
1.894200e+01 8.143795e-25
1.898568e+01 8.137063e-25
1.902946e+01 8.130495e-25
1.907334e+01 8.124090e-25
1.911733e+01 8.117848e-25
1.916141e+01 8.111770e-25
1.920560e+01 8.105856e-25
1.924989e+01 8.100104e-25
1.929428e+01 8.094516e-25
1.933877e+01 8.089090e-25
1.938336e+01 8.083827e-25
1.942806e+01 8.078725e-25
1.947286e+01 8.073786e-25
1.951777e+01 8.069007e-25
1.956278e+01 8.064389e-25
1.960789e+01 8.059930e-25
1.965310e+01 8.055631e-25
1.969842e+01 8.051491e-25
1.974385e+01 8.047508e-25
1.978938e+01 8.043683e-25
1.983501e+01 8.040013e-25
1.988075e+01 8.036498e-25
1.992660e+01 8.033137e-25
1.997255e+01 8.029929e-25
2.001861e+01 8.026872e-25
2.006477e+01 8.023966e-25
2.011104e+01 8.021208e-25
2.015741e+01 8.018598e-25
2.020390e+01 8.016133e-25
2.025049e+01 8.013813e-25
2.029719e+01 8.011634e-25
2.034399e+01 8.009596e-25
2.039090e+01 8.007696e-25
2.043793e+01 8.005933e-25
2.048506e+01 8.004303e-25
2.053229e+01 8.002805e-25
2.057964e+01 8.001437e-25
2.062710e+01 8.000195e-25
2.067466e+01 7.999077e-25
2.072234e+01 7.998080e-25
2.077013e+01 7.997201e-25
2.081802e+01 7.996466e-25
2.086603e+01 7.995787e-25
2.091415e+01 7.995245e-25
2.096237e+01 7.994807e-25
2.101071e+01 7.994472e-25
2.105916e+01 7.994235e-25
2.110773e+01 7.994092e-25
2.115640e+01 7.994039e-25
2.120519e+01 7.994073e-25
2.125409e+01 7.994190e-25
2.130310e+01 7.994384e-25
2.135223e+01 7.994651e-25
2.140146e+01 7.994988e-25
2.145082e+01 7.995389e-25
2.150028e+01 7.995851e-25
2.154986e+01 7.996367e-25
2.159956e+01 7.996933e-25
2.164936e+01 7.997545e-25
2.169929e+01 7.998197e-25
2.174933e+01 7.998884e-25
2.179948e+01 7.999601e-25
2.184975e+01 8.000342e-25
2.190014e+01 8.001103e-25
2.195064e+01 8.001878e-25
2.200126e+01 8.002662e-25
2.205199e+01 8.003449e-25
2.210284e+01 8.004234e-25
2.215381e+01 8.005012e-25
2.220490e+01 8.005776e-25
2.225610e+01 8.006522e-25
2.230743e+01 8.007244e-25
2.235887e+01 8.007936e-25
2.241043e+01 8.008594e-25
2.246211e+01 8.009211e-25
2.251390e+01 8.009783e-25
2.256582e+01 8.010305e-25
2.261786e+01 8.010770e-25
2.267002e+01 8.011174e-25
2.272229e+01 8.011511e-25
2.277469e+01 8.011777e-25
2.282721e+01 8.011967e-25
2.287985e+01 8.012076e-25
2.293261e+01 8.012098e-25
2.298549e+01 8.012030e-25
2.303850e+01 8.011866e-25
2.309162e+01 8.011603e-25
2.314487e+01 8.011236e-25
2.319825e+01 8.010760e-25
2.325174e+01 8.010173e-25
2.330536e+01 8.009468e-25
2.335910e+01 8.008644e-25
2.341297e+01 8.007696e-25
2.346696e+01 8.006620e-25
2.352107e+01 8.005414e-25
2.357531e+01 8.004074e-25
2.362968e+01 8.002597e-25
2.368417e+01 8.000989e-25
2.373878e+01 7.999251e-25
2.379353e+01 7.997315e-25
2.384839e+01 7.995262e-25
2.390339e+01 7.993189e-25
2.395851e+01 7.990793e-25
2.401376e+01 7.988384e-25
2.406914e+01 7.985617e-25
2.412464e+01 7.982711e-25
2.418027e+01 7.979811e-25
2.423603e+01 7.976668e-25
2.429192e+01 7.973364e-25
2.434794e+01 7.969897e-25
2.440408e+01 7.966266e-25
2.446036e+01 7.962472e-25
2.451676e+01 7.958512e-25
2.457330e+01 7.954388e-25
2.462997e+01 7.950098e-25
2.468676e+01 7.945642e-25
2.474369e+01 7.941112e-25
2.480075e+01 7.936234e-25
2.485794e+01 7.931382e-25
2.491526e+01 7.926167e-25
2.497272e+01 7.920886e-25
2.503031e+01 7.915442e-25
2.508803e+01 7.909835e-25
2.514588e+01 7.904066e-25
2.520387e+01 7.898137e-25
2.526199e+01 7.892047e-25
2.532024e+01 7.885726e-25
2.537863e+01 7.879394e-25
2.543715e+01 7.872832e-25
2.549581e+01 7.866117e-25
2.555460e+01 7.859248e-25
2.561353e+01 7.852228e-25
2.567260e+01 7.845059e-25
2.573180e+01 7.837742e-25
2.579114e+01 7.830279e-25
2.585061e+01 7.822672e-25
2.591022e+01 7.814923e-25
2.596997e+01 7.806967e-25
2.602986e+01 7.799008e-25
2.608988e+01 7.790847e-25
2.615005e+01 7.782551e-25
2.621035e+01 7.774125e-25
2.627079e+01 7.765570e-25
2.633137e+01 7.756888e-25
2.639209e+01 7.748082e-25
2.645295e+01 7.739154e-25
2.651395e+01 7.730107e-25
2.657509e+01 7.720943e-25
2.663638e+01 7.711665e-25
2.669780e+01 7.702275e-25
2.675937e+01 7.692775e-25
2.682107e+01 7.683168e-25
2.688292e+01 7.673456e-25
2.694492e+01 7.663643e-25
2.700705e+01 7.653730e-25
2.706933e+01 7.643720e-25
2.713175e+01 7.633616e-25
2.719432e+01 7.623420e-25
2.725703e+01 7.613135e-25
2.731988e+01 7.602762e-25
2.738288e+01 7.592305e-25
2.744603e+01 7.581767e-25
2.750932e+01 7.571148e-25
2.757275e+01 7.560453e-25
2.763634e+01 7.549683e-25
2.770007e+01 7.538842e-25
2.776394e+01 7.527930e-25
2.782797e+01 7.516951e-25
2.789214e+01 7.505907e-25
2.795646e+01 7.494801e-25
2.802093e+01 7.483634e-25
2.808554e+01 7.472409e-25
2.815031e+01 7.461129e-25
2.821522e+01 7.449795e-25
2.828029e+01 7.438410e-25
2.834550e+01 7.426975e-25
2.841087e+01 7.415494e-25
2.847638e+01 7.403968e-25
2.854205e+01 7.392399e-25
2.860787e+01 7.380790e-25
2.867384e+01 7.369142e-25
2.873996e+01 7.357457e-25
2.880623e+01 7.345738e-25
2.887266e+01 7.333987e-25
2.893924e+01 7.322204e-25
2.900598e+01 7.310393e-25
2.907286e+01 7.298555e-25
2.913991e+01 7.286691e-25
2.920710e+01 7.274805e-25
2.927446e+01 7.262896e-25
2.934196e+01 7.250968e-25
2.940963e+01 7.239022e-25
2.947744e+01 7.227059e-25
2.954542e+01 7.215081e-25
2.961355e+01 7.203108e-25
2.968184e+01 7.191126e-25
2.975029e+01 7.179121e-25
2.981889e+01 7.167099e-25
2.988765e+01 7.155070e-25
2.995658e+01 7.143035e-25
3.002566e+01 7.130995e-25
3.009489e+01 7.118953e-25
3.016429e+01 7.106909e-25
3.023385e+01 7.094864e-25
3.030357e+01 7.082821e-25
3.037345e+01 7.070780e-25
3.044349e+01 7.058742e-25
3.051370e+01 7.046709e-25
3.058406e+01 7.034681e-25
3.065459e+01 7.022661e-25
3.072528e+01 7.010648e-25
3.079613e+01 6.998645e-25
3.086715e+01 6.986652e-25
3.093833e+01 6.974670e-25
3.100967e+01 6.962701e-25
3.108118e+01 6.950745e-25
3.115285e+01 6.938802e-25
3.122469e+01 6.926875e-25
3.129670e+01 6.914964e-25
3.136887e+01 6.903070e-25
3.144120e+01 6.891194e-25
3.151371e+01 6.879336e-25
3.158638e+01 6.867497e-25
3.165922e+01 6.855679e-25
3.173222e+01 6.843882e-25
3.180540e+01 6.832106e-25
3.187874e+01 6.820353e-25
3.195225e+01 6.808622e-25
3.202594e+01 6.796916e-25
3.209979e+01 6.785233e-25
3.217381e+01 6.773576e-25
3.224800e+01 6.761945e-25
3.232237e+01 6.750339e-25
3.239690e+01 6.738761e-25
3.247161e+01 6.727210e-25
3.254649e+01 6.715687e-25
3.262154e+01 6.704192e-25
3.269677e+01 6.692726e-25
3.277217e+01 6.681290e-25
3.284774e+01 6.669883e-25
3.292349e+01 6.658507e-25
3.299941e+01 6.647161e-25
3.307551e+01 6.635847e-25
3.315178e+01 6.624564e-25
3.322823e+01 6.613314e-25
3.330485e+01 6.602095e-25
3.338165e+01 6.590910e-25
3.345863e+01 6.579757e-25
3.353579e+01 6.568638e-25
3.361312e+01 6.557552e-25
3.369063e+01 6.546501e-25
3.376832e+01 6.535483e-25
3.384619e+01 6.524501e-25
3.392424e+01 6.513553e-25
3.400247e+01 6.502640e-25
3.408088e+01 6.491763e-25
3.415947e+01 6.480921e-25
3.423825e+01 6.470115e-25
3.431720e+01 6.459372e-25
3.439634e+01 6.448638e-25
3.447565e+01 6.437940e-25
3.455515e+01 6.427278e-25
3.463484e+01 6.416654e-25
3.471471e+01 6.406066e-25
3.479476e+01 6.395515e-25
3.487500e+01 6.385001e-25
3.495542e+01 6.374524e-25
3.503603e+01 6.364085e-25
3.511682e+01 6.353684e-25
3.519780e+01 6.343320e-25
3.527897e+01 6.332993e-25
3.536032e+01 6.322705e-25
3.544186e+01 6.312454e-25
3.552359e+01 6.302241e-25
3.560551e+01 6.292066e-25
3.568761e+01 6.281929e-25
3.576991e+01 6.271830e-25
3.585240e+01 6.261769e-25
3.593507e+01 6.251747e-25
3.601794e+01 6.241762e-25
3.610100e+01 6.231816e-25
3.618424e+01 6.221908e-25
3.626769e+01 6.212038e-25
3.635132e+01 6.202207e-25
3.643515e+01 6.192413e-25
3.651917e+01 6.182658e-25
3.660338e+01 6.172941e-25
3.668779e+01 6.163262e-25
3.677239e+01 6.153628e-25
3.685719e+01 6.144041e-25
3.694218e+01 6.134476e-25
3.702737e+01 6.124949e-25
3.711275e+01 6.115460e-25
3.719834e+01 6.106009e-25
3.728412e+01 6.096596e-25
3.737009e+01 6.087221e-25
3.745627e+01 6.077884e-25
3.754264e+01 6.068584e-25
3.762922e+01 6.059322e-25
3.771599e+01 6.050098e-25
3.780296e+01 6.040911e-25
3.789014e+01 6.031762e-25
3.797751e+01 6.022650e-25
3.806509e+01 6.013575e-25
3.815287e+01 6.004537e-25
3.824085e+01 5.995536e-25
3.832903e+01 5.986573e-25
3.841742e+01 5.977646e-25
3.850601e+01 5.968756e-25
3.859480e+01 5.959903e-25
3.868380e+01 5.951086e-25
3.877301e+01 5.942306e-25
3.886242e+01 5.933563e-25
3.895204e+01 5.924855e-25
3.904186e+01 5.916184e-25
3.913189e+01 5.907549e-25
3.922213e+01 5.898951e-25
3.931258e+01 5.890388e-25
3.940323e+01 5.881861e-25
3.949410e+01 5.873371e-25
3.958517e+01 5.864919e-25
3.967645e+01 5.856504e-25
3.976795e+01 5.848133e-25
3.985965e+01 5.839818e-25
3.995157e+01 5.831643e-25
4.004370e+01 5.825502e-25
4.013604e+01 5.816005e-25
4.022859e+01 5.806838e-25
4.032136e+01 5.798563e-25
4.041434e+01 5.790391e-25
4.050754e+01 5.782270e-25
4.060095e+01 5.774189e-25
4.069457e+01 5.766144e-25
4.078842e+01 5.758134e-25
4.088247e+01 5.750158e-25
4.097675e+01 5.742216e-25
4.107124e+01 5.734307e-25
4.116595e+01 5.726432e-25
4.126088e+01 5.718589e-25
4.135603e+01 5.710779e-25
4.145140e+01 5.703002e-25
4.154698e+01 5.695258e-25
4.164279e+01 5.687545e-25
4.173882e+01 5.679865e-25
4.183507e+01 5.672217e-25
4.193154e+01 5.664601e-25
4.202824e+01 5.657016e-25
4.212516e+01 5.649463e-25
4.222230e+01 5.641942e-25
4.231966e+01 5.634451e-25
4.241725e+01 5.626992e-25
4.251507e+01 5.619564e-25
4.261311e+01 5.612166e-25
4.271137e+01 5.604799e-25
4.280986e+01 5.597462e-25
4.290858e+01 5.590156e-25
4.300753e+01 5.582880e-25
4.310671e+01 5.575634e-25
4.320611e+01 5.568418e-25
4.330575e+01 5.561231e-25
4.340561e+01 5.554074e-25
4.350570e+01 5.546946e-25
4.360603e+01 5.539848e-25
4.370658e+01 5.532779e-25
4.380737e+01 5.525738e-25
4.390839e+01 5.518726e-25
4.400964e+01 5.511743e-25
4.411113e+01 5.504789e-25
4.421285e+01 5.497862e-25
4.431481e+01 5.490964e-25
4.441700e+01 5.484094e-25
4.451942e+01 5.477251e-25
4.462208e+01 5.470437e-25
4.472498e+01 5.463650e-25
4.482812e+01 5.456890e-25
4.493149e+01 5.450157e-25
4.503511e+01 5.443452e-25
4.513896e+01 5.436773e-25
4.524305e+01 5.430122e-25
4.534738e+01 5.423497e-25
4.545195e+01 5.416898e-25
4.555676e+01 5.410326e-25
4.566182e+01 5.403779e-25
4.576711e+01 5.397259e-25
4.587265e+01 5.390765e-25
4.597843e+01 5.384297e-25
4.608446e+01 5.377854e-25
4.619073e+01 5.371436e-25
4.629725e+01 5.365044e-25
4.640401e+01 5.358677e-25
4.651102e+01 5.352335e-25
4.661827e+01 5.346018e-25
4.672578e+01 5.339726e-25
4.683353e+01 5.333458e-25
4.694152e+01 5.327215e-25
4.704977e+01 5.320996e-25
4.715827e+01 5.314801e-25
4.726702e+01 5.308630e-25
4.737601e+01 5.302483e-25
4.748526e+01 5.296359e-25
4.759476e+01 5.290260e-25
4.770452e+01 5.284183e-25
4.781453e+01 5.278130e-25
4.792479e+01 5.272101e-25
4.803530e+01 5.266094e-25
4.814607e+01 5.260110e-25
4.825710e+01 5.254149e-25
4.836838e+01 5.248210e-25
4.847992e+01 5.242294e-25
4.859171e+01 5.236401e-25
4.870376e+01 5.230529e-25
4.881607e+01 5.224680e-25
4.892864e+01 5.218853e-25
4.904147e+01 5.213047e-25
4.915456e+01 5.207264e-25
4.926792e+01 5.201501e-25
4.938153e+01 5.195761e-25
4.949540e+01 5.190041e-25
4.960954e+01 5.184343e-25
4.972394e+01 5.178666e-25
4.983860e+01 5.173009e-25
4.995353e+01 5.167374e-25
5.006872e+01 5.161759e-25
5.018418e+01 5.156165e-25
5.029991e+01 5.150591e-25
5.041590e+01 5.145038e-25
5.053216e+01 5.139504e-25
5.064869e+01 5.133991e-25
5.076548e+01 5.128498e-25
5.088255e+01 5.123025e-25
5.099988e+01 5.117571e-25
5.111749e+01 5.112137e-25
5.123537e+01 5.106722e-25
5.135352e+01 5.101327e-25
5.147194e+01 5.095951e-25
5.159063e+01 5.090594e-25
5.170960e+01 5.085256e-25
5.182884e+01 5.079937e-25
5.194836e+01 5.074636e-25
5.206816e+01 5.069355e-25
5.218822e+01 5.064092e-25
5.230857e+01 5.058847e-25
5.242920e+01 5.053621e-25
5.255010e+01 5.048413e-25
5.267128e+01 5.043223e-25
5.279274e+01 5.038051e-25
5.291448e+01 5.032897e-25
5.303650e+01 5.027761e-25
5.315880e+01 5.022642e-25
5.328139e+01 5.017541e-25
5.340425e+01 5.012457e-25
5.352741e+01 5.007391e-25
5.365084e+01 5.002342e-25
5.377456e+01 4.997311e-25
5.389856e+01 4.992296e-25
5.402285e+01 4.987298e-25
5.414743e+01 4.982317e-25
5.427230e+01 4.977353e-25
5.439745e+01 4.972406e-25
5.452289e+01 4.967475e-25
5.464862e+01 4.962560e-25
5.477464e+01 4.957662e-25
5.490095e+01 4.952780e-25
5.502755e+01 4.947914e-25
5.515445e+01 4.943065e-25
5.528163e+01 4.938231e-25
5.540911e+01 4.933413e-25
5.553689e+01 4.928611e-25
5.566495e+01 4.923825e-25
5.579332e+01 4.919054e-25
5.592198e+01 4.914299e-25
5.605093e+01 4.909559e-25
5.618019e+01 4.904834e-25
5.630974e+01 4.900125e-25
5.643959e+01 4.895429e-25
5.656974e+01 4.890753e-25
5.670019e+01 4.886089e-25
5.683094e+01 4.881440e-25
5.696200e+01 4.876806e-25
5.709335e+01 4.872187e-25
5.722501e+01 4.867583e-25
5.735697e+01 4.862997e-25
5.748923e+01 4.858433e-25
5.762181e+01 4.853951e-25
5.775468e+01 4.850774e-25
5.788786e+01 4.844820e-25
5.802135e+01 4.840263e-25
5.815515e+01 4.835750e-25
5.828926e+01 4.831256e-25
5.842367e+01 4.826777e-25
5.855840e+01 4.822313e-25
5.869344e+01 4.817862e-25
5.882878e+01 4.813426e-25
5.896444e+01 4.809003e-25
5.910041e+01 4.804593e-25
5.923670e+01 4.800198e-25
5.937330e+01 4.795815e-25
5.951022e+01 4.791446e-25
5.964745e+01 4.787089e-25
5.978500e+01 4.782746e-25
5.992286e+01 4.778416e-25
6.006104e+01 4.774099e-25
6.019954e+01 4.769795e-25
6.033836e+01 4.765504e-25
6.047750e+01 4.761225e-25
6.061697e+01 4.756959e-25
6.075675e+01 4.752706e-25
6.089686e+01 4.748465e-25
6.103728e+01 4.744237e-25
6.117804e+01 4.740021e-25
6.131911e+01 4.735817e-25
6.146052e+01 4.731626e-25
6.160224e+01 4.727447e-25
6.174430e+01 4.723280e-25
6.188668e+01 4.719125e-25
6.202939e+01 4.714982e-25
6.217243e+01 4.710851e-25
6.231580e+01 4.706731e-25
6.245950e+01 4.702624e-25
6.260354e+01 4.698528e-25
6.274790e+01 4.694444e-25
6.289260e+01 4.690372e-25
6.303763e+01 4.686311e-25
6.318299e+01 4.682261e-25
6.332869e+01 4.678223e-25
6.347473e+01 4.674197e-25
6.362110e+01 4.670181e-25
6.376781e+01 4.666177e-25
6.391486e+01 4.662184e-25
6.406225e+01 4.658202e-25
6.420998e+01 4.654232e-25
6.435805e+01 4.650272e-25
6.450646e+01 4.646323e-25
6.465521e+01 4.642385e-25
6.480431e+01 4.638458e-25
6.495375e+01 4.634542e-25
6.510353e+01 4.630636e-25
6.525366e+01 4.626741e-25
6.540413e+01 4.622857e-25
6.555496e+01 4.618983e-25
6.570613e+01 4.615120e-25
6.585765e+01 4.611267e-25
6.600951e+01 4.607424e-25
6.616173e+01 4.603592e-25
6.631430e+01 4.599770e-25
6.646722e+01 4.595959e-25
6.662050e+01 4.592157e-25
6.677412e+01 4.588366e-25
6.692811e+01 4.584585e-25
6.708244e+01 4.580814e-25
6.723714e+01 4.577052e-25
6.739218e+01 4.573301e-25
6.754759e+01 4.569560e-25
6.770336e+01 4.565828e-25
6.785948e+01 4.562106e-25
6.801597e+01 4.558394e-25
6.817281e+01 4.554692e-25
6.833002e+01 4.550999e-25
6.848759e+01 4.547316e-25
6.864552e+01 4.543643e-25
6.880382e+01 4.539979e-25
6.896248e+01 4.536324e-25
6.912151e+01 4.532679e-25
6.928090e+01 4.529043e-25
6.944067e+01 4.525417e-25
6.960080e+01 4.521800e-25
6.976130e+01 4.518192e-25
6.992217e+01 4.514593e-25
7.008341e+01 4.511003e-25
7.024502e+01 4.507423e-25
7.040701e+01 4.503851e-25
7.056936e+01 4.500289e-25
7.073210e+01 4.496736e-25
7.089521e+01 4.493191e-25
7.105869e+01 4.489655e-25
7.122255e+01 4.486129e-25
7.138679e+01 4.482611e-25
7.155141e+01 4.479102e-25
7.171641e+01 4.475601e-25
7.188179e+01 4.472110e-25
7.204755e+01 4.468627e-25
7.221369e+01 4.465152e-25
7.238022e+01 4.461686e-25
7.254713e+01 4.458229e-25
7.271442e+01 4.454780e-25
7.288210e+01 4.451340e-25
7.305017e+01 4.447908e-25
7.321862e+01 4.444485e-25
7.338746e+01 4.441070e-25
7.355669e+01 4.437663e-25
7.372632e+01 4.434264e-25
7.389633e+01 4.430874e-25
7.406674e+01 4.427492e-25
7.423753e+01 4.424118e-25
7.440873e+01 4.420752e-25
7.458031e+01 4.417395e-25
7.475230e+01 4.414045e-25
7.492468e+01 4.410704e-25
7.509745e+01 4.407370e-25
7.527063e+01 4.404045e-25
7.544420e+01 4.400727e-25
7.561818e+01 4.397418e-25
7.579255e+01 4.394116e-25
7.596733e+01 4.390822e-25
7.614251e+01 4.387536e-25
7.631810e+01 4.384258e-25
7.649409e+01 4.380987e-25
7.667048e+01 4.377724e-25
7.684729e+01 4.374469e-25
7.702450e+01 4.371222e-25
7.720212e+01 4.367982e-25
7.738015e+01 4.364749e-25
7.755858e+01 4.361525e-25
7.773744e+01 4.358308e-25
7.791670e+01 4.355098e-25
7.809638e+01 4.351896e-25
7.827647e+01 4.348701e-25
7.845697e+01 4.345514e-25
7.863789e+01 4.342334e-25
7.881923e+01 4.339161e-25
7.900099e+01 4.335996e-25
7.918317e+01 4.332838e-25
7.936577e+01 4.329688e-25
7.954878e+01 4.326544e-25
7.973222e+01 4.323408e-25
7.991609e+01 4.320279e-25
8.010037e+01 4.317157e-25
8.028509e+01 4.314043e-25
8.047022e+01 4.310935e-25
8.065579e+01 4.307835e-25
8.084178e+01 4.304742e-25
8.102820e+01 4.301655e-25
8.121506e+01 4.298576e-25
8.140234e+01 4.295504e-25
8.159005e+01 4.292438e-25
8.177820e+01 4.289380e-25
8.196678e+01 4.286329e-25
8.215580e+01 4.283284e-25
8.234525e+01 4.280246e-25
8.253514e+01 4.277216e-25
8.272546e+01 4.274192e-25
8.291623e+01 4.271174e-25
8.310744e+01 4.268164e-25
8.329908e+01 4.265160e-25
8.349117e+01 4.262163e-25
8.368370e+01 4.259173e-25
8.387668e+01 4.256190e-25
8.407010e+01 4.253213e-25
8.426396e+01 4.250242e-25
8.445828e+01 4.247279e-25
8.465304e+01 4.244322e-25
8.484825e+01 4.241371e-25
8.504391e+01 4.238427e-25
8.524002e+01 4.235490e-25
8.543659e+01 4.232559e-25
8.563360e+01 4.229635e-25
8.583107e+01 4.226717e-25
8.602900e+01 4.223805e-25
8.622738e+01 4.220900e-25
8.642623e+01 4.218002e-25
8.662553e+01 4.215110e-25
8.682528e+01 4.212224e-25
8.702550e+01 4.209344e-25
8.722619e+01 4.206471e-25
8.742733e+01 4.203604e-25
8.762894e+01 4.200744e-25
8.783101e+01 4.197890e-25
8.803355e+01 4.195041e-25
8.823656e+01 4.192200e-25
8.844003e+01 4.189364e-25
8.864397e+01 4.186535e-25
8.884839e+01 4.183712e-25
8.905327e+01 4.180895e-25
8.925863e+01 4.178084e-25
8.946446e+01 4.175279e-25
8.967077e+01 4.172480e-25
8.987755e+01 4.169688e-25
9.008481e+01 4.166901e-25
9.029254e+01 4.164121e-25
9.050076e+01 4.161346e-25
9.070945e+01 4.158578e-25
9.091863e+01 4.155816e-25
9.112829e+01 4.153059e-25
9.133843e+01 4.150309e-25
9.154906e+01 4.147565e-25
9.176017e+01 4.144826e-25
9.197177e+01 4.142094e-25
9.218386e+01 4.139367e-25
9.239644e+01 4.136646e-25
9.260950e+01 4.133931e-25
9.282306e+01 4.131222e-25
9.303711e+01 4.128519e-25
9.325166e+01 4.125822e-25
9.346669e+01 4.123131e-25
9.368223e+01 4.120445e-25
9.389826e+01 4.117765e-25
9.411479e+01 4.115091e-25
9.433182e+01 4.112422e-25
9.454935e+01 4.109760e-25
9.476738e+01 4.107103e-25
9.498592e+01 4.104452e-25
9.520496e+01 4.101806e-25
9.542450e+01 4.099167e-25
9.564455e+01 4.096533e-25
9.586511e+01 4.093904e-25
9.608617e+01 4.091281e-25
9.630775e+01 4.088664e-25
9.652983e+01 4.086053e-25
9.675243e+01 4.083447e-25
9.697554e+01 4.080847e-25
9.719917e+01 4.078252e-25
9.742331e+01 4.075663e-25
9.764797e+01 4.073079e-25
9.787315e+01 4.070501e-25
9.809884e+01 4.067929e-25
9.832506e+01 4.065362e-25
9.855180e+01 4.062800e-25
9.877906e+01 4.060244e-25
9.900685e+01 4.057694e-25
9.923516e+01 4.055149e-25
9.946399e+01 4.052609e-25
9.969336e+01 4.050075e-25
9.992325e+01 4.047546e-25
1.001537e+02 4.045023e-25
1.003846e+02 4.042505e-25
1.006161e+02 4.039993e-25
1.008481e+02 4.037486e-25
1.010807e+02 4.034984e-25
1.013138e+02 4.032488e-25
1.015474e+02 4.029997e-25
1.017816e+02 4.027511e-25
1.020163e+02 4.025031e-25
1.022515e+02 4.022556e-25
1.024873e+02 4.020087e-25
1.027237e+02 4.017623e-25
1.029606e+02 4.015164e-25
1.031980e+02 4.012710e-25
1.034360e+02 4.010262e-25
1.036745e+02 4.007819e-25
1.039136e+02 4.005381e-25
1.041532e+02 4.002948e-25
1.043934e+02 4.000521e-25
1.046341e+02 3.998099e-25
1.048754e+02 3.995682e-25
1.051172e+02 3.993270e-25
1.053596e+02 3.990864e-25
1.056026e+02 3.988462e-25
1.058461e+02 3.986066e-25
1.060902e+02 3.983675e-25
1.063348e+02 3.981290e-25
1.065800e+02 3.978909e-25
1.068258e+02 3.976534e-25
1.070722e+02 3.974163e-25
1.073191e+02 3.971798e-25
1.075665e+02 3.969438e-25
1.078146e+02 3.967083e-25
1.080632e+02 3.964733e-25
1.083124e+02 3.962389e-25
1.085622e+02 3.960049e-25
1.088125e+02 3.957714e-25
1.090634e+02 3.955385e-25
1.093149e+02 3.953061e-25
1.095670e+02 3.950741e-25
1.098197e+02 3.948427e-25
1.100729e+02 3.946118e-25
1.103268e+02 3.943814e-25
1.105812e+02 3.941514e-25
1.108362e+02 3.939220e-25
1.110918e+02 3.936931e-25
1.113480e+02 3.934647e-25
1.116047e+02 3.932368e-25
1.118621e+02 3.930094e-25
1.121200e+02 3.927825e-25
1.123786e+02 3.925561e-25
1.126377e+02 3.923302e-25
1.128975e+02 3.921047e-25
1.131578e+02 3.918798e-25
1.134188e+02 3.916554e-25
1.136803e+02 3.914315e-25
1.139425e+02 3.912080e-25
1.142052e+02 3.909851e-25
1.144686e+02 3.907626e-25
1.147325e+02 3.905407e-25
1.149971e+02 3.903192e-25
1.152623e+02 3.900983e-25
1.155281e+02 3.898778e-25
1.157945e+02 3.896578e-25
1.160615e+02 3.894383e-25
1.163292e+02 3.892193e-25
1.165974e+02 3.890007e-25
1.168663e+02 3.887827e-25
1.171358e+02 3.885652e-25
1.174059e+02 3.883481e-25
1.176766e+02 3.881315e-25
1.179480e+02 3.879154e-25
1.182200e+02 3.876998e-25
1.184926e+02 3.874847e-25
1.187658e+02 3.872701e-25
1.190397e+02 3.870559e-25
1.193142e+02 3.868423e-25
1.195894e+02 3.866291e-25
1.198651e+02 3.864164e-25
1.201416e+02 3.862042e-25
1.204186e+02 3.859924e-25
1.206963e+02 3.857812e-25
1.209746e+02 3.855704e-25
1.212536e+02 3.853601e-25
1.215332e+02 3.851503e-25
1.218134e+02 3.849410e-25
1.220943e+02 3.847321e-25
1.223759e+02 3.845237e-25
1.226581e+02 3.843158e-25
1.229410e+02 3.841084e-25
1.232245e+02 3.839015e-25
1.235086e+02 3.836950e-25
1.237934e+02 3.834890e-25
1.240789e+02 3.832835e-25
1.243650e+02 3.830784e-25
1.246518e+02 3.828739e-25
1.249393e+02 3.826698e-25
1.252274e+02 3.824662e-25
1.255161e+02 3.822631e-25
1.258056e+02 3.820604e-25
1.260957e+02 3.818582e-25
1.263865e+02 3.816565e-25
1.266779e+02 3.814552e-25
1.269700e+02 3.812545e-25
1.272628e+02 3.810542e-25
1.275563e+02 3.808544e-25
1.278504e+02 3.806550e-25
1.281453e+02 3.804561e-25
1.284408e+02 3.802577e-25
1.287370e+02 3.800598e-25
1.290338e+02 3.798623e-25
1.293314e+02 3.796653e-25
1.296296e+02 3.794688e-25
1.299285e+02 3.792727e-25
1.302282e+02 3.790772e-25
1.305285e+02 3.788821e-25
1.308295e+02 3.786874e-25
1.311312e+02 3.784932e-25
1.314335e+02 3.782995e-25
1.317366e+02 3.781063e-25
1.320404e+02 3.779135e-25
1.323449e+02 3.777212e-25
1.326501e+02 3.775294e-25
1.329560e+02 3.773380e-25
1.332626e+02 3.771471e-25
1.335699e+02 3.769567e-25
1.338779e+02 3.767668e-25
1.341866e+02 3.765773e-25
1.344961e+02 3.763883e-25
1.348062e+02 3.761997e-25
1.351171e+02 3.760116e-25
1.354287e+02 3.758240e-25
1.357410e+02 3.756368e-25
1.360540e+02 3.754502e-25
1.363677e+02 3.752639e-25
1.366822e+02 3.750782e-25
1.369974e+02 3.748929e-25
1.373133e+02 3.747081e-25
1.376299e+02 3.745237e-25
1.379473e+02 3.743398e-25
1.382654e+02 3.741564e-25
1.385843e+02 3.739735e-25
1.389038e+02 3.737910e-25
1.392241e+02 3.736090e-25
1.395452e+02 3.734274e-25
1.398670e+02 3.732463e-25
1.401895e+02 3.730657e-25
1.405128e+02 3.728855e-25
1.408368e+02 3.727058e-25
1.411616e+02 3.725266e-25
1.414871e+02 3.723478e-25
1.418134e+02 3.721695e-25
1.421404e+02 3.719917e-25
1.424682e+02 3.718144e-25
1.427967e+02 3.716375e-25
1.431260e+02 3.714610e-25
1.434561e+02 3.712851e-25
1.437869e+02 3.711096e-25
1.441184e+02 3.709345e-25
1.444508e+02 3.707599e-25
1.447839e+02 3.705858e-25
1.451178e+02 3.704122e-25
1.454524e+02 3.702390e-25
1.457878e+02 3.700663e-25
1.461240e+02 3.698941e-25
1.464610e+02 3.697223e-25
1.467987e+02 3.695510e-25
1.471372e+02 3.693802e-25
1.474765e+02 3.692098e-25
1.478166e+02 3.690399e-25
1.481575e+02 3.688704e-25
1.484991e+02 3.687015e-25
1.488416e+02 3.685329e-25
1.491848e+02 3.683649e-25
1.495288e+02 3.681973e-25
1.498736e+02 3.680302e-25
1.502192e+02 3.678636e-25
1.505657e+02 3.676974e-25
1.509129e+02 3.675317e-25
1.512609e+02 3.673665e-25
1.516097e+02 3.672017e-25
1.519593e+02 3.670374e-25
1.523097e+02 3.668735e-25
1.526609e+02 3.667102e-25
1.530130e+02 3.665473e-25
1.533658e+02 3.663848e-25
1.537195e+02 3.662229e-25
1.540740e+02 3.660614e-25
1.544293e+02 3.659004e-25
1.547854e+02 3.657398e-25
1.551423e+02 3.655797e-25
1.555001e+02 3.654201e-25
1.558587e+02 3.652609e-25
1.562181e+02 3.651023e-25
1.565783e+02 3.649441e-25
1.569394e+02 3.647863e-25
1.573013e+02 3.646291e-25
1.576640e+02 3.644723e-25
1.580276e+02 3.643159e-25
1.583920e+02 3.641601e-25
1.587573e+02 3.640047e-25
1.591233e+02 3.638498e-25
1.594903e+02 3.636954e-25
1.598581e+02 3.635414e-25
1.602267e+02 3.633879e-25
1.605962e+02 3.632349e-25
1.609665e+02 3.630823e-25
1.613377e+02 3.629303e-25
1.617098e+02 3.627787e-25
1.620827e+02 3.626275e-25
1.624564e+02 3.624769e-25
1.628311e+02 3.623267e-25
1.632065e+02 3.621770e-25
1.635829e+02 3.620278e-25
1.639601e+02 3.618791e-25
1.643382e+02 3.617308e-25
1.647172e+02 3.615830e-25
1.650970e+02 3.614357e-25
1.654777e+02 3.612888e-25
1.658593e+02 3.611425e-25
1.662418e+02 3.609966e-25
1.666252e+02 3.608512e-25
1.670094e+02 3.607062e-25
1.673945e+02 3.605618e-25
1.677805e+02 3.604178e-25
1.681674e+02 3.602743e-25
1.685552e+02 3.601313e-25
1.689439e+02 3.599888e-25
1.693335e+02 3.598467e-25
1.697240e+02 3.597052e-25
1.701154e+02 3.595641e-25
1.705077e+02 3.594235e-25
1.709009e+02 3.592833e-25
1.712950e+02 3.591437e-25
1.716900e+02 3.590046e-25
1.720859e+02 3.588659e-25
1.724827e+02 3.587277e-25
1.728805e+02 3.585900e-25
1.732791e+02 3.584528e-25
1.736787e+02 3.583160e-25
1.740792e+02 3.581798e-25
1.744806e+02 3.580440e-25
1.748830e+02 3.579088e-25
1.752863e+02 3.577740e-25
1.756905e+02 3.576397e-25
1.760956e+02 3.575059e-25
1.765017e+02 3.573726e-25
1.769087e+02 3.572397e-25
1.773167e+02 3.571074e-25
1.777256e+02 3.569756e-25
1.781354e+02 3.568442e-25
1.785462e+02 3.567133e-25
1.789579e+02 3.565830e-25
1.793706e+02 3.564531e-25
1.797842e+02 3.563237e-25
1.801988e+02 3.561948e-25
1.806143e+02 3.560664e-25
1.810308e+02 3.559385e-25
1.814483e+02 3.558111e-25
1.818667e+02 3.556842e-25
1.822861e+02 3.555578e-25
1.827065e+02 3.554319e-25
1.831278e+02 3.553064e-25
1.835501e+02 3.551815e-25
1.839734e+02 3.550571e-25
1.843976e+02 3.549332e-25
1.848228e+02 3.548098e-25
1.852490e+02 3.546868e-25
1.856762e+02 3.545644e-25
1.861044e+02 3.544425e-25
1.865335e+02 3.543211e-25
1.869637e+02 3.542002e-25
1.873948e+02 3.540798e-25
1.878270e+02 3.539599e-25
1.882601e+02 3.538405e-25
1.886942e+02 3.537216e-25
1.891293e+02 3.536032e-25
1.895655e+02 3.534854e-25
1.900026e+02 3.533680e-25
1.904408e+02 3.532512e-25
1.908799e+02 3.531348e-25
1.913201e+02 3.530190e-25
1.917613e+02 3.529036e-25
1.922035e+02 3.527888e-25
1.926467e+02 3.526745e-25
1.930910e+02 3.525608e-25
1.935362e+02 3.524475e-25
1.939825e+02 3.523347e-25
1.944298e+02 3.522225e-25
1.948782e+02 3.521108e-25
1.953276e+02 3.519996e-25
1.957780e+02 3.518889e-25
1.962295e+02 3.517787e-25
1.966820e+02 3.516690e-25
1.971355e+02 3.515599e-25
1.975901e+02 3.514513e-25
1.980458e+02 3.513432e-25
1.985025e+02 3.512356e-25
1.989602e+02 3.511286e-25
1.994190e+02 3.510221e-25
1.998789e+02 3.509161e-25
2.003398e+02 3.508106e-25
2.008018e+02 3.507057e-25
2.012648e+02 3.506013e-25
2.017290e+02 3.504974e-25
2.021942e+02 3.503940e-25
2.026604e+02 3.502912e-25
2.031277e+02 3.501889e-25
2.035962e+02 3.500871e-25
2.040657e+02 3.499859e-25
2.045362e+02 3.498852e-25
2.050079e+02 3.497850e-25
2.054806e+02 3.496854e-25
2.059545e+02 3.495863e-25
2.064294e+02 3.494878e-25
2.069054e+02 3.493897e-25
2.073826e+02 3.492923e-25
2.078608e+02 3.491953e-25
2.083401e+02 3.490989e-25
2.088206e+02 3.490031e-25
2.093021e+02 3.489078e-25
2.097848e+02 3.488130e-25
2.102685e+02 3.487188e-25
2.107534e+02 3.486251e-25
2.112394e+02 3.485319e-25
2.117265e+02 3.484394e-25
2.122148e+02 3.483473e-25
2.127041e+02 3.482558e-25
2.131946e+02 3.481649e-25
2.136863e+02 3.480745e-25
2.141790e+02 3.479847e-25
2.146729e+02 3.478954e-25
2.151680e+02 3.478067e-25
2.156641e+02 3.477185e-25
2.161615e+02 3.476309e-25
2.166599e+02 3.475438e-25
2.171595e+02 3.474573e-25
2.176603e+02 3.473714e-25
2.181622e+02 3.472860e-25
2.186653e+02 3.472012e-25
2.191696e+02 3.471169e-25
2.196750e+02 3.470332e-25
2.201816e+02 3.469501e-25
2.206893e+02 3.468675e-25
2.211982e+02 3.467855e-25
2.217083e+02 3.467041e-25
2.222195e+02 3.466233e-25
2.227320e+02 3.465430e-25
2.232456e+02 3.464633e-25
2.237604e+02 3.463841e-25
2.242764e+02 3.463056e-25
2.247936e+02 3.462276e-25
2.253120e+02 3.461502e-25
2.258315e+02 3.460733e-25
2.263523e+02 3.459971e-25
2.268743e+02 3.459214e-25
2.273975e+02 3.458463e-25
2.279218e+02 3.457718e-25
2.284474e+02 3.456978e-25
2.289742e+02 3.456245e-25
2.295022e+02 3.455517e-25
2.300315e+02 3.454795e-25
2.305619e+02 3.454079e-25
2.310936e+02 3.453369e-25
2.316265e+02 3.452665e-25
2.321606e+02 3.451967e-25
2.326960e+02 3.451275e-25
2.332326e+02 3.450588e-25
2.337704e+02 3.449908e-25
2.343095e+02 3.449234e-25
2.348498e+02 3.448565e-25
2.353914e+02 3.447903e-25
2.359342e+02 3.447246e-25
2.364783e+02 3.446596e-25
2.370236e+02 3.445951e-25
2.375702e+02 3.445313e-25
2.381180e+02 3.444681e-25
2.386671e+02 3.444054e-25
2.392175e+02 3.443434e-25
2.397691e+02 3.442820e-25
2.403220e+02 3.442212e-25
2.408762e+02 3.441611e-25
2.414317e+02 3.441015e-25
2.419884e+02 3.440425e-25
2.425465e+02 3.439842e-25
2.431058e+02 3.439265e-25
2.436664e+02 3.438694e-25
2.442283e+02 3.438129e-25
2.447915e+02 3.437570e-25
2.453560e+02 3.437018e-25
2.459217e+02 3.436472e-25
2.464888e+02 3.435932e-25
2.470572e+02 3.435399e-25
2.476270e+02 3.434871e-25
2.481980e+02 3.434350e-25
2.487703e+02 3.433836e-25
2.493440e+02 3.433327e-25
2.499190e+02 3.432825e-25
2.504953e+02 3.432330e-25
2.510730e+02 3.431840e-25
2.516519e+02 3.431358e-25
2.522322e+02 3.430881e-25
2.528139e+02 3.430411e-25
2.533969e+02 3.429948e-25
2.539812e+02 3.429490e-25
2.545669e+02 3.429040e-25
2.551539e+02 3.428596e-25
2.557423e+02 3.428158e-25
2.563321e+02 3.427727e-25
2.569232e+02 3.427302e-25
2.575156e+02 3.426884e-25
2.581095e+02 3.426472e-25
2.587047e+02 3.426067e-25
2.593012e+02 3.425669e-25
2.598992e+02 3.425277e-25
2.604985e+02 3.424892e-25
2.610992e+02 3.424514e-25
2.617013e+02 3.424142e-25
2.623048e+02 3.423776e-25
2.629097e+02 3.423418e-25
2.635160e+02 3.423066e-25
2.641236e+02 3.422721e-25
2.647327e+02 3.422383e-25
2.653432e+02 3.422051e-25
2.659551e+02 3.421726e-25
2.665684e+02 3.421408e-25
2.671831e+02 3.421097e-25
2.677992e+02 3.420792e-25
2.684167e+02 3.420495e-25
2.690357e+02 3.420204e-25
2.696561e+02 3.419920e-25
2.702779e+02 3.419643e-25
2.709012e+02 3.419373e-25
2.715259e+02 3.419110e-25
2.721520e+02 3.418854e-25
2.727796e+02 3.418604e-25
2.734087e+02 3.418362e-25
2.740391e+02 3.418127e-25
2.746711e+02 3.417898e-25
2.753045e+02 3.417677e-25
2.759393e+02 3.417463e-25
2.765756e+02 3.417256e-25
2.772134e+02 3.417056e-25
2.778527e+02 3.416863e-25
2.784934e+02 3.416677e-25
2.791356e+02 3.416498e-25
2.797793e+02 3.416326e-25
2.804245e+02 3.416162e-25
2.810712e+02 3.416005e-25
2.817193e+02 3.415855e-25
2.823690e+02 3.415712e-25
2.830201e+02 3.415576e-25
2.836727e+02 3.415448e-25
2.843269e+02 3.415327e-25
2.849826e+02 3.415213e-25
2.856397e+02 3.415107e-25
2.862984e+02 3.415007e-25
2.869586e+02 3.414916e-25
2.876203e+02 3.414831e-25
2.882836e+02 3.414754e-25
2.889484e+02 3.414685e-25
2.896147e+02 3.414623e-25
2.902826e+02 3.414568e-25
2.909520e+02 3.414521e-25
2.916229e+02 3.414481e-25
2.922954e+02 3.414449e-25
2.929694e+02 3.414424e-25
2.936450e+02 3.414407e-25
2.943221e+02 3.414397e-25
2.950009e+02 3.414396e-25
2.956811e+02 3.414401e-25
2.963630e+02 3.414414e-25
2.970464e+02 3.414435e-25
2.977314e+02 3.414464e-25
2.984179e+02 3.414500e-25
2.991061e+02 3.414544e-25
2.997958e+02 3.414596e-25
3.004872e+02 3.414656e-25
3.011801e+02 3.414723e-25
3.018746e+02 3.414798e-25
3.025708e+02 3.414881e-25
3.032685e+02 3.414972e-25
3.039678e+02 3.415070e-25
3.046688e+02 3.415177e-25
3.053713e+02 3.415291e-25
3.060755e+02 3.415413e-25
3.067813e+02 3.415543e-25
3.074888e+02 3.415682e-25
3.081979e+02 3.415828e-25
3.089086e+02 3.415982e-25
3.096209e+02 3.416144e-25
3.103349e+02 3.416314e-25
3.110505e+02 3.416493e-25
3.117678e+02 3.416679e-25
3.124868e+02 3.416874e-25
3.132073e+02 3.417077e-25
3.139296e+02 3.417287e-25
3.146535e+02 3.417506e-25
3.153791e+02 3.417734e-25
3.161064e+02 3.417969e-25
3.168353e+02 3.418213e-25
3.175660e+02 3.418465e-25
3.182983e+02 3.418725e-25
3.190323e+02 3.418994e-25
3.197680e+02 3.419271e-25
3.205053e+02 3.419556e-25
3.212444e+02 3.419850e-25
3.219852e+02 3.420152e-25
3.227277e+02 3.420463e-25
3.234719e+02 3.420782e-25
3.242179e+02 3.421109e-25
3.249655e+02 3.421445e-25
3.257149e+02 3.421790e-25
3.264660e+02 3.422143e-25
3.272188e+02 3.422505e-25
3.279734e+02 3.422875e-25
3.287297e+02 3.423254e-25
3.294878e+02 3.423641e-25
3.302476e+02 3.424038e-25
3.310091e+02 3.424443e-25
3.317724e+02 3.424856e-25
3.325375e+02 3.425279e-25
3.333043e+02 3.425710e-25
3.340729e+02 3.426150e-25
3.348433e+02 3.426599e-25
3.356155e+02 3.427056e-25
3.363894e+02 3.427523e-25
3.371651e+02 3.427998e-25
3.379426e+02 3.428483e-25
3.387219e+02 3.428976e-25
3.395030e+02 3.429478e-25
3.402859e+02 3.429990e-25
3.410706e+02 3.430510e-25
3.418571e+02 3.431039e-25
3.426454e+02 3.431578e-25
3.434356e+02 3.432125e-25
3.442275e+02 3.432682e-25
3.450213e+02 3.433248e-25
3.458170e+02 3.433823e-25
3.466144e+02 3.434407e-25
3.474137e+02 3.435000e-25
3.482148e+02 3.435603e-25
3.490178e+02 3.436215e-25
3.498227e+02 3.436837e-25
3.506294e+02 3.437467e-25
3.514379e+02 3.438107e-25
3.522483e+02 3.438757e-25
3.530606e+02 3.439416e-25
3.538748e+02 3.440084e-25
3.546908e+02 3.440762e-25
3.555087e+02 3.441449e-25
3.563285e+02 3.442146e-25
3.571502e+02 3.442853e-25
3.579738e+02 3.443569e-25
3.587993e+02 3.444295e-25
3.596267e+02 3.445030e-25
3.604560e+02 3.445775e-25
3.612872e+02 3.446530e-25
3.621204e+02 3.447294e-25
3.629554e+02 3.448069e-25
3.637924e+02 3.448853e-25
3.646313e+02 3.449647e-25
3.654721e+02 3.450451e-25
3.663149e+02 3.451265e-25
3.671597e+02 3.452088e-25
3.680063e+02 3.452922e-25
3.688550e+02 3.453766e-25
3.697055e+02 3.454620e-25
3.705581e+02 3.455484e-25
3.714126e+02 3.456358e-25
3.722691e+02 3.457242e-25
3.731275e+02 3.458136e-25
3.739880e+02 3.459041e-25
3.748504e+02 3.459956e-25
3.757148e+02 3.460881e-25
3.765812e+02 3.461816e-25
3.774496e+02 3.462762e-25
3.783200e+02 3.463719e-25
3.791924e+02 3.464685e-25
3.800668e+02 3.465663e-25
3.809433e+02 3.466651e-25
3.818217e+02 3.467649e-25
3.827022e+02 3.468658e-25
3.835847e+02 3.469678e-25
3.844693e+02 3.470709e-25
3.853558e+02 3.471751e-25
3.862445e+02 3.472803e-25
3.871352e+02 3.473867e-25
3.880279e+02 3.474941e-25
3.889227e+02 3.476027e-25
3.898196e+02 3.477123e-25
3.907185e+02 3.478232e-25
3.916195e+02 3.479351e-25
3.925226e+02 3.480482e-25
3.934277e+02 3.481624e-25
3.943350e+02 3.482778e-25
3.952443e+02 3.483944e-25
3.961557e+02 3.485122e-25
3.970693e+02 3.486312e-25
3.979849e+02 3.487515e-25
3.989027e+02 3.488730e-25
3.998226e+02 3.489957e-25
4.007445e+02 3.491198e-25
4.016687e+02 3.492452e-25
4.025949e+02 3.493719e-25
4.035233e+02 3.495000e-25
4.044538e+02 3.496296e-25
4.053865e+02 3.497606e-25
4.063213e+02 3.498933e-25
4.072583e+02 3.500275e-25
4.081975e+02 3.501634e-25
4.091388e+02 3.503012e-25
4.100822e+02 3.504409e-25
4.110279e+02 3.505827e-25
4.119757e+02 3.507268e-25
4.129257e+02 3.508735e-25
4.138780e+02 3.510230e-25
4.148324e+02 3.511758e-25
4.157890e+02 3.513324e-25
4.167478e+02 3.514935e-25
4.177088e+02 3.516601e-25
4.186720e+02 3.518336e-25
4.196375e+02 3.520158e-25
4.206052e+02 3.522095e-25
4.215751e+02 3.524191e-25
4.225473e+02 3.526509e-25
4.235217e+02 3.529160e-25
4.244983e+02 3.532330e-25
4.254772e+02 3.536369e-25
4.264584e+02 3.541988e-25
4.274418e+02 3.550834e-25
4.284275e+02 3.567454e-25
4.294154e+02 3.608608e-25
4.304056e+02 3.781828e-25
4.313982e+02 8.879996e-25
4.323930e+02 4.055613e-25
4.333901e+02 3.646283e-25
4.343895e+02 3.584756e-25
4.353912e+02 3.565914e-25
4.363952e+02 3.558489e-25
4.374015e+02 3.555363e-25
4.384102e+02 3.554212e-25
4.394212e+02 3.554095e-25
4.404345e+02 3.554574e-25
4.414501e+02 3.555422e-25
4.424681e+02 3.556512e-25
4.434884e+02 3.557770e-25
4.445111e+02 3.559148e-25
4.455362e+02 3.560616e-25
4.465636e+02 3.562154e-25
4.475934e+02 3.563748e-25
4.486255e+02 3.565387e-25
4.496600e+02 3.567064e-25
4.506970e+02 3.568774e-25
4.517363e+02 3.570513e-25
4.527780e+02 3.572278e-25
4.538221e+02 3.574066e-25
4.548686e+02 3.575875e-25
4.559175e+02 3.577705e-25
4.569689e+02 3.579554e-25
4.580227e+02 3.581420e-25
4.590789e+02 3.583305e-25
4.601375e+02 3.585205e-25
4.611986e+02 3.587122e-25
4.622621e+02 3.589055e-25
4.633281e+02 3.591003e-25
4.643965e+02 3.592967e-25
4.654674e+02 3.594945e-25
4.665408e+02 3.596938e-25
4.676166e+02 3.598946e-25
4.686950e+02 3.600968e-25
4.697758e+02 3.603004e-25
4.708591e+02 3.605055e-25
4.719449e+02 3.607120e-25
4.730332e+02 3.609199e-25
4.741240e+02 3.611292e-25
4.752174e+02 3.613399e-25
4.763132e+02 3.615521e-25
4.774116e+02 3.617656e-25
4.785125e+02 3.619805e-25
4.796160e+02 3.621969e-25
4.807220e+02 3.624146e-25
4.818305e+02 3.626337e-25
4.829416e+02 3.628542e-25
4.840553e+02 3.630762e-25
4.851715e+02 3.632995e-25
4.862903e+02 3.635242e-25
4.874117e+02 3.637504e-25
4.885357e+02 3.639779e-25
4.896623e+02 3.642069e-25
4.907914e+02 3.644372e-25
4.919232e+02 3.646690e-25
4.930576e+02 3.649022e-25
4.941946e+02 3.651369e-25
4.953342e+02 3.653732e-25
4.964764e+02 3.656093e-25
4.976213e+02 3.658488e-25
4.987688e+02 3.660892e-25
4.999190e+02 3.663309e-25
5.010718e+02 3.665741e-25
5.022273e+02 3.668187e-25
5.033854e+02 3.670648e-25
5.045462e+02 3.673122e-25
5.057097e+02 3.675612e-25
5.068759e+02 3.678115e-25
5.080447e+02 3.680634e-25
5.092163e+02 3.683167e-25
5.103906e+02 3.685714e-25
5.115675e+02 3.688276e-25
5.127472e+02 3.690853e-25
5.139296e+02 3.693444e-25
5.151147e+02 3.696050e-25
5.163026e+02 3.698671e-25
5.174932e+02 3.701307e-25
5.186865e+02 3.703958e-25
5.198826e+02 3.706623e-25
5.210815e+02 3.709304e-25
5.222831e+02 3.711999e-25
5.234875e+02 3.714709e-25
5.246946e+02 3.717435e-25
5.259046e+02 3.720175e-25
5.271173e+02 3.722931e-25
5.283329e+02 3.725701e-25
5.295512e+02 3.728487e-25
5.307724e+02 3.731288e-25
5.319963e+02 3.734105e-25
5.332231e+02 3.736936e-25
5.344527e+02 3.739783e-25
5.356852e+02 3.742646e-25
5.369205e+02 3.745523e-25
5.381586e+02 3.748417e-25
5.393996e+02 3.751325e-25
5.406435e+02 3.754250e-25
5.418902e+02 3.757189e-25
5.431398e+02 3.760145e-25
5.443923e+02 3.763116e-25
5.456477e+02 3.766102e-25
5.469059e+02 3.769105e-25
5.481671e+02 3.772123e-25
5.494312e+02 3.775157e-25
5.506982e+02 3.778207e-25
5.519681e+02 3.781273e-25
5.532409e+02 3.784354e-25
5.545167e+02 3.787452e-25
5.557954e+02 3.790565e-25
5.570771e+02 3.793695e-25
5.583617e+02 3.796841e-25
5.596493e+02 3.800002e-25
5.609399e+02 3.803180e-25
5.622334e+02 3.806375e-25
5.635299e+02 3.809585e-25
5.648294e+02 3.812812e-25
5.661319e+02 3.816055e-25
5.674374e+02 3.819314e-25
5.687459e+02 3.822590e-25
5.700575e+02 3.825882e-25
5.713720e+02 3.829191e-25
5.726896e+02 3.832516e-25
5.740102e+02 3.835858e-25
5.753339e+02 3.839216e-25
5.766606e+02 3.842591e-25
5.779904e+02 3.845983e-25
5.793233e+02 3.849391e-25
5.806592e+02 3.852817e-25
5.819982e+02 3.856259e-25
5.833403e+02 3.859718e-25
5.846855e+02 3.863193e-25
5.860338e+02 3.866686e-25
5.873852e+02 3.870196e-25
5.887397e+02 3.873723e-25
5.900973e+02 3.877266e-25
5.914581e+02 3.880827e-25
5.928220e+02 3.884405e-25
5.941890e+02 3.888001e-25
5.955593e+02 3.891613e-25
5.969326e+02 3.895243e-25
5.983091e+02 3.898890e-25
5.996889e+02 3.902554e-25
6.010717e+02 3.906236e-25
6.024578e+02 3.909935e-25
6.038471e+02 3.913652e-25
6.052396e+02 3.917386e-25
6.066353e+02 3.921138e-25
6.080342e+02 3.924908e-25
6.094363e+02 3.928695e-25
6.108417e+02 3.932500e-25
6.122503e+02 3.936322e-25
6.136621e+02 3.940162e-25
6.150772e+02 3.944021e-25
6.164956e+02 3.947897e-25
6.179172e+02 3.951791e-25
6.193422e+02 3.955703e-25
6.207704e+02 3.959632e-25
6.222019e+02 3.963580e-25
6.236367e+02 3.967546e-25
6.250748e+02 3.971531e-25
6.265162e+02 3.975533e-25
6.279610e+02 3.979553e-25
6.294090e+02 3.983592e-25
6.308605e+02 3.987649e-25
6.323152e+02 3.991725e-25
6.337734e+02 3.995819e-25
6.352348e+02 3.999931e-25
6.366997e+02 4.004062e-25
6.381679e+02 4.008211e-25
6.396396e+02 4.012379e-25
6.411146e+02 4.016566e-25
6.425930e+02 4.020771e-25
6.440748e+02 4.024995e-25
6.455600e+02 4.029237e-25
6.470487e+02 4.033499e-25
6.485408e+02 4.037779e-25
6.500364e+02 4.042078e-25
6.515353e+02 4.046396e-25
6.530378e+02 4.050733e-25
6.545437e+02 4.055089e-25
6.560531e+02 4.059464e-25
6.575659e+02 4.063859e-25
6.590823e+02 4.068272e-25
6.606021e+02 4.072705e-25
6.621255e+02 4.077157e-25
6.636524e+02 4.081628e-25
6.651828e+02 4.086118e-25
6.667167e+02 4.090628e-25
6.682541e+02 4.095157e-25
6.697951e+02 4.099706e-25
6.713397e+02 4.104274e-25
6.728878e+02 4.108862e-25
6.744395e+02 4.113469e-25
6.759947e+02 4.118096e-25
6.775536e+02 4.122743e-25
6.791160e+02 4.127410e-25
6.806821e+02 4.132096e-25
6.822517e+02 4.136802e-25
6.838250e+02 4.141528e-25
6.854019e+02 4.146274e-25
6.869825e+02 4.151040e-25
6.885666e+02 4.155826e-25
6.901545e+02 4.160632e-25
6.917460e+02 4.165458e-25
6.933412e+02 4.170305e-25
6.949400e+02 4.175171e-25
6.965425e+02 4.180058e-25
6.981488e+02 4.184965e-25
6.997587e+02 4.189892e-25
7.013724e+02 4.194840e-25
7.029897e+02 4.199809e-25
7.046108e+02 4.204797e-25
7.062357e+02 4.209807e-25
7.078643e+02 4.214837e-25
7.094966e+02 4.219887e-25
7.111327e+02 4.224958e-25
7.127726e+02 4.230050e-25
7.144162e+02 4.235163e-25
7.160637e+02 4.240297e-25
7.177149e+02 4.245451e-25
7.193700e+02 4.250627e-25
7.210289e+02 4.255823e-25
7.226916e+02 4.261041e-25
7.243581e+02 4.266279e-25
7.260285e+02 4.271539e-25
7.277027e+02 4.276819e-25
7.293808e+02 4.282121e-25
7.310627e+02 4.287445e-25
7.327486e+02 4.292789e-25
7.344383e+02 4.298155e-25
7.361319e+02 4.303542e-25
7.378294e+02 4.308951e-25
7.395309e+02 4.314382e-25
7.412363e+02 4.319833e-25
7.429455e+02 4.325307e-25
7.446588e+02 4.330802e-25
7.463760e+02 4.336319e-25
7.480971e+02 4.341858e-25
7.498222e+02 4.347418e-25
7.515513e+02 4.353000e-25
7.532844e+02 4.358604e-25
7.550215e+02 4.364231e-25
7.567626e+02 4.369879e-25
7.585077e+02 4.375549e-25
7.602568e+02 4.381241e-25
7.620100e+02 4.386956e-25
7.637672e+02 4.392693e-25
7.655284e+02 4.398452e-25
7.672937e+02 4.404233e-25
7.690631e+02 4.410037e-25
7.708366e+02 4.415863e-25
7.726141e+02 4.421712e-25
7.743958e+02 4.427583e-25
7.761816e+02 4.433477e-25
7.779714e+02 4.439393e-25
7.797654e+02 4.445332e-25
7.815636e+02 4.451294e-25
7.833659e+02 4.457279e-25
7.851723e+02 4.463287e-25
7.869829e+02 4.469317e-25
7.887977e+02 4.475371e-25
7.906167e+02 4.481448e-25
7.924399e+02 4.487547e-25
7.942672e+02 4.493670e-25
7.960988e+02 4.499816e-25
7.979346e+02 4.505986e-25
7.997747e+02 4.512179e-25
8.016190e+02 4.518395e-25
8.034675e+02 4.524635e-25
8.053203e+02 4.530899e-25
8.071774e+02 4.537187e-25
8.090387e+02 4.543498e-25
8.109044e+02 4.549833e-25
8.127744e+02 4.556193e-25
8.146486e+02 4.562577e-25
8.165272e+02 4.568985e-25
8.184101e+02 4.575418e-25
8.202974e+02 4.581877e-25
8.221890e+02 4.588361e-25
8.240850e+02 4.594871e-25
8.259853e+02 4.601408e-25
8.278900e+02 4.607973e-25
8.297992e+02 4.614567e-25
8.317127e+02 4.621193e-25
8.336306e+02 4.627855e-25
8.355530e+02 4.634559e-25
8.374798e+02 4.641316e-25
8.394110e+02 4.648147e-25
8.413467e+02 4.655100e-25
8.432868e+02 4.662289e-25
8.452315e+02 4.670077e-25
8.471806e+02 4.680132e-25
8.491342e+02 4.712111e-25
8.510923e+02 4.891912e-25
8.530549e+02 4.704719e-25
8.550221e+02 4.704992e-25
8.569938e+02 4.710347e-25
8.589700e+02 4.716689e-25
8.609508e+02 4.723364e-25
8.629361e+02 4.730191e-25
8.649261e+02 4.737105e-25
8.669206e+02 4.744079e-25
8.689197e+02 4.751097e-25
8.709235e+02 4.758153e-25
8.729318e+02 4.765243e-25
8.749448e+02 4.772364e-25
8.769624e+02 4.779514e-25
8.789847e+02 4.786692e-25
8.810117e+02 4.793899e-25
8.830433e+02 4.801132e-25
8.850796e+02 4.808392e-25
8.871206e+02 4.815679e-25
8.891663e+02 4.822992e-25
8.912167e+02 4.830332e-25
8.932719e+02 4.837699e-25
8.953318e+02 4.845091e-25
8.973964e+02 4.852510e-25
8.994658e+02 4.859955e-25
9.015400e+02 4.867427e-25
9.036189e+02 4.874924e-25
9.057027e+02 4.882449e-25
9.077913e+02 4.889999e-25
9.098846e+02 4.897576e-25
9.119828e+02 4.905180e-25
9.140859e+02 4.912810e-25
9.161938e+02 4.920467e-25
9.183065e+02 4.928150e-25
9.204241e+02 4.935860e-25
9.225466e+02 4.943597e-25
9.246740e+02 4.951360e-25
9.268063e+02 4.959151e-25
9.289436e+02 4.966968e-25
9.310857e+02 4.974812e-25
9.332328e+02 4.982683e-25
9.353848e+02 4.990582e-25
9.375419e+02 4.998507e-25
9.397038e+02 5.006460e-25
9.418708e+02 5.014440e-25
9.440428e+02 5.022447e-25
9.462197e+02 5.030481e-25
9.484017e+02 5.038543e-25
9.505887e+02 5.046633e-25
9.527808e+02 5.054750e-25
9.549779e+02 5.062894e-25
9.571801e+02 5.071066e-25
9.593874e+02 5.079266e-25
9.615997e+02 5.087494e-25
9.638172e+02 5.095750e-25
9.660398e+02 5.104033e-25
9.682674e+02 5.112345e-25
9.705003e+02 5.120684e-25
9.727383e+02 5.129052e-25
9.749814e+02 5.137448e-25
9.772297e+02 5.145872e-25
9.794832e+02 5.154324e-25
9.817419e+02 5.162805e-25
9.840058e+02 5.171314e-25
9.862749e+02 5.179851e-25
9.885493e+02 5.188417e-25
9.908289e+02 5.197012e-25
9.931138e+02 5.205635e-25
9.954039e+02 5.214287e-25
9.976993e+02 5.222968e-25
1.000000e+03 nan
