1.000000e+00 4.456562e-17
1.002306e+00 4.633448e-17
1.004617e+00 4.822453e-17
1.006934e+00 5.024346e-17
1.009256e+00 5.239953e-17
1.011583e+00 5.485166e-17
1.013916e+00 5.746851e-17
1.016254e+00 6.019771e-17
1.018598e+00 6.297554e-17
1.020947e+00 6.564834e-17
1.023301e+00 6.864846e-17
1.025661e+00 7.183308e-17
1.028026e+00 7.503025e-17
1.030396e+00 7.728871e-17
1.032773e+00 7.836481e-17
1.035154e+00 7.849515e-17
1.037541e+00 7.796012e-17
1.039934e+00 7.692548e-17
1.042332e+00 7.566587e-17
1.044735e+00 7.420970e-17
1.047145e+00 7.258556e-17
1.049559e+00 6.953977e-17
1.051980e+00 6.582339e-17
1.054406e+00 6.179736e-17
1.056837e+00 5.776715e-17
1.059274e+00 5.426547e-17
1.061717e+00 5.101977e-17
1.064165e+00 4.796111e-17
1.066619e+00 4.503387e-17
1.069079e+00 4.231146e-17
1.071544e+00 3.983258e-17
1.074015e+00 3.756770e-17
1.076492e+00 3.549120e-17
1.078974e+00 3.358200e-17
1.081462e+00 3.181417e-17
1.083956e+00 3.017870e-17
1.086456e+00 2.866713e-17
1.088961e+00 2.728545e-17
1.091472e+00 2.600012e-17
1.093989e+00 2.480302e-17
1.096512e+00 2.368679e-17
1.099040e+00 2.265577e-17
1.101575e+00 2.169105e-17
1.104115e+00 2.078740e-17
1.106661e+00 1.994007e-17
1.109213e+00 1.915199e-17
1.111771e+00 1.840945e-17
1.114335e+00 1.770925e-17
1.116904e+00 1.704839e-17
1.119480e+00 1.643029e-17
1.122062e+00 1.584526e-17
1.124649e+00 1.529088e-17
1.127242e+00 1.476491e-17
1.129842e+00 1.426938e-17
1.132447e+00 1.379851e-17
1.135059e+00 1.335064e-17
1.137676e+00 1.292427e-17
1.140300e+00 1.252076e-17
1.142929e+00 1.213566e-17
1.145565e+00 1.176833e-17
1.148207e+00 1.141872e-17
1.150854e+00 1.109103e-17
1.153508e+00 1.080552e-17
1.156168e+00 4.551406e-17
1.158834e+00 1.020946e-17
1.161507e+00 9.889843e-18
1.164185e+00 9.613326e-18
1.166870e+00 9.351965e-18
1.169560e+00 9.101885e-18
1.172257e+00 8.863043e-18
1.174961e+00 8.633384e-18
1.177670e+00 8.412347e-18
1.180386e+00 8.199458e-18
1.183108e+00 7.995300e-18
1.185836e+00 7.798275e-18
1.188571e+00 7.608113e-18
1.191312e+00 7.424555e-18
1.194059e+00 7.248165e-18
1.196812e+00 7.077641e-18
1.199572e+00 6.912720e-18
1.202338e+00 6.753150e-18
1.205111e+00 6.599502e-18
1.207890e+00 6.450752e-18
1.210675e+00 6.306686e-18
1.213467e+00 6.167102e-18
1.216265e+00 6.032368e-18
1.219070e+00 5.901731e-18
1.221881e+00 5.775034e-18
1.224699e+00 5.652128e-18
1.227523e+00 5.533339e-18
1.230354e+00 5.417982e-18
1.233191e+00 5.305943e-18
1.236035e+00 5.197113e-18
1.238885e+00 5.091798e-18
1.241742e+00 4.989428e-18
1.244605e+00 4.889895e-18
1.247475e+00 4.793099e-18
1.250352e+00 4.699296e-18
1.253235e+00 4.608025e-18
1.256125e+00 4.519205e-18
1.259022e+00 4.432757e-18
1.261925e+00 4.348918e-18
1.264835e+00 4.267265e-18
1.267752e+00 4.187728e-18
1.270676e+00 4.110238e-18
1.273606e+00 4.035018e-18
1.276543e+00 3.961714e-18
1.279486e+00 3.890266e-18
1.282437e+00 3.820616e-18
1.285394e+00 3.752917e-18
1.288358e+00 3.686778e-18
1.291329e+00 3.622092e-18
1.294307e+00 3.558865e-18
1.297292e+00 3.497516e-18
1.300283e+00 3.437570e-18
1.303282e+00 3.378912e-18
1.306287e+00 3.321434e-18
1.309300e+00 3.265038e-18
1.312319e+00 3.209558e-18
1.315345e+00 3.154985e-18
1.318378e+00 3.101307e-18
1.321418e+00 3.048617e-18
1.324466e+00 2.996801e-18
1.327520e+00 2.945786e-18
1.330581e+00 2.895493e-18
1.333649e+00 2.845906e-18
1.336725e+00 2.796904e-18
1.339807e+00 2.748420e-18
1.342897e+00 2.701025e-18
1.345994e+00 2.654740e-18
1.349098e+00 2.608969e-18
1.352209e+00 2.563633e-18
1.355327e+00 2.518648e-18
1.358452e+00 2.474039e-18
1.361585e+00 2.429589e-18
1.364725e+00 2.385197e-18
1.367872e+00 2.340753e-18
1.371026e+00 2.296233e-18
1.374188e+00 2.251407e-18
1.377356e+00 2.206147e-18
1.380533e+00 2.160318e-18
1.383716e+00 2.113868e-18
1.386907e+00 2.066572e-18
1.390105e+00 2.018294e-18
1.393311e+00 1.971727e-18
1.396524e+00 1.924755e-18
1.399744e+00 1.877029e-18
1.402972e+00 1.828491e-18
1.406207e+00 1.779097e-18
1.409450e+00 1.728869e-18
1.412700e+00 1.677740e-18
1.415958e+00 1.625724e-18
1.419223e+00 1.572855e-18
1.422496e+00 1.519233e-18
1.425776e+00 1.464905e-18
1.429064e+00 1.409986e-18
1.432359e+00 1.354616e-18
1.435662e+00 1.298983e-18
1.438973e+00 1.243240e-18
1.442291e+00 1.188450e-18
1.445617e+00 1.137175e-18
1.448951e+00 1.086449e-18
1.452292e+00 1.036402e-18
1.455641e+00 9.871825e-19
1.458998e+00 9.389306e-19
1.462362e+00 8.917878e-19
1.465735e+00 8.458616e-19
1.469115e+00 8.012574e-19
1.472502e+00 7.580655e-19
1.475898e+00 7.163662e-19
1.479301e+00 6.762120e-19
1.482713e+00 6.376466e-19
1.486132e+00 6.006982e-19
1.489559e+00 5.653834e-19
1.492994e+00 5.316996e-19
1.496437e+00 5.006162e-19
1.499888e+00 4.719630e-19
1.503346e+00 4.447020e-19
1.506813e+00 4.187987e-19
1.510288e+00 3.942164e-19
1.513770e+00 3.709149e-19
1.517261e+00 3.488517e-19
1.520760e+00 3.279806e-19
1.524267e+00 3.082548e-19
1.527782e+00 2.896270e-19
1.531305e+00 2.720496e-19
1.534836e+00 2.554742e-19
1.538375e+00 2.398534e-19
1.541923e+00 2.251408e-19
1.545479e+00 2.112910e-19
1.549043e+00 1.982592e-19
1.552615e+00 1.864794e-19
1.556195e+00 1.754949e-19
1.559784e+00 1.651389e-19
1.563380e+00 1.553780e-19
1.566986e+00 1.461804e-19
1.570599e+00 1.375156e-19
1.574221e+00 1.293544e-19
1.577851e+00 1.216693e-19
1.581490e+00 1.144336e-19
1.585137e+00 1.076221e-19
1.588792e+00 1.012108e-19
1.592456e+00 9.517699e-20
1.596128e+00 8.949886e-20
1.599809e+00 8.415624e-20
1.603498e+00 7.913057e-20
1.607195e+00 7.441864e-20
1.610902e+00 7.015036e-20
1.614616e+00 6.612527e-20
1.618340e+00 6.232998e-20
1.622072e+00 5.875158e-20
1.625812e+00 5.537779e-20
1.629561e+00 5.219711e-20
1.633319e+00 4.919855e-20
1.637085e+00 4.637172e-20
1.640861e+00 4.370693e-20
1.644644e+00 4.119484e-20
1.648437e+00 3.882685e-20
1.652238e+00 3.659484e-20
1.656048e+00 3.449106e-20
1.659867e+00 3.250816e-20
1.663695e+00 3.063927e-20
1.667531e+00 2.890010e-20
1.671377e+00 2.729514e-20
1.675231e+00 2.577936e-20
1.679094e+00 2.434808e-20
1.682966e+00 2.299639e-20
1.686847e+00 2.172005e-20
1.690737e+00 2.051475e-20
1.694636e+00 1.937650e-20
1.698544e+00 1.830161e-20
1.702460e+00 1.728619e-20
1.706386e+00 1.632704e-20
1.710321e+00 1.542158e-20
1.714265e+00 1.456688e-20
1.718218e+00 1.375958e-20
1.722181e+00 1.299686e-20
1.726152e+00 1.227660e-20
1.730132e+00 1.160951e-20
1.734122e+00 1.098527e-20
1.738121e+00 1.039530e-20
1.742129e+00 9.837325e-21
1.746147e+00 9.309925e-21
1.750173e+00 8.811114e-21
1.754209e+00 8.338457e-21
1.758254e+00 7.891346e-21
1.762309e+00 7.468701e-21
1.766373e+00 7.068934e-21
1.770446e+00 6.691004e-21
1.774529e+00 6.333567e-21
1.778621e+00 5.995939e-21
1.782722e+00 5.676726e-21
1.786833e+00 5.374399e-21
1.790954e+00 5.088374e-21
1.795084e+00 4.823909e-21
1.799223e+00 4.573603e-21
1.803372e+00 4.337545e-21
1.807531e+00 4.114276e-21
1.811699e+00 3.902893e-21
1.815877e+00 3.702768e-21
1.820064e+00 3.512762e-21
1.824261e+00 3.332682e-21
1.828468e+00 3.162416e-21
1.832684e+00 3.001243e-21
1.836911e+00 2.849603e-21
1.841147e+00 2.706322e-21
1.845392e+00 2.570635e-21
1.849648e+00 2.442262e-21
1.853913e+00 2.318981e-21
1.858188e+00 2.202577e-21
1.862473e+00 2.094838e-21
1.866768e+00 1.992715e-21
1.871073e+00 1.897407e-21
1.875388e+00 1.807131e-21
1.879712e+00 1.721083e-21
1.884047e+00 1.639534e-21
1.888391e+00 1.562119e-21
1.892746e+00 1.488852e-21
1.897111e+00 1.419735e-21
1.901486e+00 1.354175e-21
1.905870e+00 1.291873e-21
1.910265e+00 1.232717e-21
1.914670e+00 1.176491e-21
1.919086e+00 1.122617e-21
1.923511e+00 1.070988e-21
1.927947e+00 1.024910e-21
1.932393e+00 9.830328e-22
1.936849e+00 9.415184e-22
1.941315e+00 9.015821e-22
1.945792e+00 8.639069e-22
1.950279e+00 8.282030e-22
1.954776e+00 7.952310e-22
1.959284e+00 7.637465e-22
1.963802e+00 7.329491e-22
1.968331e+00 7.041402e-22
1.972870e+00 6.776435e-22
1.977419e+00 6.524351e-22
1.981979e+00 6.284384e-22
1.986549e+00 6.040388e-22
1.991130e+00 5.800198e-22
1.995722e+00 5.615102e-22
2.000324e+00 5.447557e-22
2.004937e+00 5.265978e-22
2.009560e+00 5.091482e-22
2.014194e+00 4.921729e-22
2.018839e+00 4.771178e-22
2.023495e+00 4.641752e-22
2.028161e+00 4.509996e-22
2.032838e+00 4.379943e-22
2.037525e+00 4.275656e-22
2.042224e+00 4.174478e-22
2.046933e+00 4.039298e-22
2.051654e+00 3.908157e-22
2.056385e+00 3.780736e-22
2.061127e+00 3.673638e-22
2.065880e+00 3.582004e-22
2.070644e+00 3.498989e-22
2.075419e+00 3.420271e-22
2.080205e+00 3.336395e-22
2.085001e+00 3.252994e-22
2.089810e+00 3.167850e-22
2.094629e+00 3.081816e-22
2.099459e+00 2.995818e-22
2.104300e+00 2.935999e-22
2.109153e+00 2.878781e-22
2.114016e+00 2.810928e-22
2.118891e+00 2.742446e-22
2.123778e+00 2.672749e-22
2.128675e+00 2.603470e-22
2.133584e+00 2.536075e-22
2.138504e+00 2.488673e-22
2.143435e+00 2.441407e-22
2.148378e+00 2.393422e-22
2.153332e+00 2.345176e-22
2.158298e+00 2.297120e-22
2.163275e+00 2.278199e-22
2.168263e+00 2.254256e-22
2.173263e+00 2.217887e-22
2.178275e+00 2.181519e-22
2.183298e+00 2.145394e-22
2.188333e+00 2.117024e-22
2.193379e+00 2.089427e-22
2.198437e+00 2.062679e-22
2.203507e+00 2.027876e-22
2.208588e+00 1.990195e-22
2.213681e+00 1.963620e-22
2.218786e+00 1.934893e-22
2.223902e+00 1.902940e-22
2.229031e+00 1.877274e-22
2.234171e+00 1.853900e-22
2.239323e+00 1.832773e-22
2.244487e+00 1.805822e-22
2.249663e+00 1.774005e-22
2.254850e+00 1.747375e-22
2.260050e+00 1.718806e-22
2.265262e+00 1.685408e-22
2.270485e+00 1.674945e-22
2.275721e+00 1.668627e-22
2.280969e+00 1.634510e-22
2.286229e+00 1.612022e-22
2.291501e+00 1.599091e-22
2.296785e+00 1.570155e-22
2.302082e+00 1.549338e-22
2.307390e+00 1.541901e-22
2.312711e+00 1.523562e-22
2.318044e+00 1.502001e-22
2.323390e+00 1.477913e-22
2.328747e+00 1.452838e-22
2.334117e+00 1.429188e-22
2.339500e+00 1.416381e-22
2.344895e+00 1.398917e-22
2.350302e+00 1.378084e-22
2.355722e+00 1.353391e-22
2.361154e+00 1.330892e-22
2.366599e+00 1.310426e-22
2.372057e+00 1.292654e-22
2.377527e+00 1.268729e-22
2.383009e+00 1.237573e-22
2.388504e+00 1.216822e-22
2.394012e+00 1.197324e-22
2.399533e+00 1.178638e-22
2.405066e+00 1.161853e-22
2.410612e+00 1.146088e-22
2.416171e+00 1.131538e-22
2.421743e+00 1.110594e-22
2.427327e+00 1.092346e-22
2.432925e+00 1.078764e-22
2.438535e+00 1.078490e-22
2.444159e+00 1.074050e-22
2.449795e+00 1.063023e-22
2.455444e+00 1.038504e-22
2.461106e+00 1.025435e-22
2.466782e+00 1.024508e-22
2.472470e+00 1.005957e-22
2.478172e+00 9.921956e-23
2.483886e+00 9.813824e-23
2.489614e+00 9.623173e-23
2.495355e+00 9.487681e-23
2.501110e+00 9.385927e-23
2.506877e+00 9.296774e-23
2.512658e+00 9.223030e-23
2.518452e+00 9.163650e-23
2.524260e+00 9.124948e-23
2.530081e+00 9.077242e-23
2.535915e+00 8.990064e-23
2.541763e+00 8.854848e-23
2.547624e+00 8.730855e-23
2.553499e+00 8.663620e-23
2.559388e+00 8.613697e-23
2.565289e+00 8.465631e-23
2.571205e+00 8.335017e-23
2.577134e+00 8.205126e-23
2.583077e+00 8.067114e-23
2.589034e+00 7.933334e-23
2.595004e+00 7.835782e-23
2.600988e+00 7.771337e-23
2.606986e+00 7.730264e-23
2.612998e+00 7.644770e-23
2.619023e+00 7.547998e-23
2.625063e+00 7.454038e-23
2.631116e+00 7.390776e-23
2.637184e+00 7.307438e-23
2.643265e+00 7.214857e-23
2.649360e+00 7.128896e-23
2.655470e+00 7.064393e-23
2.661593e+00 7.013048e-23
2.667731e+00 6.975847e-23
2.673883e+00 6.961421e-23
2.680049e+00 6.914767e-23
2.686229e+00 6.884414e-23
2.692424e+00 6.876350e-23
2.698632e+00 6.836424e-23
2.704855e+00 6.782862e-23
2.711093e+00 6.763496e-23
2.717345e+00 6.794056e-23
2.723611e+00 6.839158e-23
2.729891e+00 6.937725e-23
2.736187e+00 6.862880e-23
2.742496e+00 6.587186e-23
2.748821e+00 6.491320e-23
2.755159e+00 6.431104e-23
2.761513e+00 6.358871e-23
2.767881e+00 6.274633e-23
2.774264e+00 6.225243e-23
2.780661e+00 6.135054e-23
2.787073e+00 6.060509e-23
2.793500e+00 5.992097e-23
2.799942e+00 5.901401e-23
2.806399e+00 5.850252e-23
2.812870e+00 5.772678e-23
2.819357e+00 5.700841e-23
2.825858e+00 5.652895e-23
2.832375e+00 5.602316e-23
2.838906e+00 5.540183e-23
2.845453e+00 5.427003e-23
2.852014e+00 5.308061e-23
2.858591e+00 5.255008e-23
2.865183e+00 5.155465e-23
2.871790e+00 5.133187e-23
2.878413e+00 5.069568e-23
2.885050e+00 4.950074e-23
2.891703e+00 4.843208e-23
2.898372e+00 4.843686e-23
2.905055e+00 4.799167e-23
2.911754e+00 4.673211e-23
2.918469e+00 4.512686e-23
2.925199e+00 4.432222e-23
2.931944e+00 4.354761e-23
2.938705e+00 4.284840e-23
2.945482e+00 4.183764e-23
2.952274e+00 4.088626e-23
2.959082e+00 4.056141e-23
2.965906e+00 4.023452e-23
2.972745e+00 3.954481e-23
2.979601e+00 3.891051e-23
2.986472e+00 3.833231e-23
2.993358e+00 3.783215e-23
3.000261e+00 3.754191e-23
3.007180e+00 3.711246e-23
3.014114e+00 3.668628e-23
3.021065e+00 3.612673e-23
3.028031e+00 3.575931e-23
3.035014e+00 3.565805e-23
3.042013e+00 3.528018e-23
3.049028e+00 3.474028e-23
3.056059e+00 3.427330e-23
3.063106e+00 3.369855e-23
3.070170e+00 3.324495e-23
3.077250e+00 3.291691e-23
3.084346e+00 3.255926e-23
3.091458e+00 3.274125e-23
3.098587e+00 3.288226e-23
3.105733e+00 3.314314e-23
3.112894e+00 3.362698e-23
3.120073e+00 3.445667e-23
3.127268e+00 3.480148e-23
3.134479e+00 3.348409e-23
3.141707e+00 3.200533e-23
3.148952e+00 3.128061e-23
3.156214e+00 2.987596e-23
3.163492e+00 2.888147e-23
3.170787e+00 2.833516e-23
3.178099e+00 2.798125e-23
3.185427e+00 2.762010e-23
3.192773e+00 2.720159e-23
3.200136e+00 2.679768e-23
3.207515e+00 2.668864e-23
3.214912e+00 2.644619e-23
3.222325e+00 2.627195e-23
3.229756e+00 2.582186e-23
3.237204e+00 2.540225e-23
3.244669e+00 2.515291e-23
3.252151e+00 2.480016e-23
3.259651e+00 2.426517e-23
3.267167e+00 2.384859e-23
3.274702e+00 2.375548e-23
3.282253e+00 2.357694e-23
3.289822e+00 2.339437e-23
3.297408e+00 2.321060e-23
3.305012e+00 2.311908e-23
3.312634e+00 2.303816e-23
3.320272e+00 2.288656e-23
3.327929e+00 2.266070e-23
3.335603e+00 2.252682e-23
3.343295e+00 2.268327e-23
3.351005e+00 2.271881e-23
3.358732e+00 2.284094e-23
3.366478e+00 2.282664e-23
3.374241e+00 2.279586e-23
3.382022e+00 2.258913e-23
3.389821e+00 2.230061e-23
3.397638e+00 2.206214e-23
3.405473e+00 2.195677e-23
3.413326e+00 2.184269e-23
3.421197e+00 2.181956e-23
3.429086e+00 2.190181e-23
3.436994e+00 2.195946e-23
3.444919e+00 2.199090e-23
3.452863e+00 2.199581e-23
3.460826e+00 2.186704e-23
3.468806e+00 2.170803e-23
3.476805e+00 2.167126e-23
3.484823e+00 2.147775e-23
3.492859e+00 2.126835e-23
3.500914e+00 2.071426e-23
3.508987e+00 2.057793e-23
3.517078e+00 1.988475e-23
3.525189e+00 1.937023e-23
3.533318e+00 1.911556e-23
3.541466e+00 1.835063e-23
3.549633e+00 1.790003e-23
3.557818e+00 1.733512e-23
3.566022e+00 1.681564e-23
3.574246e+00 1.653687e-23
3.582488e+00 1.622260e-23
3.590749e+00 1.578423e-23
3.599029e+00 1.550797e-23
3.607329e+00 1.523421e-23
3.615647e+00 1.504145e-23
3.623985e+00 1.472759e-23
3.632342e+00 1.457796e-23
3.640718e+00 1.434218e-23
3.649114e+00 1.415622e-23
3.657529e+00 1.399782e-23
3.665963e+00 1.380638e-23
3.674417e+00 1.373602e-23
3.682890e+00 1.352966e-23
3.691383e+00 1.341035e-23
3.699895e+00 1.334444e-23
3.708427e+00 1.330486e-23
3.716979e+00 1.315585e-23
3.725550e+00 1.302959e-23
3.734141e+00 1.296063e-23
3.742752e+00 1.290564e-23
3.751383e+00 1.278955e-23
3.760034e+00 1.264540e-23
3.768704e+00 1.250645e-23
3.777395e+00 1.239442e-23
3.786106e+00 1.229926e-23
3.794836e+00 1.216450e-23
3.803587e+00 1.204123e-23
3.812358e+00 1.200743e-23
3.821150e+00 1.192853e-23
3.829961e+00 1.180557e-23
3.838793e+00 1.173745e-23
3.847646e+00 1.166181e-23
3.856518e+00 1.157973e-23
3.865411e+00 1.143612e-23
3.874325e+00 1.139561e-23
3.883259e+00 1.123901e-23
3.892214e+00 1.114706e-23
3.901190e+00 1.108100e-23
3.910186e+00 1.103535e-23
3.919203e+00 1.095934e-23
3.928240e+00 1.089681e-23
3.937299e+00 1.079552e-23
3.946378e+00 1.068687e-23
3.955479e+00 1.055588e-23
3.964600e+00 1.049121e-23
3.973743e+00 1.042787e-23
3.982906e+00 1.031103e-23
3.992091e+00 1.031427e-23
4.001296e+00 1.019752e-23
4.010524e+00 1.005881e-23
4.019772e+00 9.960626e-24
4.029041e+00 9.942893e-24
4.038332e+00 9.986419e-24
4.047645e+00 1.028868e-23
4.056979e+00 1.003161e-23
4.066334e+00 9.735406e-24
4.075711e+00 9.649417e-24
4.085110e+00 9.439556e-24
4.094530e+00 9.419418e-24
4.103972e+00 9.434944e-24
4.113436e+00 9.393037e-24
4.122922e+00 9.281649e-24
4.132429e+00 9.170328e-24
4.141958e+00 9.282235e-24
4.151510e+00 9.733619e-24
4.161083e+00 9.423880e-24
4.170679e+00 9.200961e-24
4.180296e+00 8.850329e-24
4.189936e+00 8.613792e-24
4.199598e+00 8.543386e-24
4.209282e+00 8.513885e-24
4.218989e+00 8.471459e-24
4.228718e+00 8.434210e-24
4.238470e+00 8.500439e-24
4.248244e+00 8.475434e-24
4.258040e+00 8.270589e-24
4.267859e+00 8.150378e-24
4.277701e+00 8.097957e-24
4.287565e+00 8.079591e-24
4.297452e+00 8.074393e-24
4.307362e+00 7.967400e-24
4.317295e+00 7.856128e-24
4.327251e+00 7.838915e-24
4.337230e+00 7.760488e-24
4.347231e+00 7.718334e-24
4.357256e+00 7.723413e-24
4.367304e+00 7.710012e-24
4.377375e+00 7.844118e-24
4.387469e+00 7.826351e-24
4.397587e+00 7.865659e-24
4.407728e+00 8.095797e-24
4.417892e+00 7.669281e-24
4.428079e+00 7.682195e-24
4.438291e+00 7.678818e-24
4.448525e+00 7.568109e-24
4.458784e+00 7.516192e-24
4.469066e+00 7.429493e-24
4.479371e+00 7.323314e-24
4.489701e+00 7.402792e-24
4.500054e+00 7.721231e-24
4.510431e+00 7.149656e-24
4.520832e+00 6.878484e-24
4.531257e+00 6.759667e-24
4.541707e+00 6.723013e-24
4.552180e+00 6.653542e-24
4.562677e+00 6.578967e-24
4.573199e+00 6.536688e-24
4.583745e+00 6.486465e-24
4.594315e+00 6.431296e-24
4.604909e+00 6.369427e-24
4.615528e+00 6.344839e-24
4.626172e+00 6.290270e-24
4.636840e+00 6.385570e-24
4.647532e+00 6.214613e-24
4.658249e+00 6.168852e-24
4.668991e+00 6.204511e-24
4.679758e+00 6.437595e-24
4.690550e+00 6.914052e-24
4.701366e+00 6.099043e-24
4.712208e+00 5.899950e-24
4.723074e+00 5.841155e-24
4.733965e+00 5.798922e-24
4.744882e+00 5.769349e-24
4.755824e+00 5.744619e-24
4.766791e+00 5.705012e-24
4.777783e+00 5.668787e-24
4.788800e+00 5.630167e-24
4.799843e+00 5.589715e-24
4.810912e+00 5.553182e-24
4.822006e+00 5.532414e-24
4.833126e+00 5.525188e-24
4.844271e+00 5.495856e-24
4.855442e+00 5.470499e-24
4.866638e+00 5.437906e-24
4.877861e+00 5.409529e-24
4.889109e+00 5.394586e-24
4.900384e+00 5.392924e-24
4.911684e+00 5.407018e-24
4.923010e+00 5.431177e-24
4.934363e+00 5.449488e-24
4.945741e+00 5.493445e-24
4.957146e+00 5.560901e-24
4.968578e+00 5.612722e-24
4.980035e+00 5.626952e-24
4.991519e+00 5.530548e-24
5.003030e+00 5.482023e-24
5.014567e+00 5.424687e-24
5.026130e+00 5.428462e-24
5.037721e+00 5.430510e-24
5.049338e+00 5.464740e-24
5.060981e+00 5.486782e-24
5.072652e+00 5.503138e-24
5.084350e+00 5.471011e-24
5.096074e+00 5.374642e-24
5.107826e+00 5.249180e-24
5.119605e+00 5.126118e-24
5.131410e+00 4.999773e-24
5.143243e+00 4.928592e-24
5.155104e+00 4.901522e-24
5.166991e+00 4.865984e-24
5.178907e+00 4.864692e-24
5.190849e+00 5.074180e-24
5.202819e+00 4.936027e-24
5.214817e+00 5.119663e-24
5.226842e+00 4.709848e-24
5.238896e+00 4.517770e-24
5.250977e+00 4.465826e-24
5.263085e+00 4.422517e-24
5.275222e+00 4.383025e-24
5.287387e+00 4.358135e-24
5.299580e+00 4.330969e-24
5.311800e+00 4.298063e-24
5.324049e+00 4.297603e-24
5.336327e+00 4.281977e-24
5.348632e+00 4.250152e-24
5.360966e+00 4.212918e-24
5.373329e+00 4.167691e-24
5.385720e+00 4.162712e-24
5.398139e+00 4.176027e-24
5.410587e+00 4.129228e-24
5.423064e+00 4.069509e-24
5.435570e+00 4.061347e-24
5.448104e+00 4.021376e-24
5.460668e+00 3.988395e-24
5.473260e+00 3.960476e-24
5.485881e+00 3.930128e-24
5.498532e+00 3.907034e-24
5.511212e+00 3.888559e-24
5.523920e+00 3.880003e-24
5.536659e+00 3.929726e-24
5.549426e+00 4.080963e-24
5.562223e+00 4.379300e-24
5.575050e+00 4.209445e-24
5.587906e+00 3.883484e-24
5.600792e+00 3.761380e-24
5.613707e+00 3.707235e-24
5.626652e+00 3.643754e-24
5.639627e+00 3.580580e-24
5.652632e+00 3.539416e-24
5.665668e+00 3.497228e-24
5.678733e+00 3.460214e-24
5.691828e+00 3.462125e-24
5.704953e+00 3.462889e-24
5.718109e+00 3.421560e-24
5.731295e+00 3.371263e-24
5.744511e+00 3.354029e-24
5.757758e+00 3.329483e-24
5.771036e+00 3.314055e-24
5.784344e+00 3.289014e-24
5.797682e+00 3.257983e-24
5.811052e+00 3.238758e-24
5.824452e+00 3.231626e-24
5.837883e+00 3.218877e-24
5.851346e+00 3.202807e-24
5.864839e+00 3.215912e-24
5.878363e+00 3.174191e-24
5.891919e+00 3.151199e-24
5.905506e+00 3.121706e-24
5.919124e+00 3.115384e-24
5.932773e+00 3.106879e-24
5.946454e+00 3.083709e-24
5.960167e+00 3.080773e-24
5.973911e+00 3.075050e-24
5.987687e+00 3.060774e-24
6.001495e+00 3.037039e-24
6.015334e+00 3.023134e-24
6.029206e+00 2.991083e-24
6.043109e+00 2.977040e-24
6.057044e+00 2.948717e-24
6.071012e+00 2.924628e-24
6.085012e+00 2.922420e-24
6.099044e+00 2.890912e-24
6.113108e+00 2.864729e-24
6.127205e+00 2.849857e-24
6.141335e+00 2.832715e-24
6.155496e+00 2.806278e-24
6.169691e+00 2.817955e-24
6.183918e+00 2.800774e-24
6.198179e+00 2.773787e-24
6.212472e+00 2.775504e-24
6.226798e+00 2.919479e-24
6.241157e+00 2.810612e-24
6.255549e+00 2.770036e-24
6.269974e+00 2.700140e-24
6.284433e+00 2.672125e-24
6.298925e+00 2.662615e-24
6.313450e+00 2.649901e-24
6.328009e+00 2.655320e-24
6.342601e+00 2.660003e-24
6.357228e+00 2.652060e-24
6.371887e+00 2.634279e-24
6.386581e+00 2.597114e-24
6.401308e+00 2.573181e-24
6.416070e+00 2.564972e-24
6.430865e+00 2.536698e-24
6.445695e+00 2.506618e-24
6.460559e+00 2.498580e-24
6.475457e+00 2.478440e-24
6.490389e+00 2.451854e-24
6.505356e+00 2.445442e-24
6.520358e+00 2.442428e-24
6.535394e+00 2.438188e-24
6.550464e+00 2.420743e-24
6.565570e+00 2.405651e-24
6.580710e+00 2.401489e-24
6.595885e+00 2.402315e-24
6.611095e+00 2.395023e-24
6.626341e+00 2.396648e-24
6.641621e+00 2.386196e-24
6.656937e+00 2.391231e-24
6.672288e+00 2.377132e-24
6.687674e+00 2.368672e-24
6.703096e+00 2.364565e-24
6.718553e+00 2.359115e-24
6.734046e+00 2.350693e-24
6.749575e+00 2.338636e-24
6.765140e+00 2.312408e-24
6.780740e+00 2.294794e-24
6.796376e+00 2.272914e-24
6.812049e+00 2.246500e-24
6.827758e+00 2.223616e-24
6.843502e+00 2.200709e-24
6.859284e+00 2.184595e-24
6.875101e+00 2.167095e-24
6.890955e+00 2.142595e-24
6.906846e+00 2.121761e-24
6.922773e+00 2.111308e-24
6.938737e+00 2.099054e-24
6.954738e+00 2.138008e-24
6.970775e+00 2.075315e-24
6.986850e+00 2.056589e-24
7.002962e+00 2.046401e-24
7.019111e+00 2.037098e-24
7.035297e+00 2.031874e-24
7.051520e+00 2.025708e-24
7.067781e+00 2.016196e-24
7.084080e+00 1.999466e-24
7.100415e+00 1.995583e-24
7.116789e+00 1.991273e-24
7.133200e+00 1.990822e-24
7.149650e+00 1.997025e-24
7.166137e+00 1.975853e-24
7.182662e+00 1.966234e-24
7.199225e+00 1.950128e-24
7.215827e+00 1.939996e-24
7.232466e+00 1.934204e-24
7.249145e+00 1.926913e-24
7.265861e+00 1.908702e-24
7.282616e+00 1.905501e-24
7.299410e+00 1.893033e-24
7.316243e+00 1.878398e-24
7.333114e+00 1.871740e-24
7.350024e+00 1.857426e-24
7.366973e+00 1.852380e-24
7.383962e+00 1.839752e-24
7.400989e+00 1.832646e-24
7.418056e+00 1.825001e-24
7.435162e+00 1.827026e-24
7.452307e+00 1.867761e-24
7.469493e+00 1.854188e-24
7.486717e+00 1.791737e-24
7.503982e+00 1.781891e-24
7.521286e+00 1.768118e-24
7.538630e+00 1.760682e-24
7.556014e+00 1.752440e-24
7.573438e+00 1.748456e-24
7.590903e+00 1.739636e-24
7.608407e+00 1.733137e-24
7.625953e+00 1.720003e-24
7.643538e+00 1.713683e-24
7.661164e+00 1.708385e-24
7.678831e+00 1.701128e-24
7.696538e+00 1.703933e-24
7.714287e+00 1.693872e-24
7.732076e+00 1.680209e-24
7.749906e+00 1.670636e-24
7.767777e+00 1.665485e-24
7.785690e+00 1.655784e-24
7.803644e+00 1.655197e-24
7.821639e+00 1.660491e-24
7.839676e+00 1.659659e-24
7.857754e+00 1.634440e-24
7.875874e+00 1.623087e-24
7.894036e+00 1.624454e-24
7.912240e+00 1.614194e-24
7.930485e+00 1.609544e-24
7.948773e+00 1.597841e-24
7.967103e+00 1.586436e-24
7.985475e+00 1.581497e-24
8.003890e+00 1.576900e-24
8.022347e+00 1.570527e-24
8.040846e+00 1.556704e-24
8.059389e+00 1.548926e-24
8.077974e+00 1.539776e-24
8.096602e+00 1.532530e-24
8.115272e+00 1.528045e-24
8.133986e+00 1.524600e-24
8.152743e+00 1.519602e-24
8.171544e+00 1.512534e-24
8.190387e+00 1.503932e-24
8.209274e+00 1.498303e-24
8.228205e+00 1.498064e-24
8.247179e+00 1.488132e-24
8.266197e+00 1.483044e-24
8.285259e+00 1.478779e-24
8.304365e+00 1.476466e-24
8.323515e+00 1.520915e-24
8.342709e+00 1.527093e-24
8.361947e+00 1.455470e-24
8.381230e+00 1.445654e-24
8.400557e+00 1.442133e-24
8.419929e+00 1.444532e-24
8.439346e+00 1.436611e-24
8.458807e+00 1.429438e-24
8.478313e+00 1.422885e-24
8.497864e+00 1.420002e-24
8.517460e+00 1.414531e-24
8.537101e+00 1.407933e-24
8.556788e+00 1.405840e-24
8.576520e+00 1.409070e-24
8.596298e+00 1.395598e-24
8.616121e+00 1.385521e-24
8.635989e+00 1.376425e-24
8.655904e+00 1.372406e-24
8.675865e+00 1.366558e-24
8.695871e+00 1.360289e-24
8.715924e+00 1.358281e-24
8.736023e+00 1.358720e-24
8.756168e+00 1.354593e-24
8.776360e+00 1.349286e-24
8.796599e+00 1.343286e-24
8.816884e+00 1.351447e-24
8.837215e+00 1.331655e-24
8.857594e+00 1.329346e-24
8.878020e+00 1.328909e-24
8.898493e+00 1.324377e-24
8.919012e+00 1.320340e-24
8.939580e+00 1.315647e-24
8.960195e+00 1.311040e-24
8.980857e+00 1.310450e-24
9.001567e+00 1.304987e-24
9.022324e+00 1.303268e-24
9.043130e+00 1.300435e-24
9.063984e+00 1.303178e-24
9.084885e+00 1.294238e-24
9.105835e+00 1.288335e-24
9.126833e+00 1.285585e-24
9.147880e+00 1.283576e-24
9.168975e+00 1.280499e-24
9.190118e+00 1.276724e-24
9.211311e+00 1.277130e-24
9.232552e+00 1.278183e-24
9.253843e+00 1.282987e-24
9.275182e+00 1.377472e-24
9.296571e+00 1.307974e-24
9.318009e+00 1.289093e-24
9.339496e+00 1.277894e-24
9.361033e+00 1.266833e-24
9.382620e+00 1.259660e-24
9.404256e+00 1.255706e-24
9.425942e+00 1.255149e-24
9.447679e+00 1.254037e-24
9.469465e+00 1.253782e-24
9.491302e+00 1.257838e-24
9.513189e+00 1.261327e-24
9.535126e+00 1.255172e-24
9.557114e+00 1.244503e-24
9.579153e+00 1.240137e-24
9.601243e+00 1.239939e-24
9.623383e+00 1.239746e-24
9.645575e+00 1.244182e-24
9.667817e+00 1.236538e-24
9.690112e+00 1.235761e-24
9.712457e+00 1.228468e-24
9.734854e+00 1.224874e-24
9.757303e+00 1.222949e-24
9.779803e+00 1.219584e-24
9.802355e+00 1.215898e-24
9.824960e+00 1.212057e-24
9.847616e+00 1.210526e-24
9.870325e+00 1.208641e-24
9.893086e+00 1.206581e-24
9.915899e+00 1.202754e-24
9.938766e+00 1.201304e-24
9.961684e+00 1.199809e-24
9.984656e+00 1.200646e-24
1.000768e+01 1.249623e-24
1.003076e+01 1.188268e-24
1.005389e+01 1.184945e-24
1.007707e+01 1.183755e-24
1.010031e+01 1.182175e-24
1.012360e+01 1.178253e-24
1.014695e+01 1.175451e-24
1.017035e+01 1.172753e-24
1.019380e+01 1.170237e-24
1.021731e+01 1.168358e-24
1.024087e+01 1.167027e-24
1.026448e+01 1.164368e-24
1.028815e+01 1.161461e-24
1.031188e+01 1.159181e-24
1.033566e+01 1.157357e-24
1.035949e+01 1.156032e-24
1.038338e+01 1.153127e-24
1.040732e+01 1.161878e-24
1.043132e+01 1.152228e-24
1.045538e+01 1.148863e-24
1.047949e+01 1.147575e-24
1.050365e+01 1.145692e-24
1.052788e+01 1.144167e-24
1.055215e+01 1.143050e-24
1.057649e+01 1.143023e-24
1.060088e+01 1.141753e-24
1.062532e+01 1.138431e-24
1.064982e+01 1.138322e-24
1.067438e+01 1.139393e-24
1.069900e+01 1.136013e-24
1.072367e+01 1.132629e-24
1.074840e+01 1.130345e-24
1.077318e+01 1.129489e-24
1.079803e+01 1.128976e-24
1.082293e+01 1.126744e-24
1.084789e+01 1.124555e-24
1.087290e+01 1.122772e-24
1.089797e+01 1.121771e-24
1.092311e+01 1.120954e-24
1.094829e+01 1.120050e-24
1.097354e+01 1.118638e-24
1.099885e+01 1.116951e-24
1.102421e+01 1.115518e-24
1.104963e+01 1.114364e-24
1.107511e+01 1.113188e-24
1.110065e+01 1.111969e-24
1.112625e+01 1.110764e-24
1.115191e+01 1.109409e-24
1.117762e+01 1.108334e-24
1.120340e+01 1.107114e-24
1.122923e+01 1.105816e-24
1.125513e+01 1.104802e-24
1.128108e+01 1.103759e-24
1.130710e+01 1.102697e-24
1.133317e+01 1.101675e-24
1.135931e+01 1.100532e-24
1.138550e+01 1.099647e-24
1.141176e+01 1.098300e-24
1.143807e+01 1.097264e-24
1.146445e+01 1.096470e-24
1.149088e+01 1.095392e-24
1.151738e+01 1.094603e-24
1.154394e+01 1.093642e-24
1.157056e+01 1.092620e-24
1.159724e+01 1.091834e-24
1.162399e+01 1.090421e-24
1.165079e+01 1.089442e-24
1.167766e+01 1.088276e-24
1.170459e+01 1.087942e-24
1.173158e+01 1.086848e-24
1.175863e+01 1.086052e-24
1.178575e+01 1.084418e-24
1.181293e+01 1.083223e-24
1.184017e+01 1.082772e-24
1.186747e+01 1.081584e-24
1.189484e+01 1.080658e-24
1.192227e+01 1.079625e-24
1.194976e+01 1.078708e-24
1.197731e+01 1.077855e-24
1.200493e+01 1.077310e-24
1.203262e+01 1.076279e-24
1.206037e+01 1.074970e-24
1.208818e+01 1.074719e-24
1.211605e+01 1.073854e-24
1.214399e+01 1.072576e-24
1.217200e+01 1.071419e-24
1.220006e+01 1.070512e-24
1.222820e+01 1.069626e-24
1.225640e+01 1.068669e-24
1.228466e+01 1.067497e-24
1.231299e+01 1.067228e-24
1.234138e+01 1.065379e-24
1.236984e+01 1.064386e-24
1.239837e+01 1.063166e-24
1.242696e+01 1.063061e-24
1.245561e+01 1.083482e-24
1.248434e+01 1.062282e-24
1.251313e+01 1.060087e-24
1.254198e+01 1.057651e-24
1.257090e+01 1.055881e-24
1.259989e+01 1.054805e-24
1.262895e+01 1.053231e-24
1.265807e+01 1.051959e-24
1.268726e+01 1.050739e-24
1.271652e+01 1.049432e-24
1.274584e+01 1.048070e-24
1.277523e+01 1.046860e-24
1.280469e+01 1.045520e-24
1.283422e+01 1.044502e-24
1.286382e+01 1.043403e-24
1.289348e+01 1.041861e-24
1.292321e+01 1.040666e-24
1.295301e+01 1.039386e-24
1.298288e+01 1.037995e-24
1.301282e+01 1.036691e-24
1.304283e+01 1.035473e-24
1.307291e+01 1.033881e-24
1.310305e+01 1.032744e-24
1.313327e+01 1.031478e-24
1.316355e+01 1.030415e-24
1.319391e+01 1.028970e-24
1.322433e+01 1.028311e-24
1.325483e+01 1.026534e-24
1.328539e+01 1.024952e-24
1.331603e+01 1.023741e-24
1.334674e+01 1.022436e-24
1.337752e+01 1.021118e-24
1.340836e+01 1.019948e-24
1.343928e+01 1.018640e-24
1.347027e+01 1.017395e-24
1.350134e+01 1.016105e-24
1.353247e+01 1.014582e-24
1.356368e+01 1.013250e-24
1.359496e+01 1.011913e-24
1.362631e+01 1.010440e-24
1.365773e+01 1.009040e-24
1.368922e+01 1.007495e-24
1.372079e+01 1.006170e-24
1.375243e+01 1.004636e-24
1.378414e+01 1.003239e-24
1.381593e+01 1.001827e-24
1.384779e+01 1.000464e-24
1.387972e+01 9.988638e-25
1.391173e+01 9.973594e-25
1.394381e+01 9.958246e-25
1.397596e+01 9.942063e-25
1.400819e+01 9.927630e-25
1.404050e+01 9.911857e-25
1.407287e+01 9.897711e-25
1.410533e+01 9.882530e-25
1.413785e+01 9.868025e-25
1.417045e+01 9.852201e-25
1.420313e+01 9.838737e-25
1.423588e+01 9.825351e-25
1.426871e+01 9.808994e-25
1.430162e+01 9.795814e-25
1.433460e+01 9.780896e-25
1.436765e+01 9.766854e-25
1.440078e+01 9.754334e-25
1.443399e+01 9.740215e-25
1.446728e+01 9.725207e-25
1.450064e+01 9.711642e-25
1.453408e+01 9.695535e-25
1.456759e+01 9.676995e-25
1.460119e+01 9.658924e-25
1.463486e+01 9.641201e-25
1.466860e+01 9.625110e-25
1.470243e+01 9.606857e-25
1.473633e+01 9.590291e-25
1.477032e+01 9.574022e-25
1.480438e+01 9.558621e-25
1.483852e+01 9.543069e-25
1.487273e+01 9.527639e-25
1.490703e+01 9.512647e-25
1.494141e+01 9.497882e-25
1.497586e+01 9.481554e-25
1.501040e+01 9.469007e-25
1.504501e+01 9.451932e-25
1.507970e+01 9.435453e-25
1.511448e+01 9.419068e-25
1.514933e+01 9.403398e-25
1.518427e+01 9.385243e-25
1.521928e+01 9.367843e-25
1.525438e+01 9.351138e-25
1.528955e+01 9.335119e-25
1.532481e+01 9.319291e-25
1.536015e+01 9.303030e-25
1.539557e+01 9.286735e-25
1.543107e+01 9.270796e-25
1.546666e+01 9.254560e-25
1.550232e+01 9.237718e-25
1.553807e+01 9.221591e-25
1.557390e+01 9.205442e-25
1.560982e+01 9.189591e-25
1.564581e+01 9.173759e-25
1.568189e+01 9.157932e-25
1.571805e+01 9.141532e-25
1.575430e+01 9.125965e-25
1.579063e+01 9.110390e-25
1.582704e+01 9.094653e-25
1.586354e+01 9.079359e-25
1.590012e+01 9.063741e-25
1.593679e+01 9.048530e-25
1.597354e+01 9.033353e-25
1.601037e+01 9.017483e-25
1.604729e+01 9.001999e-25
1.608430e+01 8.986899e-25
1.612139e+01 8.971797e-25
1.615857e+01 8.957077e-25
1.619583e+01 8.942298e-25
1.623317e+01 8.926584e-25
1.627061e+01 8.911967e-25
1.630813e+01 8.896496e-25
1.634574e+01 8.881701e-25
1.638343e+01 8.867498e-25
1.642121e+01 8.852884e-25
1.645908e+01 8.838911e-25
1.649703e+01 8.824570e-25
1.653507e+01 8.810561e-25
1.657320e+01 8.795379e-25
1.661142e+01 8.782795e-25
1.664973e+01 8.766908e-25
1.668812e+01 8.750200e-25
1.672661e+01 8.734764e-25
1.676518e+01 8.720265e-25
1.680384e+01 8.705976e-25
1.684259e+01 8.692106e-25
1.688143e+01 8.677731e-25
1.692035e+01 8.664021e-25
1.695937e+01 8.650249e-25
1.699848e+01 8.636752e-25
1.703768e+01 8.623286e-25
1.707697e+01 8.610288e-25
1.711635e+01 8.597519e-25
1.715582e+01 8.584324e-25
1.719538e+01 8.571695e-25
1.723503e+01 8.559467e-25
1.727478e+01 8.547519e-25
1.731461e+01 8.535323e-25
1.735454e+01 8.524056e-25
1.739456e+01 8.513317e-25
1.743467e+01 8.502509e-25
1.747488e+01 8.492764e-25
1.751517e+01 8.482710e-25
1.755556e+01 8.471703e-25
1.759605e+01 8.460617e-25
1.763662e+01 8.447892e-25
1.767729e+01 8.434059e-25
1.771806e+01 8.421576e-25
1.775892e+01 8.408808e-25
1.779987e+01 8.396397e-25
1.784092e+01 8.383491e-25
1.788206e+01 8.372820e-25
1.792329e+01 8.361822e-25
1.796462e+01 8.351145e-25
1.800605e+01 8.340440e-25
1.804757e+01 8.329924e-25
1.808919e+01 8.319989e-25
1.813090e+01 8.309975e-25
1.817271e+01 8.300777e-25
1.821462e+01 8.291253e-25
1.825662e+01 8.281991e-25
1.829872e+01 8.272833e-25
1.834092e+01 8.264683e-25
1.838322e+01 8.255168e-25
1.842561e+01 8.247053e-25
1.846810e+01 8.238069e-25
1.851068e+01 8.228825e-25
1.855337e+01 8.219814e-25
1.859615e+01 8.210600e-25
1.863904e+01 8.201256e-25
1.868202e+01 8.192863e-25
1.872510e+01 8.184902e-25
1.876828e+01 8.176952e-25
1.881156e+01 8.169061e-25
1.885494e+01 8.161496e-25
1.889842e+01 8.153968e-25
1.894200e+01 8.146938e-25
1.898568e+01 8.140080e-25
1.902946e+01 8.133299e-25
1.907334e+01 8.126728e-25
1.911733e+01 8.120469e-25
1.916141e+01 8.114150e-25
1.920560e+01 8.107955e-25
1.924989e+01 8.102119e-25
1.929428e+01 8.096447e-25
1.933877e+01 8.090820e-25
1.938336e+01 8.085507e-25
1.942806e+01 8.080453e-25
1.947286e+01 8.075247e-25
1.951777e+01 8.070411e-25
1.956278e+01 8.065826e-25
1.960789e+01 8.061264e-25
1.965310e+01 8.056981e-25
1.969842e+01 8.052851e-25
1.974385e+01 8.048858e-25
1.978938e+01 8.045007e-25
1.983501e+01 8.041303e-25
1.988075e+01 8.037834e-25
1.992660e+01 8.034346e-25
1.997255e+01 8.031205e-25
2.001861e+01 8.027908e-25
2.006477e+01 8.025039e-25
2.011104e+01 8.022165e-25
2.015741e+01 8.019583e-25
2.020390e+01 8.017159e-25
2.025049e+01 8.014815e-25
2.029719e+01 8.012581e-25
2.034399e+01 8.010474e-25
2.039090e+01 8.008638e-25
2.043793e+01 8.006833e-25
2.048506e+01 8.005188e-25
2.053229e+01 8.003629e-25
2.057964e+01 8.002236e-25
2.062710e+01 8.001023e-25
2.067466e+01 7.999913e-25
2.072234e+01 7.998853e-25
2.077013e+01 7.998007e-25
2.081802e+01 7.997258e-25
2.086603e+01 7.996624e-25
2.091415e+01 7.995926e-25
2.096237e+01 7.995532e-25
2.101071e+01 7.995181e-25
2.105916e+01 7.994892e-25
2.110773e+01 7.994733e-25
2.115640e+01 7.994709e-25
2.120519e+01 7.994737e-25
2.125409e+01 7.994808e-25
2.130310e+01 7.995005e-25
2.135223e+01 7.995367e-25
2.140146e+01 7.995695e-25
2.145082e+01 7.996058e-25
2.150028e+01 7.996478e-25
2.154986e+01 7.996929e-25
2.159956e+01 7.997521e-25
2.164936e+01 7.998133e-25
2.169929e+01 7.998740e-25
2.174933e+01 7.999397e-25
2.179948e+01 8.000119e-25
2.184975e+01 8.000852e-25
2.190014e+01 8.001616e-25
2.195064e+01 8.002394e-25
2.200126e+01 8.003178e-25
2.205199e+01 8.003918e-25
2.210284e+01 8.004709e-25
2.215381e+01 8.005522e-25
2.220490e+01 8.006247e-25
2.225610e+01 8.007017e-25
2.230743e+01 8.007694e-25
2.235887e+01 8.008393e-25
2.241043e+01 8.009006e-25
2.246211e+01 8.009629e-25
2.251390e+01 8.010194e-25
2.256582e+01 8.010714e-25
2.261786e+01 8.011153e-25
2.267002e+01 8.011580e-25
2.272229e+01 8.011881e-25
2.277469e+01 8.012132e-25
2.282721e+01 8.012363e-25
2.287985e+01 8.012446e-25
2.293261e+01 8.012471e-25
2.298549e+01 8.012421e-25
2.303850e+01 8.012236e-25
2.309162e+01 8.011961e-25
2.314487e+01 8.011585e-25
2.319825e+01 8.011098e-25
2.325174e+01 8.010530e-25
2.330536e+01 8.009814e-25
2.335910e+01 8.009009e-25
2.341297e+01 8.008069e-25
2.346696e+01 8.006979e-25
2.352107e+01 8.005813e-25
2.357531e+01 8.004408e-25
2.362968e+01 8.002939e-25
2.368417e+01 8.001327e-25
2.373878e+01 7.999573e-25
2.379353e+01 7.997663e-25
2.384839e+01 7.995600e-25
2.390339e+01 7.993388e-25
2.395851e+01 7.991054e-25
2.401376e+01 7.988541e-25
2.406914e+01 7.985859e-25
2.412464e+01 7.983032e-25
2.418027e+01 7.980083e-25
2.423603e+01 7.976931e-25
2.429192e+01 7.973614e-25
2.434794e+01 7.970145e-25
2.440408e+01 7.966519e-25
2.446036e+01 7.962725e-25
2.451676e+01 7.958764e-25
2.457330e+01 7.954644e-25
2.462997e+01 7.950355e-25
2.468676e+01 7.945899e-25
2.474369e+01 7.941319e-25
2.480075e+01 7.936560e-25
2.485794e+01 7.931596e-25
2.491526e+01 7.926483e-25
2.497272e+01 7.921173e-25
2.503031e+01 7.915721e-25
2.508803e+01 7.910128e-25
2.514588e+01 7.904332e-25
2.520387e+01 7.898432e-25
2.526199e+01 7.892339e-25
2.532024e+01 7.886069e-25
2.537863e+01 7.879659e-25
2.543715e+01 7.873097e-25
2.549581e+01 7.866379e-25
2.555460e+01 7.859506e-25
2.561353e+01 7.852485e-25
2.567260e+01 7.845324e-25
2.573180e+01 7.837993e-25
2.579114e+01 7.830561e-25
2.585061e+01 7.822957e-25
2.591022e+01 7.815197e-25
2.596997e+01 7.807338e-25
2.602986e+01 7.799293e-25
2.608988e+01 7.791140e-25
2.615005e+01 7.782858e-25
2.621035e+01 7.774455e-25
2.627079e+01 7.765858e-25
2.633137e+01 7.757166e-25
2.639209e+01 7.748361e-25
2.645295e+01 7.739439e-25
2.651395e+01 7.730373e-25
2.657509e+01 7.721214e-25
2.663638e+01 7.711967e-25
2.669780e+01 7.702540e-25
2.675937e+01 7.693048e-25
2.682107e+01 7.683443e-25
2.688292e+01 7.673719e-25
2.694492e+01 7.663915e-25
2.700705e+01 7.654017e-25
2.706933e+01 7.644004e-25
2.713175e+01 7.633890e-25
2.719432e+01 7.623712e-25
2.725703e+01 7.613428e-25
2.731988e+01 7.603056e-25
2.738288e+01 7.592603e-25
2.744603e+01 7.582069e-25
2.750932e+01 7.571458e-25
2.757275e+01 7.560775e-25
2.763634e+01 7.550028e-25
2.770007e+01 7.539197e-25
2.776394e+01 7.528316e-25
2.782797e+01 7.517360e-25
2.789214e+01 7.506352e-25
2.795646e+01 7.495266e-25
2.802093e+01 7.484175e-25
2.808554e+01 7.472983e-25
2.815031e+01 7.461755e-25
2.821522e+01 7.450500e-25
2.828029e+01 7.439204e-25
2.834550e+01 7.427944e-25
2.841087e+01 7.416576e-25
2.847638e+01 7.405342e-25
2.854205e+01 7.393972e-25
2.860787e+01 7.382513e-25
2.867384e+01 7.370996e-25
2.873996e+01 7.359460e-25
2.880623e+01 7.347641e-25
2.887266e+01 7.335770e-25
2.893924e+01 7.324010e-25
2.900598e+01 7.311828e-25
2.907286e+01 7.299749e-25
2.913991e+01 7.287766e-25
2.920710e+01 7.275763e-25
2.927446e+01 7.263772e-25
2.934196e+01 7.251793e-25
2.940963e+01 7.239709e-25
2.947744e+01 7.227733e-25
2.954542e+01 7.215710e-25
2.961355e+01 7.203725e-25
2.968184e+01 7.191707e-25
2.975029e+01 7.179696e-25
2.981889e+01 7.167676e-25
2.988765e+01 7.155711e-25
2.995658e+01 7.143638e-25
3.002566e+01 7.131675e-25
3.009489e+01 7.119672e-25
3.016429e+01 7.107710e-25
3.023385e+01 7.095610e-25
3.030357e+01 7.083515e-25
3.037345e+01 7.071432e-25
3.044349e+01 7.059342e-25
3.051370e+01 7.047249e-25
3.058406e+01 7.035194e-25
3.065459e+01 7.023125e-25
3.072528e+01 7.011083e-25
3.079613e+01 6.999041e-25
3.086715e+01 6.987022e-25
3.093833e+01 6.975044e-25
3.100967e+01 6.963035e-25
3.108118e+01 6.951066e-25
3.115285e+01 6.939106e-25
3.122469e+01 6.927170e-25
3.129670e+01 6.915249e-25
3.136887e+01 6.903322e-25
3.144120e+01 6.891444e-25
3.151371e+01 6.879589e-25
3.158638e+01 6.867752e-25
3.165922e+01 6.855934e-25
3.173222e+01 6.844117e-25
3.180540e+01 6.832330e-25
3.187874e+01 6.820573e-25
3.195225e+01 6.808838e-25
3.202594e+01 6.797124e-25
3.209979e+01 6.785442e-25
3.217381e+01 6.773771e-25
3.224800e+01 6.762141e-25
3.232237e+01 6.750529e-25
3.239690e+01 6.738948e-25
3.247161e+01 6.727393e-25
3.254649e+01 6.715874e-25
3.262154e+01 6.704361e-25
3.269677e+01 6.692891e-25
3.277217e+01 6.681440e-25
3.284774e+01 6.670033e-25
3.292349e+01 6.658655e-25
3.299941e+01 6.647297e-25
3.307551e+01 6.635987e-25
3.315178e+01 6.624704e-25
3.322823e+01 6.613455e-25
3.330485e+01 6.602224e-25
3.338165e+01 6.591042e-25
3.345863e+01 6.579891e-25
3.353579e+01 6.568770e-25
3.361312e+01 6.557686e-25
3.369063e+01 6.546633e-25
3.376832e+01 6.535610e-25
3.384619e+01 6.524635e-25
3.392424e+01 6.513685e-25
3.400247e+01 6.502786e-25
3.408088e+01 6.491903e-25
3.415947e+01 6.481057e-25
3.423825e+01 6.470252e-25
3.431720e+01 6.459481e-25
3.439634e+01 6.448751e-25
3.447565e+01 6.438054e-25
3.455515e+01 6.427390e-25
3.463484e+01 6.416769e-25
3.471471e+01 6.406184e-25
3.479476e+01 6.395636e-25
3.487500e+01 6.385119e-25
3.495542e+01 6.374646e-25
3.503603e+01 6.364207e-25
3.511682e+01 6.353812e-25
3.519780e+01 6.343442e-25
3.527897e+01 6.333117e-25
3.536032e+01 6.322828e-25
3.544186e+01 6.312572e-25
3.552359e+01 6.302363e-25
3.560551e+01 6.292191e-25
3.568761e+01 6.282048e-25
3.576991e+01 6.271950e-25
3.585240e+01 6.261887e-25
3.593507e+01 6.251865e-25
3.601794e+01 6.241881e-25
3.610100e+01 6.231924e-25
3.618424e+01 6.222027e-25
3.626769e+01 6.212157e-25
3.635132e+01 6.202325e-25
3.643515e+01 6.192527e-25
3.651917e+01 6.182773e-25
3.660338e+01 6.173057e-25
3.668779e+01 6.163379e-25
3.677239e+01 6.153741e-25
3.685719e+01 6.144140e-25
3.694218e+01 6.134575e-25
3.702737e+01 6.125050e-25
3.711275e+01 6.115568e-25
3.719834e+01 6.106115e-25
3.728412e+01 6.096706e-25
3.737009e+01 6.087338e-25
3.745627e+01 6.078009e-25
3.754264e+01 6.068709e-25
3.762922e+01 6.059455e-25
3.771599e+01 6.050230e-25
3.780296e+01 6.041057e-25
3.789014e+01 6.031907e-25
3.797751e+01 6.022804e-25
3.806509e+01 6.013734e-25
3.815287e+01 6.004694e-25
3.824085e+01 5.995718e-25
3.832903e+01 5.986767e-25
3.841742e+01 5.977836e-25
3.850601e+01 5.968963e-25
3.859480e+01 5.960108e-25
3.868380e+01 5.951295e-25
3.877301e+01 5.942522e-25
3.886242e+01 5.933797e-25
3.895204e+01 5.925100e-25
3.904186e+01 5.916442e-25
3.913189e+01 5.907809e-25
3.922213e+01 5.899219e-25
3.931258e+01 5.890689e-25
3.940323e+01 5.882202e-25
3.949410e+01 5.873746e-25
3.958517e+01 5.865339e-25
3.967645e+01 5.856988e-25
3.976795e+01 5.848656e-25
3.985965e+01 5.840382e-25
3.995157e+01 5.832284e-25
4.004370e+01 5.826089e-25
4.013604e+01 5.816564e-25
4.022859e+01 5.807356e-25
4.032136e+01 5.798993e-25
4.041434e+01 5.790768e-25
4.050754e+01 5.782587e-25
4.060095e+01 5.774482e-25
4.069457e+01 5.766402e-25
4.078842e+01 5.758361e-25
4.088247e+01 5.750368e-25
4.097675e+01 5.742409e-25
4.107124e+01 5.734495e-25
4.116595e+01 5.726612e-25
4.126088e+01 5.718767e-25
4.135603e+01 5.710948e-25
4.145140e+01 5.703174e-25
4.154698e+01 5.695425e-25
4.164279e+01 5.687708e-25
4.173882e+01 5.680030e-25
4.183507e+01 5.672381e-25
4.193154e+01 5.664759e-25
4.202824e+01 5.657168e-25
4.212516e+01 5.649602e-25
4.222230e+01 5.642075e-25
4.231966e+01 5.634573e-25
4.241725e+01 5.627100e-25
4.251507e+01 5.619663e-25
4.261311e+01 5.612253e-25
4.271137e+01 5.604880e-25
4.280986e+01 5.597542e-25
4.290858e+01 5.590229e-25
4.300753e+01 5.582949e-25
4.310671e+01 5.575701e-25
4.320611e+01 5.568482e-25
4.330575e+01 5.561289e-25
4.340561e+01 5.554132e-25
4.350570e+01 5.546998e-25
4.360603e+01 5.539893e-25
4.370658e+01 5.532825e-25
4.380737e+01 5.525784e-25
4.390839e+01 5.518765e-25
4.400964e+01 5.511782e-25
4.411113e+01 5.504822e-25
4.421285e+01 5.497893e-25
4.431481e+01 5.490993e-25
4.441700e+01 5.484121e-25
4.451942e+01 5.477278e-25
4.462208e+01 5.470462e-25
4.472498e+01 5.463670e-25
4.482812e+01 5.456908e-25
4.493149e+01 5.450176e-25
4.503511e+01 5.443469e-25
4.513896e+01 5.436796e-25
4.524305e+01 5.430137e-25
4.534738e+01 5.423513e-25
4.545195e+01 5.416918e-25
4.555676e+01 5.410345e-25
4.566182e+01 5.403800e-25
4.576711e+01 5.397273e-25
4.587265e+01 5.390766e-25
4.597843e+01 5.384302e-25
4.608446e+01 5.377865e-25
4.619073e+01 5.371453e-25
4.629725e+01 5.365060e-25
4.640401e+01 5.358699e-25
4.651102e+01 5.352359e-25
4.661827e+01 5.346044e-25
4.672578e+01 5.339752e-25
4.683353e+01 5.333492e-25
4.694152e+01 5.327251e-25
4.704977e+01 5.321035e-25
4.715827e+01 5.314851e-25
4.726702e+01 5.308684e-25
4.737601e+01 5.302548e-25
4.748526e+01 5.296453e-25
4.759476e+01 5.290359e-25
4.770452e+01 5.284282e-25
4.781453e+01 5.278230e-25
4.792479e+01 5.272200e-25
4.803530e+01 5.266193e-25
4.814607e+01 5.260210e-25
4.825710e+01 5.254249e-25
4.836838e+01 5.248310e-25
4.847992e+01 5.242394e-25
4.859171e+01 5.236501e-25
4.870376e+01 5.230630e-25
4.881607e+01 5.224780e-25
4.892864e+01 5.218953e-25
4.904147e+01 5.213148e-25
4.915456e+01 5.207364e-25
4.926792e+01 5.201602e-25
4.938153e+01 5.195861e-25
4.949540e+01 5.190142e-25
4.960954e+01 5.184444e-25
4.972394e+01 5.178767e-25
4.983860e+01 5.173111e-25
4.995353e+01 5.167475e-25
5.006872e+01 5.161861e-25
5.018418e+01 5.156267e-25
5.029991e+01 5.150693e-25
5.041590e+01 5.145140e-25
5.053216e+01 5.139606e-25
5.064869e+01 5.134093e-25
5.076548e+01 5.128600e-25
5.088255e+01 5.123127e-25
5.099988e+01 5.117673e-25
5.111749e+01 5.112239e-25
5.123537e+01 5.106825e-25
5.135352e+01 5.101429e-25
5.147194e+01 5.096054e-25
5.159063e+01 5.090697e-25
5.170960e+01 5.085359e-25
5.182884e+01 5.080040e-25
5.194836e+01 5.074740e-25
5.206816e+01 5.069458e-25
5.218822e+01 5.064195e-25
5.230857e+01 5.058951e-25
5.242920e+01 5.053725e-25
5.255010e+01 5.048517e-25
5.267128e+01 5.043327e-25
5.279274e+01 5.038155e-25
5.291448e+01 5.033001e-25
5.303650e+01 5.027865e-25
5.315880e+01 5.022747e-25
5.328139e+01 5.017646e-25
5.340425e+01 5.012562e-25
5.352741e+01 5.007496e-25
5.365084e+01 5.002447e-25
5.377456e+01 4.997416e-25
5.389856e+01 4.992401e-25
5.402285e+01 4.987403e-25
5.414743e+01 4.982423e-25
5.427230e+01 4.977459e-25
5.439745e+01 4.972511e-25
5.452289e+01 4.967580e-25
5.464862e+01 4.962666e-25
5.477464e+01 4.957768e-25
5.490095e+01 4.952886e-25
5.502755e+01 4.948020e-25
5.515445e+01 4.943171e-25
5.528163e+01 4.938337e-25
5.540911e+01 4.933519e-25
5.553689e+01 4.928718e-25
5.566495e+01 4.923931e-25
5.579332e+01 4.919161e-25
5.592198e+01 4.914405e-25
5.605093e+01 4.909666e-25
5.618019e+01 4.904941e-25
5.630974e+01 4.900232e-25
5.643959e+01 4.895536e-25
5.656974e+01 4.890860e-25
5.670019e+01 4.886196e-25
5.683094e+01 4.881547e-25
5.696200e+01 4.876913e-25
5.709335e+01 4.872295e-25
5.722501e+01 4.867691e-25
5.735697e+01 4.863105e-25
5.748923e+01 4.858542e-25
5.762181e+01 4.854059e-25
5.775468e+01 4.850882e-25
5.788786e+01 4.844928e-25
5.802135e+01 4.840372e-25
5.815515e+01 4.835859e-25
5.828926e+01 4.831365e-25
5.842367e+01 4.826886e-25
5.855840e+01 4.822422e-25
5.869344e+01 4.817971e-25
5.882878e+01 4.813535e-25
5.896444e+01 4.809112e-25
5.910041e+01 4.804703e-25
5.923670e+01 4.800307e-25
5.937330e+01 4.795925e-25
5.951022e+01 4.791555e-25
5.964745e+01 4.787199e-25
5.978500e+01 4.782856e-25
5.992286e+01 4.778526e-25
6.006104e+01 4.774210e-25
6.019954e+01 4.769906e-25
6.033836e+01 4.765614e-25
6.047750e+01 4.761336e-25
6.061697e+01 4.757070e-25
6.075675e+01 4.752817e-25
6.089686e+01 4.748576e-25
6.103728e+01 4.744348e-25
6.117804e+01 4.740132e-25
6.131911e+01 4.735928e-25
6.146052e+01 4.731737e-25
6.160224e+01 4.727558e-25
6.174430e+01 4.723391e-25
6.188668e+01 4.719236e-25
6.202939e+01 4.715093e-25
6.217243e+01 4.710962e-25
6.231580e+01 4.706843e-25
6.245950e+01 4.702736e-25
6.260354e+01 4.698640e-25
6.274790e+01 4.694556e-25
6.289260e+01 4.690484e-25
6.303763e+01 4.686423e-25
6.318299e+01 4.682374e-25
6.332869e+01 4.678336e-25
6.347473e+01 4.674309e-25
6.362110e+01 4.670294e-25
6.376781e+01 4.666290e-25
6.391486e+01 4.662297e-25
6.406225e+01 4.658315e-25
6.420998e+01 4.654345e-25
6.435805e+01 4.650385e-25
6.450646e+01 4.646436e-25
6.465521e+01 4.642498e-25
6.480431e+01 4.638571e-25
6.495375e+01 4.634655e-25
6.510353e+01 4.630750e-25
6.525366e+01 4.626855e-25
6.540413e+01 4.622971e-25
6.555496e+01 4.619097e-25
6.570613e+01 4.615234e-25
6.585765e+01 4.611381e-25
6.600951e+01 4.607538e-25
6.616173e+01 4.603706e-25
6.631430e+01 4.599885e-25
6.646722e+01 4.596073e-25
6.662050e+01 4.592272e-25
6.677412e+01 4.588481e-25
6.692811e+01 4.584700e-25
6.708244e+01 4.580928e-25
6.723714e+01 4.577167e-25
6.739218e+01 4.573416e-25
6.754759e+01 4.569675e-25
6.770336e+01 4.565943e-25
6.785948e+01 4.562222e-25
6.801597e+01 4.558510e-25
6.817281e+01 4.554808e-25
6.833002e+01 4.551115e-25
6.848759e+01 4.547432e-25
6.864552e+01 4.543759e-25
6.880382e+01 4.540095e-25
6.896248e+01 4.536440e-25
6.912151e+01 4.532795e-25
6.928090e+01 4.529159e-25
6.944067e+01 4.525533e-25
6.960080e+01 4.521916e-25
6.976130e+01 4.518308e-25
6.992217e+01 4.514709e-25
7.008341e+01 4.511120e-25
7.024502e+01 4.507540e-25
7.040701e+01 4.503968e-25
7.056936e+01 4.500406e-25
7.073210e+01 4.496853e-25
7.089521e+01 4.493308e-25
7.105869e+01 4.489773e-25
7.122255e+01 4.486246e-25
7.138679e+01 4.482728e-25
7.155141e+01 4.479219e-25
7.171641e+01 4.475719e-25
7.188179e+01 4.472227e-25
7.204755e+01 4.468744e-25
7.221369e+01 4.465270e-25
7.238022e+01 4.461804e-25
7.254713e+01 4.458347e-25
7.271442e+01 4.454898e-25
7.288210e+01 4.451458e-25
7.305017e+01 4.448026e-25
7.321862e+01 4.444603e-25
7.338746e+01 4.441188e-25
7.355669e+01 4.437781e-25
7.372632e+01 4.434383e-25
7.389633e+01 4.430993e-25
7.406674e+01 4.427611e-25
7.423753e+01 4.424237e-25
7.440873e+01 4.420871e-25
7.458031e+01 4.417514e-25
7.475230e+01 4.414165e-25
7.492468e+01 4.410823e-25
7.509745e+01 4.407490e-25
7.527063e+01 4.404164e-25
7.544420e+01 4.400847e-25
7.561818e+01 4.397537e-25
7.579255e+01 4.394236e-25
7.596733e+01 4.390942e-25
7.614251e+01 4.387656e-25
7.631810e+01 4.384378e-25
7.649409e+01 4.381107e-25
7.667048e+01 4.377844e-25
7.684729e+01 4.374589e-25
7.702450e+01 4.371342e-25
7.720212e+01 4.368102e-25
7.738015e+01 4.364870e-25
7.755858e+01 4.361645e-25
7.773744e+01 4.358428e-25
7.791670e+01 4.355219e-25
7.809638e+01 4.352017e-25
7.827647e+01 4.348822e-25
7.845697e+01 4.345635e-25
7.863789e+01 4.342455e-25
7.881923e+01 4.339283e-25
7.900099e+01 4.336117e-25
7.918317e+01 4.332960e-25
7.936577e+01 4.329809e-25
7.954878e+01 4.326666e-25
7.973222e+01 4.323530e-25
7.991609e+01 4.320401e-25
8.010037e+01 4.317279e-25
8.028509e+01 4.314165e-25
8.047022e+01 4.311057e-25
8.065579e+01 4.307957e-25
8.084178e+01 4.304864e-25
8.102820e+01 4.301778e-25
8.121506e+01 4.298698e-25
8.140234e+01 4.295626e-25
8.159005e+01 4.292561e-25
8.177820e+01 4.289503e-25
8.196678e+01 4.286451e-25
8.215580e+01 4.283407e-25
8.234525e+01 4.280369e-25
8.253514e+01 4.277339e-25
8.272546e+01 4.274315e-25
8.291623e+01 4.271298e-25
8.310744e+01 4.268287e-25
8.329908e+01 4.265284e-25
8.349117e+01 4.262287e-25
8.368370e+01 4.259297e-25
8.387668e+01 4.256313e-25
8.407010e+01 4.253336e-25
8.426396e+01 4.250366e-25
8.445828e+01 4.247403e-25
8.465304e+01 4.244446e-25
8.484825e+01 4.241495e-25
8.504391e+01 4.238552e-25
8.524002e+01 4.235614e-25
8.543659e+01 4.232684e-25
8.563360e+01 4.229759e-25
8.583107e+01 4.226842e-25
8.602900e+01 4.223930e-25
8.622738e+01 4.221025e-25
8.642623e+01 4.218127e-25
8.662553e+01 4.215235e-25
8.682528e+01 4.212349e-25
8.702550e+01 4.209469e-25
8.722619e+01 4.206596e-25
8.742733e+01 4.203730e-25
8.762894e+01 4.200869e-25
8.783101e+01 4.198015e-25
8.803355e+01 4.195167e-25
8.823656e+01 4.192325e-25
8.844003e+01 4.189490e-25
8.864397e+01 4.186661e-25
8.884839e+01 4.183837e-25
8.905327e+01 4.181021e-25
8.925863e+01 4.178210e-25
8.946446e+01 4.175405e-25
8.967077e+01 4.172607e-25
8.987755e+01 4.169814e-25
9.008481e+01 4.167028e-25
9.029254e+01 4.164247e-25
9.050076e+01 4.161473e-25
9.070945e+01 4.158705e-25
9.091863e+01 4.155943e-25
9.112829e+01 4.153186e-25
9.133843e+01 4.150436e-25
9.154906e+01 4.147692e-25
9.176017e+01 4.144953e-25
9.197177e+01 4.142221e-25
9.218386e+01 4.139494e-25
9.239644e+01 4.136774e-25
9.260950e+01 4.134059e-25
9.282306e+01 4.131350e-25
9.303711e+01 4.128647e-25
9.325166e+01 4.125950e-25
9.346669e+01 4.123258e-25
9.368223e+01 4.120573e-25
9.389826e+01 4.117893e-25
9.411479e+01 4.115219e-25
9.433182e+01 4.112551e-25
9.454935e+01 4.109888e-25
9.476738e+01 4.107231e-25
9.498592e+01 4.104580e-25
9.520496e+01 4.101935e-25
9.542450e+01 4.099295e-25
9.564455e+01 4.096661e-25
9.586511e+01 4.094033e-25
9.608617e+01 4.091410e-25
9.630775e+01 4.088793e-25
9.652983e+01 4.086182e-25
9.675243e+01 4.083576e-25
9.697554e+01 4.080976e-25
9.719917e+01 4.078381e-25
9.742331e+01 4.075792e-25
9.764797e+01 4.073208e-25
9.787315e+01 4.070630e-25
9.809884e+01 4.068058e-25
9.832506e+01 4.065491e-25
9.855180e+01 4.062930e-25
9.877906e+01 4.060374e-25
9.900685e+01 4.057823e-25
9.923516e+01 4.055278e-25
9.946399e+01 4.052739e-25
9.969336e+01 4.050205e-25
9.992325e+01 4.047676e-25
1.001537e+02 4.045153e-25
1.003846e+02 4.042636e-25
1.006161e+02 4.040123e-25
1.008481e+02 4.037616e-25
1.010807e+02 4.035115e-25
1.013138e+02 4.032619e-25
1.015474e+02 4.030128e-25
1.017816e+02 4.027642e-25
1.020163e+02 4.025162e-25
1.022515e+02 4.022687e-25
1.024873e+02 4.020218e-25
1.027237e+02 4.017754e-25
1.029606e+02 4.015295e-25
1.031980e+02 4.012841e-25
1.034360e+02 4.010393e-25
1.036745e+02 4.007950e-25
1.039136e+02 4.005512e-25
1.041532e+02 4.003080e-25
1.043934e+02 4.000652e-25
1.046341e+02 3.998230e-25
1.048754e+02 3.995814e-25
1.051172e+02 3.993402e-25
1.053596e+02 3.990996e-25
1.056026e+02 3.988594e-25
1.058461e+02 3.986198e-25
1.060902e+02 3.983808e-25
1.063348e+02 3.981422e-25
1.065800e+02 3.979041e-25
1.068258e+02 3.976666e-25
1.070722e+02 3.974296e-25
1.073191e+02 3.971931e-25
1.075665e+02 3.969571e-25
1.078146e+02 3.967216e-25
1.080632e+02 3.964866e-25
1.083124e+02 3.962522e-25
1.085622e+02 3.960182e-25
1.088125e+02 3.957848e-25
1.090634e+02 3.955518e-25
1.093149e+02 3.953194e-25
1.095670e+02 3.950875e-25
1.098197e+02 3.948560e-25
1.100729e+02 3.946251e-25
1.103268e+02 3.943947e-25
1.105812e+02 3.941648e-25
1.108362e+02 3.939354e-25
1.110918e+02 3.937065e-25
1.113480e+02 3.934781e-25
1.116047e+02 3.932502e-25
1.118621e+02 3.930228e-25
1.121200e+02 3.927959e-25
1.123786e+02 3.925695e-25
1.126377e+02 3.923436e-25
1.128975e+02 3.921182e-25
1.131578e+02 3.918933e-25
1.134188e+02 3.916688e-25
1.136803e+02 3.914449e-25
1.139425e+02 3.912215e-25
1.142052e+02 3.909986e-25
1.144686e+02 3.907761e-25
1.147325e+02 3.905542e-25
1.149971e+02 3.903327e-25
1.152623e+02 3.901118e-25
1.155281e+02 3.898913e-25
1.157945e+02 3.896713e-25
1.160615e+02 3.894518e-25
1.163292e+02 3.892328e-25
1.165974e+02 3.890143e-25
1.168663e+02 3.887963e-25
1.171358e+02 3.885787e-25
1.174059e+02 3.883617e-25
1.176766e+02 3.881451e-25
1.179480e+02 3.879290e-25
1.182200e+02 3.877134e-25
1.184926e+02 3.874983e-25
1.187658e+02 3.872837e-25
1.190397e+02 3.870695e-25
1.193142e+02 3.868559e-25
1.195894e+02 3.866427e-25
1.198651e+02 3.864300e-25
1.201416e+02 3.862178e-25
1.204186e+02 3.860061e-25
1.206963e+02 3.857949e-25
1.209746e+02 3.855841e-25
1.212536e+02 3.853738e-25
1.215332e+02 3.851640e-25
1.218134e+02 3.849546e-25
1.220943e+02 3.847458e-25
1.223759e+02 3.845374e-25
1.226581e+02 3.843295e-25
1.229410e+02 3.841221e-25
1.232245e+02 3.839152e-25
1.235086e+02 3.837087e-25
1.237934e+02 3.835027e-25
1.240789e+02 3.832972e-25
1.243650e+02 3.830922e-25
1.246518e+02 3.828876e-25
1.249393e+02 3.826836e-25
1.252274e+02 3.824800e-25
1.255161e+02 3.822768e-25
1.258056e+02 3.820742e-25
1.260957e+02 3.818720e-25
1.263865e+02 3.816703e-25
1.266779e+02 3.814691e-25
1.269700e+02 3.812683e-25
1.272628e+02 3.810680e-25
1.275563e+02 3.808682e-25
1.278504e+02 3.806688e-25
1.281453e+02 3.804700e-25
1.284408e+02 3.802716e-25
1.287370e+02 3.800736e-25
1.290338e+02 3.798762e-25
1.293314e+02 3.796792e-25
1.296296e+02 3.794827e-25
1.299285e+02 3.792866e-25
1.302282e+02 3.790911e-25
1.305285e+02 3.788960e-25
1.308295e+02 3.787013e-25
1.311312e+02 3.785072e-25
1.314335e+02 3.783135e-25
1.317366e+02 3.781202e-25
1.320404e+02 3.779275e-25
1.323449e+02 3.777352e-25
1.326501e+02 3.775434e-25
1.329560e+02 3.773520e-25
1.332626e+02 3.771611e-25
1.335699e+02 3.769707e-25
1.338779e+02 3.767807e-25
1.341866e+02 3.765913e-25
1.344961e+02 3.764023e-25
1.348062e+02 3.762137e-25
1.351171e+02 3.760256e-25
1.354287e+02 3.758380e-25
1.357410e+02 3.756509e-25
1.360540e+02 3.754642e-25
1.363677e+02 3.752780e-25
1.366822e+02 3.750922e-25
1.369974e+02 3.749070e-25
1.373133e+02 3.747221e-25
1.376299e+02 3.745378e-25
1.379473e+02 3.743539e-25
1.382654e+02 3.741705e-25
1.385843e+02 3.739876e-25
1.389038e+02 3.738051e-25
1.392241e+02 3.736231e-25
1.395452e+02 3.734415e-25
1.398670e+02 3.732604e-25
1.401895e+02 3.730798e-25
1.405128e+02 3.728997e-25
1.408368e+02 3.727200e-25
1.411616e+02 3.725407e-25
1.414871e+02 3.723620e-25
1.418134e+02 3.721837e-25
1.421404e+02 3.720059e-25
1.424682e+02 3.718285e-25
1.427967e+02 3.716516e-25
1.431260e+02 3.714752e-25
1.434561e+02 3.712992e-25
1.437869e+02 3.711237e-25
1.441184e+02 3.709487e-25
1.444508e+02 3.707742e-25
1.447839e+02 3.706001e-25
1.451178e+02 3.704264e-25
1.454524e+02 3.702533e-25
1.457878e+02 3.700806e-25
1.461240e+02 3.699083e-25
1.464610e+02 3.697366e-25
1.467987e+02 3.695653e-25
1.471372e+02 3.693944e-25
1.474765e+02 3.692241e-25
1.478166e+02 3.690541e-25
1.481575e+02 3.688847e-25
1.484991e+02 3.687157e-25
1.488416e+02 3.685472e-25
1.491848e+02 3.683792e-25
1.495288e+02 3.682116e-25
1.498736e+02 3.680445e-25
1.502192e+02 3.678779e-25
1.505657e+02 3.677117e-25
1.509129e+02 3.675460e-25
1.512609e+02 3.673808e-25
1.516097e+02 3.672160e-25
1.519593e+02 3.670517e-25
1.523097e+02 3.668879e-25
1.526609e+02 3.667245e-25
1.530130e+02 3.665616e-25
1.533658e+02 3.663992e-25
1.537195e+02 3.662373e-25
1.540740e+02 3.660758e-25
1.544293e+02 3.659148e-25
1.547854e+02 3.657542e-25
1.551423e+02 3.655941e-25
1.555001e+02 3.654345e-25
1.558587e+02 3.652754e-25
1.562181e+02 3.651167e-25
1.565783e+02 3.649585e-25
1.569394e+02 3.648008e-25
1.573013e+02 3.646435e-25
1.576640e+02 3.644867e-25
1.580276e+02 3.643304e-25
1.583920e+02 3.641746e-25
1.587573e+02 3.640192e-25
1.591233e+02 3.638643e-25
1.594903e+02 3.637098e-25
1.598581e+02 3.635559e-25
1.602267e+02 3.634024e-25
1.605962e+02 3.632494e-25
1.609665e+02 3.630969e-25
1.613377e+02 3.629448e-25
1.617098e+02 3.627932e-25
1.620827e+02 3.626421e-25
1.624564e+02 3.624914e-25
1.628311e+02 3.623413e-25
1.632065e+02 3.621916e-25
1.635829e+02 3.620424e-25
1.639601e+02 3.618936e-25
1.643382e+02 3.617453e-25
1.647172e+02 3.615976e-25
1.650970e+02 3.614502e-25
1.654777e+02 3.613034e-25
1.658593e+02 3.611570e-25
1.662418e+02 3.610112e-25
1.666252e+02 3.608658e-25
1.670094e+02 3.607208e-25
1.673945e+02 3.605764e-25
1.677805e+02 3.604324e-25
1.681674e+02 3.602889e-25
1.685552e+02 3.601459e-25
1.689439e+02 3.600034e-25
1.693335e+02 3.598614e-25
1.697240e+02 3.597198e-25
1.701154e+02 3.595787e-25
1.705077e+02 3.594381e-25
1.709009e+02 3.592980e-25
1.712950e+02 3.591584e-25
1.716900e+02 3.590192e-25
1.720859e+02 3.588806e-25
1.724827e+02 3.587424e-25
1.728805e+02 3.586047e-25
1.732791e+02 3.584675e-25
1.736787e+02 3.583307e-25
1.740792e+02 3.581945e-25
1.744806e+02 3.580588e-25
1.748830e+02 3.579235e-25
1.752863e+02 3.577887e-25
1.756905e+02 3.576544e-25
1.760956e+02 3.575206e-25
1.765017e+02 3.573873e-25
1.769087e+02 3.572545e-25
1.773167e+02 3.571222e-25
1.777256e+02 3.569903e-25
1.781354e+02 3.568590e-25
1.785462e+02 3.567281e-25
1.789579e+02 3.565977e-25
1.793706e+02 3.564679e-25
1.797842e+02 3.563385e-25
1.801988e+02 3.562096e-25
1.806143e+02 3.560812e-25
1.810308e+02 3.559533e-25
1.814483e+02 3.558259e-25
1.818667e+02 3.556990e-25
1.822861e+02 3.555726e-25
1.827065e+02 3.554467e-25
1.831278e+02 3.553213e-25
1.835501e+02 3.551964e-25
1.839734e+02 3.550719e-25
1.843976e+02 3.549480e-25
1.848228e+02 3.548246e-25
1.852490e+02 3.547017e-25
1.856762e+02 3.545793e-25
1.861044e+02 3.544574e-25
1.865335e+02 3.543360e-25
1.869637e+02 3.542151e-25
1.873948e+02 3.540947e-25
1.878270e+02 3.539748e-25
1.882601e+02 3.538554e-25
1.886942e+02 3.537365e-25
1.891293e+02 3.536181e-25
1.895655e+02 3.535003e-25
1.900026e+02 3.533829e-25
1.904408e+02 3.532661e-25
1.908799e+02 3.531497e-25
1.913201e+02 3.530339e-25
1.917613e+02 3.529186e-25
1.922035e+02 3.528038e-25
1.926467e+02 3.526895e-25
1.930910e+02 3.525757e-25
1.935362e+02 3.524624e-25
1.939825e+02 3.523497e-25
1.944298e+02 3.522374e-25
1.948782e+02 3.521257e-25
1.953276e+02 3.520145e-25
1.957780e+02 3.519038e-25
1.962295e+02 3.517937e-25
1.966820e+02 3.516840e-25
1.971355e+02 3.515749e-25
1.975901e+02 3.514663e-25
1.980458e+02 3.513582e-25
1.985025e+02 3.512506e-25
1.989602e+02 3.511436e-25
1.994190e+02 3.510371e-25
1.998789e+02 3.509311e-25
2.003398e+02 3.508256e-25
2.008018e+02 3.507207e-25
2.012648e+02 3.506163e-25
2.017290e+02 3.505124e-25
2.021942e+02 3.504091e-25
2.026604e+02 3.503062e-25
2.031277e+02 3.502039e-25
2.035962e+02 3.501022e-25
2.040657e+02 3.500009e-25
2.045362e+02 3.499003e-25
2.050079e+02 3.498001e-25
2.054806e+02 3.497005e-25
2.059545e+02 3.496014e-25
2.064294e+02 3.495028e-25
2.069054e+02 3.494048e-25
2.073826e+02 3.493073e-25
2.078608e+02 3.492104e-25
2.083401e+02 3.491140e-25
2.088206e+02 3.490182e-25
2.093021e+02 3.489229e-25
2.097848e+02 3.488281e-25
2.102685e+02 3.487339e-25
2.107534e+02 3.486402e-25
2.112394e+02 3.485471e-25
2.117265e+02 3.484545e-25
2.122148e+02 3.483624e-25
2.127041e+02 3.482710e-25
2.131946e+02 3.481800e-25
2.136863e+02 3.480896e-25
2.141790e+02 3.479998e-25
2.146729e+02 3.479105e-25
2.151680e+02 3.478218e-25
2.156641e+02 3.477336e-25
2.161615e+02 3.476460e-25
2.166599e+02 3.475590e-25
2.171595e+02 3.474725e-25
2.176603e+02 3.473865e-25
2.181622e+02 3.473012e-25
2.186653e+02 3.472163e-25
2.191696e+02 3.471321e-25
2.196750e+02 3.470484e-25
2.201816e+02 3.469653e-25
2.206893e+02 3.468827e-25
2.211982e+02 3.468007e-25
2.217083e+02 3.467193e-25
2.222195e+02 3.466385e-25
2.227320e+02 3.465582e-25
2.232456e+02 3.464785e-25
2.237604e+02 3.463993e-25
2.242764e+02 3.463208e-25
2.247936e+02 3.462428e-25
2.253120e+02 3.461654e-25
2.258315e+02 3.460885e-25
2.263523e+02 3.460123e-25
2.268743e+02 3.459366e-25
2.273975e+02 3.458615e-25
2.279218e+02 3.457870e-25
2.284474e+02 3.457131e-25
2.289742e+02 3.456397e-25
2.295022e+02 3.455669e-25
2.300315e+02 3.454948e-25
2.305619e+02 3.454232e-25
2.310936e+02 3.453522e-25
2.316265e+02 3.452818e-25
2.321606e+02 3.452120e-25
2.326960e+02 3.451427e-25
2.332326e+02 3.450741e-25
2.337704e+02 3.450061e-25
2.343095e+02 3.449386e-25
2.348498e+02 3.448718e-25
2.353914e+02 3.448055e-25
2.359342e+02 3.447399e-25
2.364783e+02 3.446749e-25
2.370236e+02 3.446104e-25
2.375702e+02 3.445466e-25
2.381180e+02 3.444834e-25
2.386671e+02 3.444207e-25
2.392175e+02 3.443587e-25
2.397691e+02 3.442973e-25
2.403220e+02 3.442365e-25
2.408762e+02 3.441764e-25
2.414317e+02 3.441168e-25
2.419884e+02 3.440578e-25
2.425465e+02 3.439995e-25
2.431058e+02 3.439418e-25
2.436664e+02 3.438847e-25
2.442283e+02 3.438282e-25
2.447915e+02 3.437724e-25
2.453560e+02 3.437171e-25
2.459217e+02 3.436625e-25
2.464888e+02 3.436085e-25
2.470572e+02 3.435552e-25
2.476270e+02 3.435025e-25
2.481980e+02 3.434504e-25
2.487703e+02 3.433989e-25
2.493440e+02 3.433481e-25
2.499190e+02 3.432979e-25
2.504953e+02 3.432483e-25
2.510730e+02 3.431994e-25
2.516519e+02 3.431511e-25
2.522322e+02 3.431035e-25
2.528139e+02 3.430565e-25
2.533969e+02 3.430101e-25
2.539812e+02 3.429644e-25
2.545669e+02 3.429193e-25
2.551539e+02 3.428749e-25
2.557423e+02 3.428312e-25
2.563321e+02 3.427880e-25
2.569232e+02 3.427456e-25
2.575156e+02 3.427038e-25
2.581095e+02 3.426626e-25
2.587047e+02 3.426221e-25
2.593012e+02 3.425823e-25
2.598992e+02 3.425431e-25
2.604985e+02 3.425046e-25
2.610992e+02 3.424667e-25
2.617013e+02 3.424296e-25
2.623048e+02 3.423930e-25
2.629097e+02 3.423572e-25
2.635160e+02 3.423220e-25
2.641236e+02 3.422875e-25
2.647327e+02 3.422537e-25
2.653432e+02 3.422205e-25
2.659551e+02 3.421880e-25
2.665684e+02 3.421562e-25
2.671831e+02 3.421251e-25
2.677992e+02 3.420946e-25
2.684167e+02 3.420649e-25
2.690357e+02 3.420358e-25
2.696561e+02 3.420074e-25
2.702779e+02 3.419797e-25
2.709012e+02 3.419527e-25
2.715259e+02 3.419264e-25
2.721520e+02 3.419008e-25
2.727796e+02 3.418759e-25
2.734087e+02 3.418516e-25
2.740391e+02 3.418281e-25
2.746711e+02 3.418053e-25
2.753045e+02 3.417831e-25
2.759393e+02 3.417617e-25
2.765756e+02 3.417410e-25
2.772134e+02 3.417210e-25
2.778527e+02 3.417017e-25
2.784934e+02 3.416831e-25
2.791356e+02 3.416652e-25
2.797793e+02 3.416481e-25
2.804245e+02 3.416316e-25
2.810712e+02 3.416159e-25
2.817193e+02 3.416009e-25
2.823690e+02 3.415866e-25
2.830201e+02 3.415730e-25
2.836727e+02 3.415602e-25
2.843269e+02 3.415481e-25
2.849826e+02 3.415367e-25
2.856397e+02 3.415261e-25
2.862984e+02 3.415162e-25
2.869586e+02 3.415070e-25
2.876203e+02 3.414986e-25
2.882836e+02 3.414909e-25
2.889484e+02 3.414839e-25
2.896147e+02 3.414777e-25
2.902826e+02 3.414722e-25
2.909520e+02 3.414675e-25
2.916229e+02 3.414635e-25
2.922954e+02 3.414603e-25
2.929694e+02 3.414578e-25
2.936450e+02 3.414561e-25
2.943221e+02 3.414552e-25
2.950009e+02 3.414550e-25
2.956811e+02 3.414555e-25
2.963630e+02 3.414569e-25
2.970464e+02 3.414590e-25
2.977314e+02 3.414618e-25
2.984179e+02 3.414655e-25
2.991061e+02 3.414699e-25
2.997958e+02 3.414750e-25
3.004872e+02 3.414810e-25
3.011801e+02 3.414877e-25
3.018746e+02 3.414952e-25
3.025708e+02 3.415035e-25
3.032685e+02 3.415126e-25
3.039678e+02 3.415224e-25
3.046688e+02 3.415331e-25
3.053713e+02 3.415445e-25
3.060755e+02 3.415567e-25
3.067813e+02 3.415698e-25
3.074888e+02 3.415836e-25
3.081979e+02 3.415982e-25
3.089086e+02 3.416136e-25
3.096209e+02 3.416298e-25
3.103349e+02 3.416469e-25
3.110505e+02 3.416647e-25
3.117678e+02 3.416833e-25
3.124868e+02 3.417028e-25
3.132073e+02 3.417231e-25
3.139296e+02 3.417442e-25
3.146535e+02 3.417661e-25
3.153791e+02 3.417888e-25
3.161064e+02 3.418123e-25
3.168353e+02 3.418367e-25
3.175660e+02 3.418619e-25
3.182983e+02 3.418879e-25
3.190323e+02 3.419148e-25
3.197680e+02 3.419425e-25
3.205053e+02 3.419710e-25
3.212444e+02 3.420004e-25
3.219852e+02 3.420306e-25
3.227277e+02 3.420617e-25
3.234719e+02 3.420936e-25
3.242179e+02 3.421263e-25
3.249655e+02 3.421599e-25
3.257149e+02 3.421944e-25
3.264660e+02 3.422297e-25
3.272188e+02 3.422658e-25
3.279734e+02 3.423029e-25
3.287297e+02 3.423408e-25
3.294878e+02 3.423795e-25
3.302476e+02 3.424191e-25
3.310091e+02 3.424596e-25
3.317724e+02 3.425010e-25
3.325375e+02 3.425432e-25
3.333043e+02 3.425864e-25
3.340729e+02 3.426304e-25
3.348433e+02 3.426752e-25
3.356155e+02 3.427210e-25
3.363894e+02 3.427677e-25
3.371651e+02 3.428152e-25
3.379426e+02 3.428636e-25
3.387219e+02 3.429130e-25
3.395030e+02 3.429632e-25
3.402859e+02 3.430143e-25
3.410706e+02 3.430663e-25
3.418571e+02 3.431193e-25
3.426454e+02 3.431731e-25
3.434356e+02 3.432279e-25
3.442275e+02 3.432835e-25
3.450213e+02 3.433401e-25
3.458170e+02 3.433976e-25
3.466144e+02 3.434560e-25
3.474137e+02 3.435154e-25
3.482148e+02 3.435757e-25
3.490178e+02 3.436369e-25
3.498227e+02 3.436990e-25
3.506294e+02 3.437621e-25
3.514379e+02 3.438261e-25
3.522483e+02 3.438910e-25
3.530606e+02 3.439569e-25
3.538748e+02 3.440237e-25
3.546908e+02 3.440915e-25
3.555087e+02 3.441602e-25
3.563285e+02 3.442299e-25
3.571502e+02 3.443006e-25
3.579738e+02 3.443722e-25
3.587993e+02 3.444448e-25
3.596267e+02 3.445183e-25
3.604560e+02 3.445928e-25
3.612872e+02 3.446683e-25
3.621204e+02 3.447447e-25
3.629554e+02 3.448222e-25
3.637924e+02 3.449006e-25
3.646313e+02 3.449800e-25
3.654721e+02 3.450604e-25
3.663149e+02 3.451417e-25
3.671597e+02 3.452241e-25
3.680063e+02 3.453075e-25
3.688550e+02 3.453918e-25
3.697055e+02 3.454772e-25
3.705581e+02 3.455636e-25
3.714126e+02 3.456510e-25
3.722691e+02 3.457394e-25
3.731275e+02 3.458289e-25
3.739880e+02 3.459193e-25
3.748504e+02 3.460108e-25
3.757148e+02 3.461033e-25
3.765812e+02 3.461968e-25
3.774496e+02 3.462914e-25
3.783200e+02 3.463871e-25
3.791924e+02 3.464837e-25
3.800668e+02 3.465815e-25
3.809433e+02 3.466803e-25
3.818217e+02 3.467801e-25
3.827022e+02 3.468810e-25
3.835847e+02 3.469830e-25
3.844693e+02 3.470861e-25
3.853558e+02 3.471902e-25
3.862445e+02 3.472955e-25
3.871352e+02 3.474018e-25
3.880279e+02 3.475093e-25
3.889227e+02 3.476178e-25
3.898196e+02 3.477275e-25
3.907185e+02 3.478383e-25
3.916195e+02 3.479502e-25
3.925226e+02 3.480633e-25
3.934277e+02 3.481776e-25
3.943350e+02 3.482930e-25
3.952443e+02 3.484096e-25
3.961557e+02 3.485274e-25
3.970693e+02 3.486464e-25
3.979849e+02 3.487666e-25
3.989027e+02 3.488881e-25
3.998226e+02 3.490108e-25
4.007445e+02 3.491349e-25
4.016687e+02 3.492602e-25
4.025949e+02 3.493870e-25
4.035233e+02 3.495151e-25
4.044538e+02 3.496446e-25
4.053865e+02 3.497757e-25
4.063213e+02 3.499083e-25
4.072583e+02 3.500425e-25
4.081975e+02 3.501785e-25
4.091388e+02 3.503162e-25
4.100822e+02 3.504559e-25
4.110279e+02 3.505978e-25
4.119757e+02 3.507419e-25
4.129257e+02 3.508885e-25
4.138780e+02 3.510380e-25
4.148324e+02 3.511908e-25
4.157890e+02 3.513474e-25
4.167478e+02 3.515085e-25
4.177088e+02 3.516751e-25
4.186720e+02 3.518486e-25
4.196375e+02 3.520308e-25
4.206052e+02 3.522245e-25
4.215751e+02 3.524340e-25
4.225473e+02 3.526659e-25
4.235217e+02 3.529309e-25
4.244983e+02 3.532479e-25
4.254772e+02 3.536518e-25
4.264584e+02 3.542137e-25
4.274418e+02 3.550982e-25
4.284275e+02 3.567601e-25
4.294154e+02 3.608754e-25
4.304056e+02 3.781967e-25
4.313982e+02 8.880055e-25
4.323930e+02 4.055743e-25
4.333901e+02 3.646427e-25
4.343895e+02 3.584903e-25
4.353912e+02 3.566061e-25
4.363952e+02 3.558637e-25
4.374015e+02 3.555512e-25
4.384102e+02 3.554361e-25
4.394212e+02 3.554244e-25
4.404345e+02 3.554722e-25
4.414501e+02 3.555570e-25
4.424681e+02 3.556660e-25
4.434884e+02 3.557918e-25
4.445111e+02 3.559296e-25
4.455362e+02 3.560764e-25
4.465636e+02 3.562302e-25
4.475934e+02 3.563896e-25
4.486255e+02 3.565535e-25
4.496600e+02 3.567212e-25
4.506970e+02 3.568922e-25
4.517363e+02 3.570660e-25
4.527780e+02 3.572425e-25
4.538221e+02 3.574213e-25
4.548686e+02 3.576023e-25
4.559175e+02 3.577852e-25
4.569689e+02 3.579701e-25
4.580227e+02 3.581568e-25
4.590789e+02 3.583452e-25
4.601375e+02 3.585352e-25
4.611986e+02 3.587269e-25
4.622621e+02 3.589202e-25
4.633281e+02 3.591150e-25
4.643965e+02 3.593113e-25
4.654674e+02 3.595091e-25
4.665408e+02 3.597084e-25
4.676166e+02 3.599092e-25
4.686950e+02 3.601114e-25
4.697758e+02 3.603150e-25
4.708591e+02 3.605201e-25
4.719449e+02 3.607266e-25
4.730332e+02 3.609345e-25
4.741240e+02 3.611438e-25
4.752174e+02 3.613545e-25
4.763132e+02 3.615666e-25
4.774116e+02 3.617802e-25
4.785125e+02 3.619951e-25
4.796160e+02 3.622114e-25
4.807220e+02 3.624291e-25
4.818305e+02 3.626483e-25
4.829416e+02 3.628688e-25
4.840553e+02 3.630907e-25
4.851715e+02 3.633140e-25
4.862903e+02 3.635387e-25
4.874117e+02 3.637649e-25
4.885357e+02 3.639924e-25
4.896623e+02 3.642213e-25
4.907914e+02 3.644517e-25
4.919232e+02 3.646835e-25
4.930576e+02 3.649167e-25
4.941946e+02 3.651513e-25
4.953342e+02 3.653876e-25
4.964764e+02 3.656237e-25
4.976213e+02 3.658632e-25
4.987688e+02 3.661036e-25
4.999190e+02 3.663453e-25
5.010718e+02 3.665885e-25
5.022273e+02 3.668331e-25
5.033854e+02 3.670791e-25
5.045462e+02 3.673266e-25
5.057097e+02 3.675755e-25
5.068759e+02 3.678259e-25
5.080447e+02 3.680777e-25
5.092163e+02 3.683310e-25
5.103906e+02 3.685857e-25
5.115675e+02 3.688419e-25
5.127472e+02 3.690996e-25
5.139296e+02 3.693587e-25
5.151147e+02 3.696193e-25
5.163026e+02 3.698814e-25
5.174932e+02 3.701449e-25
5.186865e+02 3.704100e-25
5.198826e+02 3.706765e-25
5.210815e+02 3.709446e-25
5.222831e+02 3.712141e-25
5.234875e+02 3.714851e-25
5.246946e+02 3.717576e-25
5.259046e+02 3.720317e-25
5.271173e+02 3.723072e-25
5.283329e+02 3.725843e-25
5.295512e+02 3.728629e-25
5.307724e+02 3.731430e-25
5.319963e+02 3.734246e-25
5.332231e+02 3.737077e-25
5.344527e+02 3.739924e-25
5.356852e+02 3.742786e-25
5.369205e+02 3.745664e-25
5.381586e+02 3.748557e-25
5.393996e+02 3.751466e-25
5.406435e+02 3.754390e-25
5.418902e+02 3.757330e-25
5.431398e+02 3.760285e-25
5.443923e+02 3.763256e-25
5.456477e+02 3.766242e-25
5.469059e+02 3.769245e-25
5.481671e+02 3.772263e-25
5.494312e+02 3.775297e-25
5.506982e+02 3.778346e-25
5.519681e+02 3.781412e-25
5.532409e+02 3.784493e-25
5.545167e+02 3.787591e-25
5.557954e+02 3.790704e-25
5.570771e+02 3.793834e-25
5.583617e+02 3.796979e-25
5.596493e+02 3.800141e-25
5.609399e+02 3.803319e-25
5.622334e+02 3.806513e-25
5.635299e+02 3.809723e-25
5.648294e+02 3.812950e-25
5.661319e+02 3.816193e-25
5.674374e+02 3.819452e-25
5.687459e+02 3.822728e-25
5.700575e+02 3.826020e-25
5.713720e+02 3.829328e-25
5.726896e+02 3.832653e-25
5.740102e+02 3.835995e-25
5.753339e+02 3.839353e-25
5.766606e+02 3.842728e-25
5.779904e+02 3.846120e-25
5.793233e+02 3.849528e-25
5.806592e+02 3.852953e-25
5.819982e+02 3.856395e-25
5.833403e+02 3.859854e-25
5.846855e+02 3.863330e-25
5.860338e+02 3.866822e-25
5.873852e+02 3.870332e-25
5.887397e+02 3.873859e-25
5.900973e+02 3.877402e-25
5.914581e+02 3.880963e-25
5.928220e+02 3.884541e-25
5.941890e+02 3.888136e-25
5.955593e+02 3.891748e-25
5.969326e+02 3.895378e-25
5.983091e+02 3.899025e-25
5.996889e+02 3.902689e-25
6.010717e+02 3.906371e-25
6.024578e+02 3.910070e-25
6.038471e+02 3.913787e-25
6.052396e+02 3.917521e-25
6.066353e+02 3.921273e-25
6.080342e+02 3.925042e-25
6.094363e+02 3.928829e-25
6.108417e+02 3.932634e-25
6.122503e+02 3.936456e-25
6.136621e+02 3.940296e-25
6.150772e+02 3.944154e-25
6.164956e+02 3.948030e-25
6.179172e+02 3.951924e-25
6.193422e+02 3.955836e-25
6.207704e+02 3.959765e-25
6.222019e+02 3.963713e-25
6.236367e+02 3.967679e-25
6.250748e+02 3.971663e-25
6.265162e+02 3.975665e-25
6.279610e+02 3.979686e-25
6.294090e+02 3.983725e-25
6.308605e+02 3.987782e-25
6.323152e+02 3.991857e-25
6.337734e+02 3.995951e-25
6.352348e+02 4.000063e-25
6.366997e+02 4.004194e-25
6.381679e+02 4.008343e-25
6.396396e+02 4.012510e-25
6.411146e+02 4.016697e-25
6.425930e+02 4.020902e-25
6.440748e+02 4.025126e-25
6.455600e+02 4.029368e-25
6.470487e+02 4.033629e-25
6.485408e+02 4.037910e-25
6.500364e+02 4.042209e-25
6.515353e+02 4.046526e-25
6.530378e+02 4.050863e-25
6.545437e+02 4.055219e-25
6.560531e+02 4.059594e-25
6.575659e+02 4.063988e-25
6.590823e+02 4.068402e-25
6.606021e+02 4.072834e-25
6.621255e+02 4.077286e-25
6.636524e+02 4.081757e-25
6.651828e+02 4.086247e-25
6.667167e+02 4.090757e-25
6.682541e+02 4.095286e-25
6.697951e+02 4.099834e-25
6.713397e+02 4.104402e-25
6.728878e+02 4.108990e-25
6.744395e+02 4.113597e-25
6.759947e+02 4.118224e-25
6.775536e+02 4.122871e-25
6.791160e+02 4.127537e-25
6.806821e+02 4.132223e-25
6.822517e+02 4.136929e-25
6.838250e+02 4.141655e-25
6.854019e+02 4.146401e-25
6.869825e+02 4.151167e-25
6.885666e+02 4.155953e-25
6.901545e+02 4.160759e-25
6.917460e+02 4.165585e-25
6.933412e+02 4.170431e-25
6.949400e+02 4.175297e-25
6.965425e+02 4.180184e-25
6.981488e+02 4.185091e-25
6.997587e+02 4.190018e-25
7.013724e+02 4.194966e-25
7.029897e+02 4.199934e-25
7.046108e+02 4.204923e-25
7.062357e+02 4.209932e-25
7.078643e+02 4.214962e-25
7.094966e+02 4.220012e-25
7.111327e+02 4.225083e-25
7.127726e+02 4.230175e-25
7.144162e+02 4.235288e-25
7.160637e+02 4.240421e-25
7.177149e+02 4.245575e-25
7.193700e+02 4.250751e-25
7.210289e+02 4.255947e-25
7.226916e+02 4.261164e-25
7.243581e+02 4.266402e-25
7.260285e+02 4.271662e-25
7.277027e+02 4.276943e-25
7.293808e+02 4.282244e-25
7.310627e+02 4.287567e-25
7.327486e+02 4.292912e-25
7.344383e+02 4.298278e-25
7.361319e+02 4.303665e-25
7.378294e+02 4.309073e-25
7.395309e+02 4.314504e-25
7.412363e+02 4.319955e-25
7.429455e+02 4.325429e-25
7.446588e+02 4.330924e-25
7.463760e+02 4.336440e-25
7.480971e+02 4.341979e-25
7.498222e+02 4.347539e-25
7.515513e+02 4.353121e-25
7.532844e+02 4.358725e-25
7.550215e+02 4.364351e-25
7.567626e+02 4.369999e-25
7.585077e+02 4.375670e-25
7.602568e+02 4.381362e-25
7.620100e+02 4.387076e-25
7.637672e+02 4.392813e-25
7.655284e+02 4.398572e-25
7.672937e+02 4.404353e-25
7.690631e+02 4.410156e-25
7.708366e+02 4.415982e-25
7.726141e+02 4.421831e-25
7.743958e+02 4.427702e-25
7.761816e+02 4.433596e-25
7.779714e+02 4.439512e-25
7.797654e+02 4.445451e-25
7.815636e+02 4.451413e-25
7.833659e+02 4.457397e-25
7.851723e+02 4.463405e-25
7.869829e+02 4.469435e-25
7.887977e+02 4.475489e-25
7.906167e+02 4.481565e-25
7.924399e+02 4.487665e-25
7.942672e+02 4.493787e-25
7.960988e+02 4.499934e-25
7.979346e+02 4.506103e-25
7.997747e+02 4.512296e-25
8.016190e+02 4.518512e-25
8.034675e+02 4.524752e-25
8.053203e+02 4.531015e-25
8.071774e+02 4.537303e-25
8.090387e+02 4.543614e-25
8.109044e+02 4.549949e-25
8.127744e+02 4.556308e-25
8.146486e+02 4.562692e-25
8.165272e+02 4.569100e-25
8.184101e+02 4.575533e-25
8.202974e+02 4.581992e-25
8.221890e+02 4.588475e-25
8.240850e+02 4.594985e-25
8.259853e+02 4.601522e-25
8.278900e+02 4.608087e-25
8.297992e+02 4.614681e-25
8.317127e+02 4.621307e-25
8.336306e+02 4.627969e-25
8.355530e+02 4.634673e-25
8.374798e+02 4.641429e-25
8.394110e+02 4.648261e-25
8.413467e+02 4.655213e-25
8.432868e+02 4.662402e-25
8.452315e+02 4.670189e-25
8.471806e+02 4.680245e-25
8.491342e+02 4.712223e-25
8.510923e+02 4.892020e-25
8.530549e+02 4.704831e-25
8.550221e+02 4.705104e-25
8.569938e+02 4.710459e-25
8.589700e+02 4.716801e-25
8.609508e+02 4.723475e-25
8.629361e+02 4.730302e-25
8.649261e+02 4.737216e-25
8.669206e+02 4.744190e-25
8.689197e+02 4.751208e-25
8.709235e+02 4.758264e-25
8.729318e+02 4.765354e-25
8.749448e+02 4.772474e-25
8.769624e+02 4.779624e-25
8.789847e+02 4.786803e-25
8.810117e+02 4.794009e-25
8.830433e+02 4.801242e-25
8.850796e+02 4.808502e-25
8.871206e+02 4.815788e-25
8.891663e+02 4.823102e-25
8.912167e+02 4.830441e-25
8.932719e+02 4.837807e-25
8.953318e+02 4.845200e-25
8.973964e+02 4.852618e-25
8.994658e+02 4.860063e-25
9.015400e+02 4.867535e-25
9.036189e+02 4.875032e-25
9.057027e+02 4.882556e-25
9.077913e+02 4.890107e-25
9.098846e+02 4.897684e-25
9.119828e+02 4.905287e-25
9.140859e+02 4.912917e-25
9.161938e+02 4.920574e-25
9.183065e+02 4.928257e-25
9.204241e+02 4.935967e-25
9.225466e+02 4.943703e-25
9.246740e+02 4.951467e-25
9.268063e+02 4.959257e-25
9.289436e+02 4.967074e-25
9.310857e+02 4.974918e-25
9.332328e+02 4.982789e-25
9.353848e+02 4.990687e-25
9.375419e+02 4.998613e-25
9.397038e+02 5.006565e-25
9.418708e+02 5.014545e-25
9.440428e+02 5.022552e-25
9.462197e+02 5.030586e-25
9.484017e+02 5.038648e-25
9.505887e+02 5.046737e-25
9.527808e+02 5.054854e-25
9.549779e+02 5.062998e-25
9.571801e+02 5.071170e-25
9.593874e+02 5.079370e-25
9.615997e+02 5.087598e-25
9.638172e+02 5.095853e-25
9.660398e+02 5.104136e-25
9.682674e+02 5.112448e-25
9.705003e+02 5.120787e-25
9.727383e+02 5.129155e-25
9.749814e+02 5.137550e-25
9.772297e+02 5.145974e-25
9.794832e+02 5.154426e-25
9.817419e+02 5.162907e-25
9.840058e+02 5.171416e-25
9.862749e+02 5.179953e-25
9.885493e+02 5.188519e-25
9.908289e+02 5.197114e-25
9.931138e+02 5.205736e-25
9.954039e+02 5.214389e-25
9.976993e+02 5.223069e-25
