1.000000e+00 4.456561e-17
1.002306e+00 4.633447e-17
1.004617e+00 4.822452e-17
1.006934e+00 5.024345e-17
1.009256e+00 5.239952e-17
1.011583e+00 5.485165e-17
1.013916e+00 5.746851e-17
1.016254e+00 6.019770e-17
1.018598e+00 6.297553e-17
1.020947e+00 6.564834e-17
1.023301e+00 6.864845e-17
1.025661e+00 7.183307e-17
1.028026e+00 7.503024e-17
1.030396e+00 7.728870e-17
1.032773e+00 7.836481e-17
1.035154e+00 7.849514e-17
1.037541e+00 7.796011e-17
1.039934e+00 7.692547e-17
1.042332e+00 7.566587e-17
1.044735e+00 7.420969e-17
1.047145e+00 7.258555e-17
1.049559e+00 6.953977e-17
1.051980e+00 6.582339e-17
1.054406e+00 6.179736e-17
1.056837e+00 5.776714e-17
1.059274e+00 5.426547e-17
1.061717e+00 5.101977e-17
1.064165e+00 4.796111e-17
1.066619e+00 4.503387e-17
1.069079e+00 4.231146e-17
1.071544e+00 3.983257e-17
1.074015e+00 3.756769e-17
1.076492e+00 3.549120e-17
1.078974e+00 3.358199e-17
1.081462e+00 3.181416e-17
1.083956e+00 3.017869e-17
1.086456e+00 2.866712e-17
1.088961e+00 2.728545e-17
1.091472e+00 2.600011e-17
1.093989e+00 2.480301e-17
1.096512e+00 2.368678e-17
1.099040e+00 2.265576e-17
1.101575e+00 2.169104e-17
1.104115e+00 2.078739e-17
1.106661e+00 1.994006e-17
1.109213e+00 1.915199e-17
1.111771e+00 1.840944e-17
1.114335e+00 1.770924e-17
1.116904e+00 1.704838e-17
1.119480e+00 1.643028e-17
1.122062e+00 1.584526e-17
1.124649e+00 1.529087e-17
1.127242e+00 1.476490e-17
1.129842e+00 1.426938e-17
1.132447e+00 1.379850e-17
1.135059e+00 1.335063e-17
1.137676e+00 1.292426e-17
1.140300e+00 1.252076e-17
1.142929e+00 1.213565e-17
1.145565e+00 1.176833e-17
1.148207e+00 1.141871e-17
1.150854e+00 1.109102e-17
1.153508e+00 1.080551e-17
1.156168e+00 4.551406e-17
1.158834e+00 1.020946e-17
1.161507e+00 9.889835e-18
1.164185e+00 9.613318e-18
1.166870e+00 9.351957e-18
1.169560e+00 9.101877e-18
1.172257e+00 8.863035e-18
1.174961e+00 8.633376e-18
1.177670e+00 8.412339e-18
1.180386e+00 8.199450e-18
1.183108e+00 7.995292e-18
1.185836e+00 7.798268e-18
1.188571e+00 7.608105e-18
1.191312e+00 7.424547e-18
1.194059e+00 7.248157e-18
1.196812e+00 7.077633e-18
1.199572e+00 6.912712e-18
1.202338e+00 6.753142e-18
1.205111e+00 6.599495e-18
1.207890e+00 6.450744e-18
1.210675e+00 6.306678e-18
1.213467e+00 6.167095e-18
1.216265e+00 6.032361e-18
1.219070e+00 5.901724e-18
1.221881e+00 5.775027e-18
1.224699e+00 5.652121e-18
1.227523e+00 5.533332e-18
1.230354e+00 5.417975e-18
1.233191e+00 5.305936e-18
1.236035e+00 5.197106e-18
1.238885e+00 5.091791e-18
1.241742e+00 4.989420e-18
1.244605e+00 4.889888e-18
1.247475e+00 4.793092e-18
1.250352e+00 4.699289e-18
1.253235e+00 4.608018e-18
1.256125e+00 4.519198e-18
1.259022e+00 4.432750e-18
1.261925e+00 4.348912e-18
1.264835e+00 4.267258e-18
1.267752e+00 4.187721e-18
1.270676e+00 4.110231e-18
1.273606e+00 4.035012e-18
1.276543e+00 3.961708e-18
1.279486e+00 3.890260e-18
1.282437e+00 3.820609e-18
1.285394e+00 3.752911e-18
1.288358e+00 3.686772e-18
1.291329e+00 3.622086e-18
1.294307e+00 3.558859e-18
1.297292e+00 3.497511e-18
1.300283e+00 3.437564e-18
1.303282e+00 3.378907e-18
1.306287e+00 3.321429e-18
1.309300e+00 3.265033e-18
1.312319e+00 3.209553e-18
1.315345e+00 3.154980e-18
1.318378e+00 3.101302e-18
1.321418e+00 3.048612e-18
1.324466e+00 2.996796e-18
1.327520e+00 2.945781e-18
1.330581e+00 2.895488e-18
1.333649e+00 2.845901e-18
1.336725e+00 2.796899e-18
1.339807e+00 2.748415e-18
1.342897e+00 2.701020e-18
1.345994e+00 2.654735e-18
1.349098e+00 2.608964e-18
1.352209e+00 2.563629e-18
1.355327e+00 2.518644e-18
1.358452e+00 2.474035e-18
1.361585e+00 2.429585e-18
1.364725e+00 2.385193e-18
1.367872e+00 2.340749e-18
1.371026e+00 2.296229e-18
1.374188e+00 2.251403e-18
1.377356e+00 2.206143e-18
1.380533e+00 2.160315e-18
1.383716e+00 2.113865e-18
1.386907e+00 2.066569e-18
1.390105e+00 2.018291e-18
1.393311e+00 1.971724e-18
1.396524e+00 1.924753e-18
1.399744e+00 1.877026e-18
1.402972e+00 1.828488e-18
1.406207e+00 1.779094e-18
1.409450e+00 1.728866e-18
1.412700e+00 1.677738e-18
1.415958e+00 1.625721e-18
1.419223e+00 1.572852e-18
1.422496e+00 1.519230e-18
1.425776e+00 1.464902e-18
1.429064e+00 1.409983e-18
1.432359e+00 1.354614e-18
1.435662e+00 1.298981e-18
1.438973e+00 1.243237e-18
1.442291e+00 1.188447e-18
1.445617e+00 1.137173e-18
1.448951e+00 1.086447e-18
1.452292e+00 1.036400e-18
1.455641e+00 9.871797e-19
1.458998e+00 9.389277e-19
1.462362e+00 8.917848e-19
1.465735e+00 8.458585e-19
1.469115e+00 8.012541e-19
1.472502e+00 7.580620e-19
1.475898e+00 7.163624e-19
1.479301e+00 6.762081e-19
1.482713e+00 6.376424e-19
1.486132e+00 6.006937e-19
1.489559e+00 5.653786e-19
1.492994e+00 5.316945e-19
1.496437e+00 5.006108e-19
1.499888e+00 4.719573e-19
1.503346e+00 4.446961e-19
1.506813e+00 4.187925e-19
1.510288e+00 3.942100e-19
1.513770e+00 3.709081e-19
1.517261e+00 3.488445e-19
1.520760e+00 3.279731e-19
1.524267e+00 3.082470e-19
1.527782e+00 2.896188e-19
1.531305e+00 2.720410e-19
1.534836e+00 2.554653e-19
1.538375e+00 2.398443e-19
1.541923e+00 2.251315e-19
1.545479e+00 2.112814e-19
1.549043e+00 1.982492e-19
1.552615e+00 1.864691e-19
1.556195e+00 1.754841e-19
1.559784e+00 1.651278e-19
1.563380e+00 1.553666e-19
1.566986e+00 1.461686e-19
1.570599e+00 1.375035e-19
1.574221e+00 1.293421e-19
1.577851e+00 1.216566e-19
1.581490e+00 1.144205e-19
1.585137e+00 1.076085e-19
1.588792e+00 1.011968e-19
1.592456e+00 9.516260e-20
1.596128e+00 8.948434e-20
1.599809e+00 8.414161e-20
1.603498e+00 7.911508e-20
1.607195e+00 7.440221e-20
1.610902e+00 7.013333e-20
1.614616e+00 6.610780e-20
1.618340e+00 6.231198e-20
1.622072e+00 5.873295e-20
1.625812e+00 5.535849e-20
1.629561e+00 5.217704e-20
1.633319e+00 4.917769e-20
1.637085e+00 4.635012e-20
1.640861e+00 4.368459e-20
1.644644e+00 4.117186e-20
1.648437e+00 3.880326e-20
1.652238e+00 3.657060e-20
1.656048e+00 3.446613e-20
1.659867e+00 3.248250e-20
1.663695e+00 3.061280e-20
1.667531e+00 2.887285e-20
1.671377e+00 2.726720e-20
1.675231e+00 2.575072e-20
1.679094e+00 2.431848e-20
1.682966e+00 2.296581e-20
1.686847e+00 2.168829e-20
1.690737e+00 2.048177e-20
1.694636e+00 1.934230e-20
1.698544e+00 1.826618e-20
1.702460e+00 1.724986e-20
1.706386e+00 1.629003e-20
1.710321e+00 1.538359e-20
1.714265e+00 1.452759e-20
1.718218e+00 1.371919e-20
1.722181e+00 1.295575e-20
1.726152e+00 1.223478e-20
1.730132e+00 1.156702e-20
1.734122e+00 1.094204e-20
1.738121e+00 1.035083e-20
1.742129e+00 9.791566e-21
1.746147e+00 9.262508e-21
1.750173e+00 8.762033e-21
1.754209e+00 8.288619e-21
1.758254e+00 7.840787e-21
1.762309e+00 7.417131e-21
1.766373e+00 7.016367e-21
1.770446e+00 6.637290e-21
1.774529e+00 6.278704e-21
1.778621e+00 5.939452e-21
1.782722e+00 5.618527e-21
1.786833e+00 5.314947e-21
1.790954e+00 5.027774e-21
1.795084e+00 4.762697e-21
1.799223e+00 4.511938e-21
1.803372e+00 4.274368e-21
1.807531e+00 4.049311e-21
1.811699e+00 3.836131e-21
1.815877e+00 3.634194e-21
1.820064e+00 3.442858e-21
1.824261e+00 3.261593e-21
1.828468e+00 3.089958e-21
1.832684e+00 2.927394e-21
1.836911e+00 2.773335e-21
1.841147e+00 2.627383e-21
1.845392e+00 2.489172e-21
1.849648e+00 2.358259e-21
1.853913e+00 2.234174e-21
1.858188e+00 2.117244e-21
1.862473e+00 2.008359e-21
1.866768e+00 1.905092e-21
1.871073e+00 1.807216e-21
1.875388e+00 1.714389e-21
1.879712e+00 1.626269e-21
1.884047e+00 1.542703e-21
1.888391e+00 1.463512e-21
1.892746e+00 1.388410e-21
1.897111e+00 1.317181e-21
1.901486e+00 1.249589e-21
1.905870e+00 1.185397e-21
1.910265e+00 1.124606e-21
1.914670e+00 1.067085e-21
1.919086e+00 1.012400e-21
1.923511e+00 9.604101e-22
1.927947e+00 9.117745e-22
1.932393e+00 8.661484e-22
1.936849e+00 8.227569e-22
1.941315e+00 7.815417e-22
1.945792e+00 7.425575e-22
1.950279e+00 7.055695e-22
1.954776e+00 6.702858e-22
1.959284e+00 6.367806e-22
1.963802e+00 6.049434e-22
1.968331e+00 5.747121e-22
1.972870e+00 5.460038e-22
1.977419e+00 5.188648e-22
1.981979e+00 4.932194e-22
1.986549e+00 4.688789e-22
1.991130e+00 4.457848e-22
1.995722e+00 4.237859e-22
2.000324e+00 4.032184e-22
2.004937e+00 3.840811e-22
2.009560e+00 3.658740e-22
2.014194e+00 3.485365e-22
2.018839e+00 3.321378e-22
2.023495e+00 3.166591e-22
2.028161e+00 3.019061e-22
2.032838e+00 2.878644e-22
2.037525e+00 2.743890e-22
2.042224e+00 2.615631e-22
2.046933e+00 2.494214e-22
2.051654e+00 2.378893e-22
2.056385e+00 2.269492e-22
2.061127e+00 2.166137e-22
2.065880e+00 2.068427e-22
2.070644e+00 1.975624e-22
2.075419e+00 1.888804e-22
2.080205e+00 1.807577e-22
2.085001e+00 1.729030e-22
2.089810e+00 1.651443e-22
2.094629e+00 1.579669e-22
2.099459e+00 1.512838e-22
2.104300e+00 1.448914e-22
2.109153e+00 1.387938e-22
2.114016e+00 1.328976e-22
2.118891e+00 1.274021e-22
2.123778e+00 1.223256e-22
2.128675e+00 1.174805e-22
2.133584e+00 1.128682e-22
2.138504e+00 1.083256e-22
2.143435e+00 1.040861e-22
2.148378e+00 1.002317e-22
2.153332e+00 9.651783e-23
2.158298e+00 9.294477e-23
2.163275e+00 8.959840e-23
2.168263e+00 8.641398e-23
2.173263e+00 8.337189e-23
2.178275e+00 8.046430e-23
2.183298e+00 7.769066e-23
2.188333e+00 7.541080e-23
2.193379e+00 7.312302e-23
2.198437e+00 7.065713e-23
2.203507e+00 6.851670e-23
2.208588e+00 6.658293e-23
2.213681e+00 6.470789e-23
2.218786e+00 6.293842e-23
2.223902e+00 6.127079e-23
2.229031e+00 5.957492e-23
2.234171e+00 5.798363e-23
2.239323e+00 5.675779e-23
2.244487e+00 5.553131e-23
2.249663e+00 5.430894e-23
2.254850e+00 5.295859e-23
2.260050e+00 5.174487e-23
2.265262e+00 5.077663e-23
2.270485e+00 4.978839e-23
2.275721e+00 4.880013e-23
2.280969e+00 4.771927e-23
2.286229e+00 4.668436e-23
2.291501e+00 4.569207e-23
2.296785e+00 4.506413e-23
2.302082e+00 4.441271e-23
2.307390e+00 4.368265e-23
2.312711e+00 4.309270e-23
2.318044e+00 4.255337e-23
2.323390e+00 4.203768e-23
2.328747e+00 4.124810e-23
2.334117e+00 4.035415e-23
2.339500e+00 3.948532e-23
2.344895e+00 3.886559e-23
2.350302e+00 3.841427e-23
2.355722e+00 3.792896e-23
2.361154e+00 3.743529e-23
2.366599e+00 3.693392e-23
2.372057e+00 3.657035e-23
2.377527e+00 3.616003e-23
2.383009e+00 3.569022e-23
2.388504e+00 3.520038e-23
2.394012e+00 3.476511e-23
2.399533e+00 3.440174e-23
2.405066e+00 3.413621e-23
2.410612e+00 3.375108e-23
2.416171e+00 3.318056e-23
2.421743e+00 3.287904e-23
2.427327e+00 3.256093e-23
2.432925e+00 3.218136e-23
2.438535e+00 3.208421e-23
2.444159e+00 3.193009e-23
2.449795e+00 3.167306e-23
2.455444e+00 3.125915e-23
2.461106e+00 3.085353e-23
2.466782e+00 3.046695e-23
2.472470e+00 3.030996e-23
2.478172e+00 3.002990e-23
2.483886e+00 2.966675e-23
2.489614e+00 2.943335e-23
2.495355e+00 2.918018e-23
2.501110e+00 2.892186e-23
2.506877e+00 2.868552e-23
2.512658e+00 2.847040e-23
2.518452e+00 2.831592e-23
2.524260e+00 2.828197e-23
2.530081e+00 2.798000e-23
2.535915e+00 2.766200e-23
2.541763e+00 2.737383e-23
2.547624e+00 2.719030e-23
2.553499e+00 2.695984e-23
2.559388e+00 2.671624e-23
2.565289e+00 2.655596e-23
2.571205e+00 2.629437e-23
2.577134e+00 2.603453e-23
2.583077e+00 2.583037e-23
2.589034e+00 2.557962e-23
2.595004e+00 2.540822e-23
2.600988e+00 2.528855e-23
2.606986e+00 2.510677e-23
2.612998e+00 2.486390e-23
2.619023e+00 2.459342e-23
2.625063e+00 2.430971e-23
2.631116e+00 2.423479e-23
2.637184e+00 2.409946e-23
2.643265e+00 2.389260e-23
2.649360e+00 2.358551e-23
2.655470e+00 2.342986e-23
2.661593e+00 2.325538e-23
2.667731e+00 2.306347e-23
2.673883e+00 2.293845e-23
2.680049e+00 2.274596e-23
2.686229e+00 2.258170e-23
2.692424e+00 2.247686e-23
2.698632e+00 2.245237e-23
2.704855e+00 2.230190e-23
2.711093e+00 2.207934e-23
2.717345e+00 2.183278e-23
2.723611e+00 2.175072e-23
2.729891e+00 2.158228e-23
2.736187e+00 2.137312e-23
2.742496e+00 2.116258e-23
2.748821e+00 2.106657e-23
2.755159e+00 2.091131e-23
2.761513e+00 2.073875e-23
2.767881e+00 2.056449e-23
2.774264e+00 2.039844e-23
2.780661e+00 2.020500e-23
2.787073e+00 2.009815e-23
2.793500e+00 2.001362e-23
2.799942e+00 1.982396e-23
2.806399e+00 1.969318e-23
2.812870e+00 1.955406e-23
2.819357e+00 1.939688e-23
2.825858e+00 1.923510e-23
2.832375e+00 1.917211e-23
2.838906e+00 1.900611e-23
2.845453e+00 1.886265e-23
2.852014e+00 1.874168e-23
2.858591e+00 1.860597e-23
2.865183e+00 1.844643e-23
2.871790e+00 1.836747e-23
2.878413e+00 1.826979e-23
2.885050e+00 1.813029e-23
2.891703e+00 1.798506e-23
2.898372e+00 1.784095e-23
2.905055e+00 1.773774e-23
2.911754e+00 1.762681e-23
2.918469e+00 1.749025e-23
2.925199e+00 1.733983e-23
2.931944e+00 1.723899e-23
2.938705e+00 1.710425e-23
2.945482e+00 1.700006e-23
2.952274e+00 1.691286e-23
2.959082e+00 1.680615e-23
2.965906e+00 1.675345e-23
2.972745e+00 1.659221e-23
2.979601e+00 1.647132e-23
2.986472e+00 1.637693e-23
2.993358e+00 1.628281e-23
3.000261e+00 1.618409e-23
3.007180e+00 1.604219e-23
3.014114e+00 1.592993e-23
3.021065e+00 1.582430e-23
3.028031e+00 1.574107e-23
3.035014e+00 1.567620e-23
3.042013e+00 1.557923e-23
3.049028e+00 1.550105e-23
3.056059e+00 1.541289e-23
3.063106e+00 1.531339e-23
3.070170e+00 1.521233e-23
3.077250e+00 1.511596e-23
3.084346e+00 1.502443e-23
3.091458e+00 1.494081e-23
3.098587e+00 1.486117e-23
3.105733e+00 1.479267e-23
3.112894e+00 1.473645e-23
3.120073e+00 1.465456e-23
3.127268e+00 1.454026e-23
3.134479e+00 1.442832e-23
3.141707e+00 1.430484e-23
3.148952e+00 1.423364e-23
3.156214e+00 1.412054e-23
3.163492e+00 1.403968e-23
3.170787e+00 1.395615e-23
3.178099e+00 1.385481e-23
3.185427e+00 1.376095e-23
3.192773e+00 1.369229e-23
3.200136e+00 1.359680e-23
3.207515e+00 1.353020e-23
3.214912e+00 1.345512e-23
3.222325e+00 1.336815e-23
3.229756e+00 1.328204e-23
3.237204e+00 1.319868e-23
3.244669e+00 1.312453e-23
3.252151e+00 1.305233e-23
3.259651e+00 1.295757e-23
3.267167e+00 1.288424e-23
3.274702e+00 1.279997e-23
3.282253e+00 1.272747e-23
3.289822e+00 1.265489e-23
3.297408e+00 1.259077e-23
3.305012e+00 1.250224e-23
3.312634e+00 1.243235e-23
3.320272e+00 1.237138e-23
3.327929e+00 1.230133e-23
3.335603e+00 1.224716e-23
3.343295e+00 1.219159e-23
3.351005e+00 1.212121e-23
3.358732e+00 1.205704e-23
3.366478e+00 1.199284e-23
3.374241e+00 1.191098e-23
3.382022e+00 1.183979e-23
3.389821e+00 1.178764e-23
3.397638e+00 1.172781e-23
3.405473e+00 1.165116e-23
3.413326e+00 1.158987e-23
3.421197e+00 1.152874e-23
3.429086e+00 1.146739e-23
3.436994e+00 1.140940e-23
3.444919e+00 1.134073e-23
3.452863e+00 1.127625e-23
3.460826e+00 1.122365e-23
3.468806e+00 1.115689e-23
3.476805e+00 1.109920e-23
3.484823e+00 1.102253e-23
3.492859e+00 1.094212e-23
3.500914e+00 1.087656e-23
3.508987e+00 1.081838e-23
3.517078e+00 1.073026e-23
3.525189e+00 1.065975e-23
3.533318e+00 1.061813e-23
3.541466e+00 1.054390e-23
3.549633e+00 1.046740e-23
3.557818e+00 1.039017e-23
3.566022e+00 1.032211e-23
3.574246e+00 1.025917e-23
3.582488e+00 1.019882e-23
3.590749e+00 1.014004e-23
3.599029e+00 1.007058e-23
3.607329e+00 1.000771e-23
3.615647e+00 9.953358e-24
3.623985e+00 9.890829e-24
3.632342e+00 9.836705e-24
3.640718e+00 9.773501e-24
3.649114e+00 9.721838e-24
3.657529e+00 9.659467e-24
3.665963e+00 9.604470e-24
3.674417e+00 9.551759e-24
3.682890e+00 9.494745e-24
3.691383e+00 9.436247e-24
3.699895e+00 9.380338e-24
3.708427e+00 9.330185e-24
3.716979e+00 9.282435e-24
3.725550e+00 9.222891e-24
3.734141e+00 9.170437e-24
3.742752e+00 9.120347e-24
3.751383e+00 9.067819e-24
3.760034e+00 9.018079e-24
3.768704e+00 8.964323e-24
3.777395e+00 8.913179e-24
3.786106e+00 8.863076e-24
3.794836e+00 8.809724e-24
3.803587e+00 8.756956e-24
3.812358e+00 8.706672e-24
3.821150e+00 8.655846e-24
3.829961e+00 8.603840e-24
3.838793e+00 8.558807e-24
3.847646e+00 8.508463e-24
3.856518e+00 8.458703e-24
3.865411e+00 8.408913e-24
3.874325e+00 8.358345e-24
3.883259e+00 8.308106e-24
3.892214e+00 8.259719e-24
3.901190e+00 8.211187e-24
3.910186e+00 8.163361e-24
3.919203e+00 8.116812e-24
3.928240e+00 8.073807e-24
3.937299e+00 8.024713e-24
3.946378e+00 7.975313e-24
3.955479e+00 7.929335e-24
3.964600e+00 7.884655e-24
3.973743e+00 7.837719e-24
3.982906e+00 7.790928e-24
3.992091e+00 7.745921e-24
4.001296e+00 7.701196e-24
4.010524e+00 7.657975e-24
4.019772e+00 7.609964e-24
4.029041e+00 7.568774e-24
4.038332e+00 7.527269e-24
4.047645e+00 7.484860e-24
4.056979e+00 7.441903e-24
4.066334e+00 7.395545e-24
4.075711e+00 7.354465e-24
4.085110e+00 7.310394e-24
4.094530e+00 7.267840e-24
4.103972e+00 7.224677e-24
4.113436e+00 7.182873e-24
4.122922e+00 7.141992e-24
4.132429e+00 7.101126e-24
4.141958e+00 7.061783e-24
4.151510e+00 7.023400e-24
4.161083e+00 6.985216e-24
4.170679e+00 6.941546e-24
4.180296e+00 6.894641e-24
4.189936e+00 6.851909e-24
4.199598e+00 6.812852e-24
4.209282e+00 6.772213e-24
4.218989e+00 6.730226e-24
4.228718e+00 6.693205e-24
4.238470e+00 6.657583e-24
4.248244e+00 6.619802e-24
4.258040e+00 6.580573e-24
4.267859e+00 6.538736e-24
4.277701e+00 6.500370e-24
4.287565e+00 6.464728e-24
4.297452e+00 6.425617e-24
4.307362e+00 6.386825e-24
4.317295e+00 6.347542e-24
4.327251e+00 6.311604e-24
4.337230e+00 6.274428e-24
4.347231e+00 6.236971e-24
4.357256e+00 6.202482e-24
4.367304e+00 6.166320e-24
4.377375e+00 6.132147e-24
4.387469e+00 6.097152e-24
4.397587e+00 6.062850e-24
4.407728e+00 6.028614e-24
4.417892e+00 5.993478e-24
4.428079e+00 5.956308e-24
4.438291e+00 5.920230e-24
4.448525e+00 5.884623e-24
4.458784e+00 5.851636e-24
4.469066e+00 5.818144e-24
4.479371e+00 5.783598e-24
4.489701e+00 5.752410e-24
4.500054e+00 5.721807e-24
4.510431e+00 5.682222e-24
4.520832e+00 5.644644e-24
4.531257e+00 5.610958e-24
4.541707e+00 5.579984e-24
4.552180e+00 5.544192e-24
4.562677e+00 5.510611e-24
4.573199e+00 5.478594e-24
4.583745e+00 5.448476e-24
4.594315e+00 5.415216e-24
4.604909e+00 5.383033e-24
4.615528e+00 5.354066e-24
4.626172e+00 5.320013e-24
4.636840e+00 5.287968e-24
4.647532e+00 5.255676e-24
4.658249e+00 5.226427e-24
4.668991e+00 5.194456e-24
4.679758e+00 5.163589e-24
4.690550e+00 5.133204e-24
4.701366e+00 5.101132e-24
4.712208e+00 5.070159e-24
4.723074e+00 5.040040e-24
4.733965e+00 5.009732e-24
4.744882e+00 4.980116e-24
4.755824e+00 4.950788e-24
4.766791e+00 4.922611e-24
4.777783e+00 4.893606e-24
4.788800e+00 4.864536e-24
4.799843e+00 4.835053e-24
4.810912e+00 4.806098e-24
4.822006e+00 4.777728e-24
4.833126e+00 4.749377e-24
4.844271e+00 4.722100e-24
4.855442e+00 4.694555e-24
4.866638e+00 4.666578e-24
4.877861e+00 4.638262e-24
4.889109e+00 4.611470e-24
4.900384e+00 4.584185e-24
4.911684e+00 4.557590e-24
4.923010e+00 4.530320e-24
4.934363e+00 4.504858e-24
4.945741e+00 4.478898e-24
4.957146e+00 4.452754e-24
4.968578e+00 4.426898e-24
4.980035e+00 4.400239e-24
4.991519e+00 4.374774e-24
5.003030e+00 4.349549e-24
5.014567e+00 4.323523e-24
5.026130e+00 4.299324e-24
5.037721e+00 4.273687e-24
5.049338e+00 4.247746e-24
5.060981e+00 4.223281e-24
5.072652e+00 4.197794e-24
5.084350e+00 4.172194e-24
5.096074e+00 4.145723e-24
5.107826e+00 4.120687e-24
5.119605e+00 4.096121e-24
5.131410e+00 4.070702e-24
5.143243e+00 4.046107e-24
5.155104e+00 4.022146e-24
5.166991e+00 3.998311e-24
5.178907e+00 3.975043e-24
5.190849e+00 3.953140e-24
5.202819e+00 3.930120e-24
5.214817e+00 3.905236e-24
5.226842e+00 3.879621e-24
5.238896e+00 3.855504e-24
5.250977e+00 3.832093e-24
5.263085e+00 3.809506e-24
5.275222e+00 3.786782e-24
5.287387e+00 3.763862e-24
5.299580e+00 3.741218e-24
5.311800e+00 3.718714e-24
5.324049e+00 3.697229e-24
5.336327e+00 3.674897e-24
5.348632e+00 3.653041e-24
5.360966e+00 3.631393e-24
5.373329e+00 3.609419e-24
5.385720e+00 3.587670e-24
5.398139e+00 3.566664e-24
5.410587e+00 3.545733e-24
5.423064e+00 3.524332e-24
5.435570e+00 3.503384e-24
5.448104e+00 3.482380e-24
5.460668e+00 3.461714e-24
5.473260e+00 3.440857e-24
5.485881e+00 3.420365e-24
5.498532e+00 3.399971e-24
5.511212e+00 3.379915e-24
5.523920e+00 3.359271e-24
5.536659e+00 3.339430e-24
5.549426e+00 3.320183e-24
5.562223e+00 3.300559e-24
5.575050e+00 3.282029e-24
5.587906e+00 3.261257e-24
5.600792e+00 3.241436e-24
5.613707e+00 3.222112e-24
5.626652e+00 3.202902e-24
5.639627e+00 3.183773e-24
5.652632e+00 3.165130e-24
5.665668e+00 3.146079e-24
5.678733e+00 3.127175e-24
5.691828e+00 3.109006e-24
5.704953e+00 3.090889e-24
5.718109e+00 3.072166e-24
5.731295e+00 3.053374e-24
5.744511e+00 3.035097e-24
5.757758e+00 3.017372e-24
5.771036e+00 2.999466e-24
5.784344e+00 2.981730e-24
5.797682e+00 2.964196e-24
5.811052e+00 2.946758e-24
5.824452e+00 2.929712e-24
5.837883e+00 2.912473e-24
5.851346e+00 2.895597e-24
5.864839e+00 2.879542e-24
5.878363e+00 2.862274e-24
5.891919e+00 2.845025e-24
5.905506e+00 2.828469e-24
5.919124e+00 2.811829e-24
5.932773e+00 2.795850e-24
5.946454e+00 2.779827e-24
5.960167e+00 2.763967e-24
5.973911e+00 2.747793e-24
5.987687e+00 2.732045e-24
6.001495e+00 2.716532e-24
6.015334e+00 2.701075e-24
6.029206e+00 2.685259e-24
6.043109e+00 2.669744e-24
6.057044e+00 2.654642e-24
6.071012e+00 2.639632e-24
6.085012e+00 2.624267e-24
6.099044e+00 2.609578e-24
6.113108e+00 2.594409e-24
6.127205e+00 2.579783e-24
6.141335e+00 2.565618e-24
6.155496e+00 2.551304e-24
6.169691e+00 2.538619e-24
6.183918e+00 2.524750e-24
6.198179e+00 2.509233e-24
6.212472e+00 2.495620e-24
6.226798e+00 2.482608e-24
6.241157e+00 2.469419e-24
6.255549e+00 2.456219e-24
6.269974e+00 2.441690e-24
6.284433e+00 2.427984e-24
6.298925e+00 2.414844e-24
6.313450e+00 2.401977e-24
6.328009e+00 2.389290e-24
6.342601e+00 2.376699e-24
6.357228e+00 2.364145e-24
6.371887e+00 2.351215e-24
6.386581e+00 2.338802e-24
6.401308e+00 2.326175e-24
6.416070e+00 2.314110e-24
6.430865e+00 2.301741e-24
6.445695e+00 2.289269e-24
6.460559e+00 2.277273e-24
6.475457e+00 2.265387e-24
6.490389e+00 2.253865e-24
6.505356e+00 2.242483e-24
6.520358e+00 2.231205e-24
6.535394e+00 2.219949e-24
6.550464e+00 2.208445e-24
6.565570e+00 2.197323e-24
6.580710e+00 2.186611e-24
6.595885e+00 2.175716e-24
6.611095e+00 2.164808e-24
6.626341e+00 2.153921e-24
6.641621e+00 2.143311e-24
6.656937e+00 2.132992e-24
6.672288e+00 2.122902e-24
6.687674e+00 2.112333e-24
6.703096e+00 2.102057e-24
6.718553e+00 2.091857e-24
6.734046e+00 2.081797e-24
6.749575e+00 2.071921e-24
6.765140e+00 2.061614e-24
6.780740e+00 2.051431e-24
6.796376e+00 2.041461e-24
6.812049e+00 2.031634e-24
6.827758e+00 2.021855e-24
6.843502e+00 2.012251e-24
6.859284e+00 2.002569e-24
6.875101e+00 1.992801e-24
6.890955e+00 1.983412e-24
6.906846e+00 1.974141e-24
6.922773e+00 1.964959e-24
6.938737e+00 1.955832e-24
6.954738e+00 1.946929e-24
6.970775e+00 1.938072e-24
6.986850e+00 1.929336e-24
7.002962e+00 1.920548e-24
7.019111e+00 1.911883e-24
7.035297e+00 1.903387e-24
7.051520e+00 1.894970e-24
7.067781e+00 1.886763e-24
7.084080e+00 1.878119e-24
7.100415e+00 1.869836e-24
7.116789e+00 1.861221e-24
7.133200e+00 1.854071e-24
7.149650e+00 1.847047e-24
7.166137e+00 1.837214e-24
7.182662e+00 1.829127e-24
7.199225e+00 1.821201e-24
7.215827e+00 1.813228e-24
7.232466e+00 1.805305e-24
7.249145e+00 1.797443e-24
7.265861e+00 1.789522e-24
7.282616e+00 1.781977e-24
7.299410e+00 1.774233e-24
7.316243e+00 1.766347e-24
7.333114e+00 1.758908e-24
7.350024e+00 1.751369e-24
7.366973e+00 1.743987e-24
7.383962e+00 1.736469e-24
7.400989e+00 1.729116e-24
7.418056e+00 1.721987e-24
7.435162e+00 1.715378e-24
7.452307e+00 1.710762e-24
7.469493e+00 1.701111e-24
7.486717e+00 1.693253e-24
7.503982e+00 1.686098e-24
7.521286e+00 1.679010e-24
7.538630e+00 1.671885e-24
7.556014e+00 1.664929e-24
7.573438e+00 1.658184e-24
7.590903e+00 1.651351e-24
7.608407e+00 1.644528e-24
7.625953e+00 1.637824e-24
7.643538e+00 1.630867e-24
7.661164e+00 1.624110e-24
7.678831e+00 1.617480e-24
7.696538e+00 1.610830e-24
7.714287e+00 1.604160e-24
7.732076e+00 1.597444e-24
7.749906e+00 1.590941e-24
7.767777e+00 1.584393e-24
7.785690e+00 1.577865e-24
7.803644e+00 1.571606e-24
7.821639e+00 1.565326e-24
7.839676e+00 1.559012e-24
7.857754e+00 1.552684e-24
7.875874e+00 1.546413e-24
7.894036e+00 1.539973e-24
7.912240e+00 1.533788e-24
7.930485e+00 1.527427e-24
7.948773e+00 1.521179e-24
7.967103e+00 1.515034e-24
7.985475e+00 1.508963e-24
8.003890e+00 1.503052e-24
8.022347e+00 1.497029e-24
8.040846e+00 1.490826e-24
8.059389e+00 1.484840e-24
8.077974e+00 1.478967e-24
8.096602e+00 1.473211e-24
8.115272e+00 1.467306e-24
8.133986e+00 1.461622e-24
8.152743e+00 1.455980e-24
8.171544e+00 1.450332e-24
8.190387e+00 1.444758e-24
8.209274e+00 1.439121e-24
8.228205e+00 1.433696e-24
8.247179e+00 1.428185e-24
8.266197e+00 1.422802e-24
8.285259e+00 1.417464e-24
8.304365e+00 1.412240e-24
8.323515e+00 1.410347e-24
8.342709e+00 1.405734e-24
8.361947e+00 1.396607e-24
8.381230e+00 1.391417e-24
8.400557e+00 1.386363e-24
8.419929e+00 1.381380e-24
8.439346e+00 1.376442e-24
8.458807e+00 1.371505e-24
8.478313e+00 1.366636e-24
8.497864e+00 1.361886e-24
8.517460e+00 1.357148e-24
8.537101e+00 1.352503e-24
8.556788e+00 1.347937e-24
8.576520e+00 1.343519e-24
8.596298e+00 1.338942e-24
8.616121e+00 1.334391e-24
8.635989e+00 1.329938e-24
8.655904e+00 1.325545e-24
8.675865e+00 1.321274e-24
8.695871e+00 1.317134e-24
8.715924e+00 1.312999e-24
8.736023e+00 1.308927e-24
8.756168e+00 1.304934e-24
8.776360e+00 1.300993e-24
8.796599e+00 1.297077e-24
8.816884e+00 1.293270e-24
8.837215e+00 1.289515e-24
8.857594e+00 1.285810e-24
8.878020e+00 1.282270e-24
8.898493e+00 1.278677e-24
8.919012e+00 1.275205e-24
8.939580e+00 1.271791e-24
8.960195e+00 1.268476e-24
8.980857e+00 1.265247e-24
9.001567e+00 1.262106e-24
9.022324e+00 1.258908e-24
9.043130e+00 1.255830e-24
9.063984e+00 1.252907e-24
9.084885e+00 1.249971e-24
9.105835e+00 1.247122e-24
9.126833e+00 1.244387e-24
9.147880e+00 1.241792e-24
9.168975e+00 1.239211e-24
9.190118e+00 1.236711e-24
9.211311e+00 1.234348e-24
9.232552e+00 1.232145e-24
9.253843e+00 1.229901e-24
9.275182e+00 1.228128e-24
9.296571e+00 1.225953e-24
9.318009e+00 1.223918e-24
9.339496e+00 1.221957e-24
9.361033e+00 1.220038e-24
9.382620e+00 1.218284e-24
9.404256e+00 1.216637e-24
9.425942e+00 1.215071e-24
9.447679e+00 1.213643e-24
9.469465e+00 1.212310e-24
9.491302e+00 1.210972e-24
9.513189e+00 1.209728e-24
9.535126e+00 1.208484e-24
9.557114e+00 1.207282e-24
9.579153e+00 1.206032e-24
9.601243e+00 1.204824e-24
9.623383e+00 1.203579e-24
9.645575e+00 1.202321e-24
9.667817e+00 1.200959e-24
9.690112e+00 1.199491e-24
9.712457e+00 1.197943e-24
9.734854e+00 1.196291e-24
9.757303e+00 1.194516e-24
9.779803e+00 1.192710e-24
9.802355e+00 1.190718e-24
9.824960e+00 1.188610e-24
9.847616e+00 1.186471e-24
9.870325e+00 1.184201e-24
9.893086e+00 1.181957e-24
9.915899e+00 1.179564e-24
9.938766e+00 1.177254e-24
9.961684e+00 1.174871e-24
9.984656e+00 1.173115e-24
1.000768e+01 1.182682e-24
1.003076e+01 1.167750e-24
1.005389e+01 1.165381e-24
1.007707e+01 1.163122e-24
1.010031e+01 1.160883e-24
1.012360e+01 1.158658e-24
1.014695e+01 1.156510e-24
1.017035e+01 1.154430e-24
1.019380e+01 1.152371e-24
1.021731e+01 1.150399e-24
1.024087e+01 1.148448e-24
1.026448e+01 1.146573e-24
1.028815e+01 1.144758e-24
1.031188e+01 1.142949e-24
1.033566e+01 1.141196e-24
1.035949e+01 1.139513e-24
1.038338e+01 1.137857e-24
1.040732e+01 1.136689e-24
1.043132e+01 1.134801e-24
1.045538e+01 1.133170e-24
1.047949e+01 1.131674e-24
1.050365e+01 1.130237e-24
1.052788e+01 1.128796e-24
1.055215e+01 1.127427e-24
1.057649e+01 1.126105e-24
1.060088e+01 1.124775e-24
1.062532e+01 1.123420e-24
1.064982e+01 1.122151e-24
1.067438e+01 1.120905e-24
1.069900e+01 1.119650e-24
1.072367e+01 1.118417e-24
1.074840e+01 1.117240e-24
1.077318e+01 1.116068e-24
1.079803e+01 1.114950e-24
1.082293e+01 1.113792e-24
1.084789e+01 1.112651e-24
1.087290e+01 1.111541e-24
1.089797e+01 1.110452e-24
1.092311e+01 1.109398e-24
1.094829e+01 1.108323e-24
1.097354e+01 1.107278e-24
1.099885e+01 1.106235e-24
1.102421e+01 1.105206e-24
1.104963e+01 1.104189e-24
1.107511e+01 1.103187e-24
1.110065e+01 1.102196e-24
1.112625e+01 1.101203e-24
1.115191e+01 1.100224e-24
1.117762e+01 1.099244e-24
1.120340e+01 1.098291e-24
1.122923e+01 1.097312e-24
1.125513e+01 1.096356e-24
1.128108e+01 1.095402e-24
1.130710e+01 1.094464e-24
1.133317e+01 1.093513e-24
1.135931e+01 1.092579e-24
1.138550e+01 1.091653e-24
1.141176e+01 1.090706e-24
1.143807e+01 1.089782e-24
1.146445e+01 1.088845e-24
1.149088e+01 1.087920e-24
1.151738e+01 1.086996e-24
1.154394e+01 1.086061e-24
1.157056e+01 1.085143e-24
1.159724e+01 1.084209e-24
1.162399e+01 1.083289e-24
1.165079e+01 1.082366e-24
1.167766e+01 1.081433e-24
1.170459e+01 1.080516e-24
1.173158e+01 1.079573e-24
1.175863e+01 1.078643e-24
1.178575e+01 1.077697e-24
1.181293e+01 1.076760e-24
1.184017e+01 1.075816e-24
1.186747e+01 1.074864e-24
1.189484e+01 1.073922e-24
1.192227e+01 1.072976e-24
1.194976e+01 1.072026e-24
1.197731e+01 1.071077e-24
1.200493e+01 1.070128e-24
1.203262e+01 1.069143e-24
1.206037e+01 1.068162e-24
1.208818e+01 1.067191e-24
1.211605e+01 1.066212e-24
1.214399e+01 1.065214e-24
1.217200e+01 1.064209e-24
1.220006e+01 1.063220e-24
1.222820e+01 1.062217e-24
1.225640e+01 1.061205e-24
1.228466e+01 1.060195e-24
1.231299e+01 1.059217e-24
1.234138e+01 1.058151e-24
1.236984e+01 1.057110e-24
1.239837e+01 1.056070e-24
1.242696e+01 1.055079e-24
1.245561e+01 1.055276e-24
1.248434e+01 1.053014e-24
1.251313e+01 1.051897e-24
1.254198e+01 1.050765e-24
1.257090e+01 1.049665e-24
1.259989e+01 1.048565e-24
1.262895e+01 1.047461e-24
1.265807e+01 1.046356e-24
1.268726e+01 1.045245e-24
1.271652e+01 1.044120e-24
1.274584e+01 1.042990e-24
1.277523e+01 1.041851e-24
1.280469e+01 1.040710e-24
1.283422e+01 1.039568e-24
1.286382e+01 1.038399e-24
1.289348e+01 1.037228e-24
1.292321e+01 1.036052e-24
1.295301e+01 1.034868e-24
1.298288e+01 1.033674e-24
1.301282e+01 1.032476e-24
1.304283e+01 1.031268e-24
1.307291e+01 1.030055e-24
1.310305e+01 1.028832e-24
1.313327e+01 1.027603e-24
1.316355e+01 1.026366e-24
1.319391e+01 1.025122e-24
1.322433e+01 1.023874e-24
1.325483e+01 1.022608e-24
1.328539e+01 1.021332e-24
1.331603e+01 1.020054e-24
1.334674e+01 1.018768e-24
1.337752e+01 1.017482e-24
1.340836e+01 1.016179e-24
1.343928e+01 1.014869e-24
1.347027e+01 1.013556e-24
1.350134e+01 1.012233e-24
1.353247e+01 1.010905e-24
1.356368e+01 1.009564e-24
1.359496e+01 1.008215e-24
1.362631e+01 1.006863e-24
1.365773e+01 1.005500e-24
1.368922e+01 1.004131e-24
1.372079e+01 1.002758e-24
1.375243e+01 1.001374e-24
1.378414e+01 9.999805e-25
1.381593e+01 9.985843e-25
1.384779e+01 9.971834e-25
1.387972e+01 9.957709e-25
1.391173e+01 9.943540e-25
1.394381e+01 9.929296e-25
1.397596e+01 9.914932e-25
1.400819e+01 9.900604e-25
1.404050e+01 9.886149e-25
1.407287e+01 9.871689e-25
1.410533e+01 9.857091e-25
1.413785e+01 9.842501e-25
1.417045e+01 9.827780e-25
1.420313e+01 9.813067e-25
1.423588e+01 9.798306e-25
1.426871e+01 9.783456e-25
1.430162e+01 9.768534e-25
1.433460e+01 9.753603e-25
1.436765e+01 9.738614e-25
1.440078e+01 9.723568e-25
1.443399e+01 9.708473e-25
1.446728e+01 9.693369e-25
1.450064e+01 9.678171e-25
1.453408e+01 9.662931e-25
1.456759e+01 9.647679e-25
1.460119e+01 9.632334e-25
1.463486e+01 9.616960e-25
1.466860e+01 9.601526e-25
1.470243e+01 9.586086e-25
1.473633e+01 9.570589e-25
1.477032e+01 9.555110e-25
1.480438e+01 9.539563e-25
1.483852e+01 9.524000e-25
1.487273e+01 9.508426e-25
1.490703e+01 9.492838e-25
1.494141e+01 9.477219e-25
1.497586e+01 9.461552e-25
1.501040e+01 9.445898e-25
1.504501e+01 9.430188e-25
1.507970e+01 9.414467e-25
1.511448e+01 9.398723e-25
1.514933e+01 9.382999e-25
1.518427e+01 9.367248e-25
1.521928e+01 9.351467e-25
1.525438e+01 9.335687e-25
1.528955e+01 9.319906e-25
1.532481e+01 9.304167e-25
1.536015e+01 9.288366e-25
1.539557e+01 9.272592e-25
1.543107e+01 9.256814e-25
1.546666e+01 9.241046e-25
1.550232e+01 9.225295e-25
1.553807e+01 9.209543e-25
1.557390e+01 9.193797e-25
1.560982e+01 9.178088e-25
1.564581e+01 9.162401e-25
1.568189e+01 9.146724e-25
1.571805e+01 9.131039e-25
1.575430e+01 9.115425e-25
1.579063e+01 9.099809e-25
1.582704e+01 9.084238e-25
1.586354e+01 9.068690e-25
1.590012e+01 9.053173e-25
1.593679e+01 9.037688e-25
1.597354e+01 9.022255e-25
1.601037e+01 9.006851e-25
1.604729e+01 8.991501e-25
1.608430e+01 8.976193e-25
1.612139e+01 8.960918e-25
1.615857e+01 8.945705e-25
1.619583e+01 8.930536e-25
1.623317e+01 8.915434e-25
1.627061e+01 8.900385e-25
1.630813e+01 8.885373e-25
1.634574e+01 8.870452e-25
1.638343e+01 8.855590e-25
1.642121e+01 8.840793e-25
1.645908e+01 8.826073e-25
1.649703e+01 8.811421e-25
1.653507e+01 8.796820e-25
1.657320e+01 8.782316e-25
1.661142e+01 8.767890e-25
1.664973e+01 8.753626e-25
1.668812e+01 8.739276e-25
1.672661e+01 8.725077e-25
1.676518e+01 8.710958e-25
1.680384e+01 8.696954e-25
1.684259e+01 8.683055e-25
1.688143e+01 8.669227e-25
1.692035e+01 8.655515e-25
1.695937e+01 8.641896e-25
1.699848e+01 8.628383e-25
1.703768e+01 8.614967e-25
1.707697e+01 8.601672e-25
1.711635e+01 8.588472e-25
1.715582e+01 8.575391e-25
1.719538e+01 8.562417e-25
1.723503e+01 8.549570e-25
1.727478e+01 8.536834e-25
1.731461e+01 8.524206e-25
1.735454e+01 8.511705e-25
1.739456e+01 8.499330e-25
1.743467e+01 8.487090e-25
1.747488e+01 8.474963e-25
1.751517e+01 8.462967e-25
1.755556e+01 8.451088e-25
1.759605e+01 8.439360e-25
1.763662e+01 8.427758e-25
1.767729e+01 8.416290e-25
1.771806e+01 8.404961e-25
1.775892e+01 8.393779e-25
1.779987e+01 8.382726e-25
1.784092e+01 8.371806e-25
1.788206e+01 8.361050e-25
1.792329e+01 8.350427e-25
1.796462e+01 8.339950e-25
1.800605e+01 8.329629e-25
1.804757e+01 8.319448e-25
1.808919e+01 8.309413e-25
1.813090e+01 8.299538e-25
1.817271e+01 8.289808e-25
1.821462e+01 8.280238e-25
1.825662e+01 8.270826e-25
1.829872e+01 8.261552e-25
1.834092e+01 8.252455e-25
1.838322e+01 8.243501e-25
1.842561e+01 8.234711e-25
1.846810e+01 8.226067e-25
1.851068e+01 8.217595e-25
1.855337e+01 8.209278e-25
1.859615e+01 8.201118e-25
1.863904e+01 8.193121e-25
1.868202e+01 8.185288e-25
1.872510e+01 8.177622e-25
1.876828e+01 8.170103e-25
1.881156e+01 8.162748e-25
1.885494e+01 8.155557e-25
1.889842e+01 8.148528e-25
1.894200e+01 8.141664e-25
1.898568e+01 8.134967e-25
1.902946e+01 8.128432e-25
1.907334e+01 8.122054e-25
1.911733e+01 8.115851e-25
1.916141e+01 8.109802e-25
1.920560e+01 8.103913e-25
1.924989e+01 8.098197e-25
1.929428e+01 8.092634e-25
1.933877e+01 8.087239e-25
1.938336e+01 8.082001e-25
1.942806e+01 8.076929e-25
1.947286e+01 8.072011e-25
1.951777e+01 8.067260e-25
1.956278e+01 8.062674e-25
1.960789e+01 8.058244e-25
1.965310e+01 8.053970e-25
1.969842e+01 8.049857e-25
1.974385e+01 8.045897e-25
1.978938e+01 8.042098e-25
1.983501e+01 8.038453e-25
1.988075e+01 8.034962e-25
1.992660e+01 8.031625e-25
1.997255e+01 8.028443e-25
2.001861e+01 8.025404e-25
2.006477e+01 8.022519e-25
2.011104e+01 8.019780e-25
2.015741e+01 8.017190e-25
2.020390e+01 8.014750e-25
2.025049e+01 8.012451e-25
2.029719e+01 8.010291e-25
2.034399e+01 8.008275e-25
2.039090e+01 8.006391e-25
2.043793e+01 8.004648e-25
2.048506e+01 8.003039e-25
2.053229e+01 8.001558e-25
2.057964e+01 8.000209e-25
2.062710e+01 7.998989e-25
2.067466e+01 7.997887e-25
2.072234e+01 7.996909e-25
2.077013e+01 7.996048e-25
2.081802e+01 7.995302e-25
2.086603e+01 7.994665e-25
2.091415e+01 7.994140e-25
2.096237e+01 7.993717e-25
2.101071e+01 7.993399e-25
2.105916e+01 7.993173e-25
2.110773e+01 7.993048e-25
2.115640e+01 7.993013e-25
2.120519e+01 7.993057e-25
2.125409e+01 7.993190e-25
2.130310e+01 7.993397e-25
2.135223e+01 7.993680e-25
2.140146e+01 7.994031e-25
2.145082e+01 7.994443e-25
2.150028e+01 7.994916e-25
2.154986e+01 7.995445e-25
2.159956e+01 7.996024e-25
2.164936e+01 7.996647e-25
2.169929e+01 7.997311e-25
2.174933e+01 7.998010e-25
2.179948e+01 7.998738e-25
2.184975e+01 7.999493e-25
2.190014e+01 8.000262e-25
2.195064e+01 8.001051e-25
2.200126e+01 8.001845e-25
2.205199e+01 8.002641e-25
2.210284e+01 8.003438e-25
2.215381e+01 8.004224e-25
2.220490e+01 8.004997e-25
2.225610e+01 8.005751e-25
2.230743e+01 8.006482e-25
2.235887e+01 8.007186e-25
2.241043e+01 8.007852e-25
2.246211e+01 8.008475e-25
2.251390e+01 8.009057e-25
2.256582e+01 8.009586e-25
2.261786e+01 8.010057e-25
2.267002e+01 8.010470e-25
2.272229e+01 8.010816e-25
2.277469e+01 8.011091e-25
2.282721e+01 8.011288e-25
2.287985e+01 8.011403e-25
2.293261e+01 8.011432e-25
2.298549e+01 8.011370e-25
2.303850e+01 8.011214e-25
2.309162e+01 8.010955e-25
2.314487e+01 8.010596e-25
2.319825e+01 8.010127e-25
2.325174e+01 8.009544e-25
2.330536e+01 8.008846e-25
2.335910e+01 8.008028e-25
2.341297e+01 8.007086e-25
2.346696e+01 8.006016e-25
2.352107e+01 8.004816e-25
2.357531e+01 8.003480e-25
2.362968e+01 8.002009e-25
2.368417e+01 8.000397e-25
2.373878e+01 7.998643e-25
2.379353e+01 7.996742e-25
2.384839e+01 7.994695e-25
2.390339e+01 7.992496e-25
2.395851e+01 7.990148e-25
2.401376e+01 7.987642e-25
2.406914e+01 7.984982e-25
2.412464e+01 7.982163e-25
2.418027e+01 7.979186e-25
2.423603e+01 7.976047e-25
2.429192e+01 7.972747e-25
2.434794e+01 7.969287e-25
2.440408e+01 7.965661e-25
2.446036e+01 7.961871e-25
2.451676e+01 7.957916e-25
2.457330e+01 7.953796e-25
2.462997e+01 7.949512e-25
2.468676e+01 7.945060e-25
2.474369e+01 7.940445e-25
2.480075e+01 7.935666e-25
2.485794e+01 7.930715e-25
2.491526e+01 7.925604e-25
2.497272e+01 7.920326e-25
2.503031e+01 7.914888e-25
2.508803e+01 7.909285e-25
2.514588e+01 7.903520e-25
2.520387e+01 7.897595e-25
2.526199e+01 7.891509e-25
2.532024e+01 7.885264e-25
2.537863e+01 7.878862e-25
2.543715e+01 7.872306e-25
2.549581e+01 7.865595e-25
2.555460e+01 7.858731e-25
2.561353e+01 7.851714e-25
2.567260e+01 7.844548e-25
2.573180e+01 7.837236e-25
2.579114e+01 7.829775e-25
2.585061e+01 7.822175e-25
2.591022e+01 7.814428e-25
2.596997e+01 7.806544e-25
2.602986e+01 7.798523e-25
2.608988e+01 7.790364e-25
2.615005e+01 7.782072e-25
2.621035e+01 7.773651e-25
2.627079e+01 7.765099e-25
2.633137e+01 7.756421e-25
2.639209e+01 7.747619e-25
2.645295e+01 7.738695e-25
2.651395e+01 7.729650e-25
2.657509e+01 7.720490e-25
2.663638e+01 7.711217e-25
2.669780e+01 7.701829e-25
2.675937e+01 7.692334e-25
2.682107e+01 7.682730e-25
2.688292e+01 7.673021e-25
2.694492e+01 7.663211e-25
2.700705e+01 7.653304e-25
2.706933e+01 7.643296e-25
2.713175e+01 7.633196e-25
2.719432e+01 7.623004e-25
2.725703e+01 7.612722e-25
2.731988e+01 7.602351e-25
2.738288e+01 7.591900e-25
2.744603e+01 7.581364e-25
2.750932e+01 7.570751e-25
2.757275e+01 7.560058e-25
2.763634e+01 7.549293e-25
2.770007e+01 7.538455e-25
2.776394e+01 7.527546e-25
2.782797e+01 7.516571e-25
2.789214e+01 7.505531e-25
2.795646e+01 7.494427e-25
2.802093e+01 7.483265e-25
2.808554e+01 7.472045e-25
2.815031e+01 7.460766e-25
2.821522e+01 7.449437e-25
2.828029e+01 7.438054e-25
2.834550e+01 7.426623e-25
2.841087e+01 7.415145e-25
2.847638e+01 7.403623e-25
2.854205e+01 7.392060e-25
2.860787e+01 7.380454e-25
2.867384e+01 7.368809e-25
2.873996e+01 7.357128e-25
2.880623e+01 7.345410e-25
2.887266e+01 7.333662e-25
2.893924e+01 7.321884e-25
2.900598e+01 7.310075e-25
2.907286e+01 7.298239e-25
2.913991e+01 7.286380e-25
2.920710e+01 7.274495e-25
2.927446e+01 7.262589e-25
2.934196e+01 7.250664e-25
2.940963e+01 7.238720e-25
2.947744e+01 7.226760e-25
2.954542e+01 7.214785e-25
2.961355e+01 7.202797e-25
2.968184e+01 7.190797e-25
2.975029e+01 7.178786e-25
2.981889e+01 7.166768e-25
2.988765e+01 7.154743e-25
2.995658e+01 7.142712e-25
3.002566e+01 7.130675e-25
3.009489e+01 7.118635e-25
3.016429e+01 7.106595e-25
3.023385e+01 7.094553e-25
3.030357e+01 7.082514e-25
3.037345e+01 7.070473e-25
3.044349e+01 7.058439e-25
3.051370e+01 7.046409e-25
3.058406e+01 7.034385e-25
3.065459e+01 7.022367e-25
3.072528e+01 7.010358e-25
3.079613e+01 6.998357e-25
3.086715e+01 6.986367e-25
3.093833e+01 6.974389e-25
3.100967e+01 6.962422e-25
3.108118e+01 6.950469e-25
3.115285e+01 6.938530e-25
3.122469e+01 6.926605e-25
3.129670e+01 6.914697e-25
3.136887e+01 6.902805e-25
3.144120e+01 6.890931e-25
3.151371e+01 6.879076e-25
3.158638e+01 6.867240e-25
3.165922e+01 6.855425e-25
3.173222e+01 6.843630e-25
3.180540e+01 6.831857e-25
3.187874e+01 6.820106e-25
3.195225e+01 6.808379e-25
3.202594e+01 6.796675e-25
3.209979e+01 6.784996e-25
3.217381e+01 6.773340e-25
3.224800e+01 6.761712e-25
3.232237e+01 6.750110e-25
3.239690e+01 6.738533e-25
3.247161e+01 6.726985e-25
3.254649e+01 6.715464e-25
3.262154e+01 6.703971e-25
3.269677e+01 6.692509e-25
3.277217e+01 6.681073e-25
3.284774e+01 6.669670e-25
3.292349e+01 6.658296e-25
3.299941e+01 6.646953e-25
3.307551e+01 6.635641e-25
3.315178e+01 6.624360e-25
3.322823e+01 6.613112e-25
3.330485e+01 6.601895e-25
3.338165e+01 6.590712e-25
3.345863e+01 6.579561e-25
3.353579e+01 6.568445e-25
3.361312e+01 6.557362e-25
3.369063e+01 6.546312e-25
3.376832e+01 6.535297e-25
3.384619e+01 6.524316e-25
3.392424e+01 6.513371e-25
3.400247e+01 6.502460e-25
3.408088e+01 6.491585e-25
3.415947e+01 6.480745e-25
3.423825e+01 6.469941e-25
3.431720e+01 6.459172e-25
3.439634e+01 6.448441e-25
3.447565e+01 6.437744e-25
3.455515e+01 6.427086e-25
3.463484e+01 6.416463e-25
3.471471e+01 6.405878e-25
3.479476e+01 6.395329e-25
3.487500e+01 6.384818e-25
3.495542e+01 6.374343e-25
3.503603e+01 6.363906e-25
3.511682e+01 6.353507e-25
3.519780e+01 6.343145e-25
3.527897e+01 6.332820e-25
3.536032e+01 6.322534e-25
3.544186e+01 6.312285e-25
3.552359e+01 6.302074e-25
3.560551e+01 6.291901e-25
3.568761e+01 6.281766e-25
3.576991e+01 6.271669e-25
3.585240e+01 6.261610e-25
3.593507e+01 6.251590e-25
3.601794e+01 6.241607e-25
3.610100e+01 6.231663e-25
3.618424e+01 6.221756e-25
3.626769e+01 6.211888e-25
3.635132e+01 6.202059e-25
3.643515e+01 6.192267e-25
3.651917e+01 6.182513e-25
3.660338e+01 6.172798e-25
3.668779e+01 6.163121e-25
3.677239e+01 6.153482e-25
3.685719e+01 6.143881e-25
3.694218e+01 6.134318e-25
3.702737e+01 6.124793e-25
3.711275e+01 6.115306e-25
3.719834e+01 6.105857e-25
3.728412e+01 6.096446e-25
3.737009e+01 6.087073e-25
3.745627e+01 6.077737e-25
3.754264e+01 6.068440e-25
3.762922e+01 6.059180e-25
3.771599e+01 6.049957e-25
3.780296e+01 6.040772e-25
3.789014e+01 6.031624e-25
3.797751e+01 6.022513e-25
3.806509e+01 6.013440e-25
3.815287e+01 6.004404e-25
3.824085e+01 5.995405e-25
3.832903e+01 5.986443e-25
3.841742e+01 5.977518e-25
3.850601e+01 5.968630e-25
3.859480e+01 5.959778e-25
3.868380e+01 5.950963e-25
3.877301e+01 5.942185e-25
3.886242e+01 5.933442e-25
3.895204e+01 5.924737e-25
3.904186e+01 5.916067e-25
3.913189e+01 5.907434e-25
3.922213e+01 5.898836e-25
3.931258e+01 5.890275e-25
3.940323e+01 5.881750e-25
3.949410e+01 5.873262e-25
3.958517e+01 5.864810e-25
3.967645e+01 5.856397e-25
3.976795e+01 5.848027e-25
3.985965e+01 5.839715e-25
3.995157e+01 5.831541e-25
4.004370e+01 5.825400e-25
4.013604e+01 5.815903e-25
4.022859e+01 5.806735e-25
4.032136e+01 5.798459e-25
4.041434e+01 5.790287e-25
4.050754e+01 5.782166e-25
4.060095e+01 5.774085e-25
4.069457e+01 5.766039e-25
4.078842e+01 5.758029e-25
4.088247e+01 5.750053e-25
4.097675e+01 5.742111e-25
4.107124e+01 5.734202e-25
4.116595e+01 5.726326e-25
4.126088e+01 5.718483e-25
4.135603e+01 5.710673e-25
4.145140e+01 5.702895e-25
4.154698e+01 5.695151e-25
4.164279e+01 5.687438e-25
4.173882e+01 5.679758e-25
4.183507e+01 5.672110e-25
4.193154e+01 5.664493e-25
4.202824e+01 5.656908e-25
4.212516e+01 5.649355e-25
4.222230e+01 5.641833e-25
4.231966e+01 5.634342e-25
4.241725e+01 5.626883e-25
4.251507e+01 5.619454e-25
4.261311e+01 5.612056e-25
4.271137e+01 5.604689e-25
4.280986e+01 5.597352e-25
4.290858e+01 5.590046e-25
4.300753e+01 5.582769e-25
4.310671e+01 5.575523e-25
4.320611e+01 5.568307e-25
4.330575e+01 5.561120e-25
4.340561e+01 5.553963e-25
4.350570e+01 5.546834e-25
4.360603e+01 5.539736e-25
4.370658e+01 5.532666e-25
4.380737e+01 5.525626e-25
4.390839e+01 5.518613e-25
4.400964e+01 5.511630e-25
4.411113e+01 5.504675e-25
4.421285e+01 5.497749e-25
4.431481e+01 5.490850e-25
4.441700e+01 5.483980e-25
4.451942e+01 5.477137e-25
4.462208e+01 5.470322e-25
4.472498e+01 5.463535e-25
4.482812e+01 5.456775e-25
4.493149e+01 5.450042e-25
4.503511e+01 5.443336e-25
4.513896e+01 5.436658e-25
4.524305e+01 5.430006e-25
4.534738e+01 5.423381e-25
4.545195e+01 5.416782e-25
4.555676e+01 5.410209e-25
4.566182e+01 5.403663e-25
4.576711e+01 5.397143e-25
4.587265e+01 5.390648e-25
4.597843e+01 5.384179e-25
4.608446e+01 5.377737e-25
4.619073e+01 5.371319e-25
4.629725e+01 5.364927e-25
4.640401e+01 5.358559e-25
4.651102e+01 5.352217e-25
4.661827e+01 5.345900e-25
4.672578e+01 5.339608e-25
4.683353e+01 5.333340e-25
4.694152e+01 5.327096e-25
4.704977e+01 5.320877e-25
4.715827e+01 5.314682e-25
4.726702e+01 5.308512e-25
4.737601e+01 5.302365e-25
4.748526e+01 5.296243e-25
4.759476e+01 5.290144e-25
4.770452e+01 5.284067e-25
4.781453e+01 5.278014e-25
4.792479e+01 5.271984e-25
4.803530e+01 5.265977e-25
4.814607e+01 5.259993e-25
4.825710e+01 5.254032e-25
4.836838e+01 5.248093e-25
4.847992e+01 5.242177e-25
4.859171e+01 5.236283e-25
4.870376e+01 5.230412e-25
4.881607e+01 5.224562e-25
4.892864e+01 5.218735e-25
4.904147e+01 5.212929e-25
4.915456e+01 5.207145e-25
4.926792e+01 5.201383e-25
4.938153e+01 5.195642e-25
4.949540e+01 5.189923e-25
4.960954e+01 5.184224e-25
4.972394e+01 5.178547e-25
4.983860e+01 5.172890e-25
4.995353e+01 5.167255e-25
5.006872e+01 5.161640e-25
5.018418e+01 5.156046e-25
5.029991e+01 5.150472e-25
5.041590e+01 5.144918e-25
5.053216e+01 5.139385e-25
5.064869e+01 5.133871e-25
5.076548e+01 5.128378e-25
5.088255e+01 5.122904e-25
5.099988e+01 5.117450e-25
5.111749e+01 5.112016e-25
5.123537e+01 5.106601e-25
5.135352e+01 5.101206e-25
5.147194e+01 5.095830e-25
5.159063e+01 5.090473e-25
5.170960e+01 5.085135e-25
5.182884e+01 5.079815e-25
5.194836e+01 5.074515e-25
5.206816e+01 5.069233e-25
5.218822e+01 5.063970e-25
5.230857e+01 5.058725e-25
5.242920e+01 5.053499e-25
5.255010e+01 5.048291e-25
5.267128e+01 5.043101e-25
5.279274e+01 5.037929e-25
5.291448e+01 5.032774e-25
5.303650e+01 5.027638e-25
5.315880e+01 5.022519e-25
5.328139e+01 5.017418e-25
5.340425e+01 5.012334e-25
5.352741e+01 5.007268e-25
5.365084e+01 5.002219e-25
5.377456e+01 4.997187e-25
5.389856e+01 4.992172e-25
5.402285e+01 4.987174e-25
5.414743e+01 4.982193e-25
5.427230e+01 4.977229e-25
5.439745e+01 4.972281e-25
5.452289e+01 4.967350e-25
5.464862e+01 4.962436e-25
5.477464e+01 4.957537e-25
5.490095e+01 4.952655e-25
5.502755e+01 4.947790e-25
5.515445e+01 4.942940e-25
5.528163e+01 4.938106e-25
5.540911e+01 4.933288e-25
5.553689e+01 4.928486e-25
5.566495e+01 4.923699e-25
5.579332e+01 4.918928e-25
5.592198e+01 4.914173e-25
5.605093e+01 4.909433e-25
5.618019e+01 4.904708e-25
5.630974e+01 4.899999e-25
5.643959e+01 4.895303e-25
5.656974e+01 4.890627e-25
5.670019e+01 4.885962e-25
5.683094e+01 4.881313e-25
5.696200e+01 4.876679e-25
5.709335e+01 4.872060e-25
5.722501e+01 4.867457e-25
5.735697e+01 4.862870e-25
5.748923e+01 4.858306e-25
5.762181e+01 4.853824e-25
5.775468e+01 4.850646e-25
5.788786e+01 4.844692e-25
5.802135e+01 4.840136e-25
5.815515e+01 4.835622e-25
5.828926e+01 4.831128e-25
5.842367e+01 4.826649e-25
5.855840e+01 4.822185e-25
5.869344e+01 4.817734e-25
5.882878e+01 4.813297e-25
5.896444e+01 4.808874e-25
5.910041e+01 4.804465e-25
5.923670e+01 4.800069e-25
5.937330e+01 4.795686e-25
5.951022e+01 4.791317e-25
5.964745e+01 4.786960e-25
5.978500e+01 4.782617e-25
5.992286e+01 4.778287e-25
6.006104e+01 4.773970e-25
6.019954e+01 4.769666e-25
6.033836e+01 4.765374e-25
6.047750e+01 4.761096e-25
6.061697e+01 4.756830e-25
6.075675e+01 4.752576e-25
6.089686e+01 4.748335e-25
6.103728e+01 4.744107e-25
6.117804e+01 4.739891e-25
6.131911e+01 4.735687e-25
6.146052e+01 4.731496e-25
6.160224e+01 4.727316e-25
6.174430e+01 4.723149e-25
6.188668e+01 4.718994e-25
6.202939e+01 4.714851e-25
6.217243e+01 4.710720e-25
6.231580e+01 4.706600e-25
6.245950e+01 4.702493e-25
6.260354e+01 4.698397e-25
6.274790e+01 4.694313e-25
6.289260e+01 4.690240e-25
6.303763e+01 4.686179e-25
6.318299e+01 4.682129e-25
6.332869e+01 4.678091e-25
6.347473e+01 4.674065e-25
6.362110e+01 4.670049e-25
6.376781e+01 4.666045e-25
6.391486e+01 4.662052e-25
6.406225e+01 4.658070e-25
6.420998e+01 4.654099e-25
6.435805e+01 4.650139e-25
6.450646e+01 4.646190e-25
6.465521e+01 4.642252e-25
6.480431e+01 4.638325e-25
6.495375e+01 4.634408e-25
6.510353e+01 4.630503e-25
6.525366e+01 4.626607e-25
6.540413e+01 4.622723e-25
6.555496e+01 4.618849e-25
6.570613e+01 4.614986e-25
6.585765e+01 4.611133e-25
6.600951e+01 4.607290e-25
6.616173e+01 4.603458e-25
6.631430e+01 4.599636e-25
6.646722e+01 4.595824e-25
6.662050e+01 4.592023e-25
6.677412e+01 4.588231e-25
6.692811e+01 4.584450e-25
6.708244e+01 4.580679e-25
6.723714e+01 4.576917e-25
6.739218e+01 4.573166e-25
6.754759e+01 4.569424e-25
6.770336e+01 4.565693e-25
6.785948e+01 4.561971e-25
6.801597e+01 4.558259e-25
6.817281e+01 4.554556e-25
6.833002e+01 4.550864e-25
6.848759e+01 4.547180e-25
6.864552e+01 4.543507e-25
6.880382e+01 4.539843e-25
6.896248e+01 4.536188e-25
6.912151e+01 4.532543e-25
6.928090e+01 4.528907e-25
6.944067e+01 4.525280e-25
6.960080e+01 4.521663e-25
6.976130e+01 4.518055e-25
6.992217e+01 4.514456e-25
7.008341e+01 4.510866e-25
7.024502e+01 4.507286e-25
7.040701e+01 4.503714e-25
7.056936e+01 4.500152e-25
7.073210e+01 4.496598e-25
7.089521e+01 4.493053e-25
7.105869e+01 4.489518e-25
7.122255e+01 4.485991e-25
7.138679e+01 4.482473e-25
7.155141e+01 4.478964e-25
7.171641e+01 4.475463e-25
7.188179e+01 4.471971e-25
7.204755e+01 4.468488e-25
7.221369e+01 4.465014e-25
7.238022e+01 4.461548e-25
7.254713e+01 4.458090e-25
7.271442e+01 4.454641e-25
7.288210e+01 4.451201e-25
7.305017e+01 4.447769e-25
7.321862e+01 4.444345e-25
7.338746e+01 4.440930e-25
7.355669e+01 4.437523e-25
7.372632e+01 4.434125e-25
7.389633e+01 4.430734e-25
7.406674e+01 4.427352e-25
7.423753e+01 4.423978e-25
7.440873e+01 4.420612e-25
7.458031e+01 4.417255e-25
7.475230e+01 4.413905e-25
7.492468e+01 4.410564e-25
7.509745e+01 4.407230e-25
7.527063e+01 4.403904e-25
7.544420e+01 4.400587e-25
7.561818e+01 4.397277e-25
7.579255e+01 4.393975e-25
7.596733e+01 4.390681e-25
7.614251e+01 4.387395e-25
7.631810e+01 4.384117e-25
7.649409e+01 4.380846e-25
7.667048e+01 4.377583e-25
7.684729e+01 4.374328e-25
7.702450e+01 4.371080e-25
7.720212e+01 4.367840e-25
7.738015e+01 4.364608e-25
7.755858e+01 4.361383e-25
7.773744e+01 4.358166e-25
7.791670e+01 4.354956e-25
7.809638e+01 4.351754e-25
7.827647e+01 4.348559e-25
7.845697e+01 4.345371e-25
7.863789e+01 4.342191e-25
7.881923e+01 4.339019e-25
7.900099e+01 4.335853e-25
7.918317e+01 4.332695e-25
7.936577e+01 4.329545e-25
7.954878e+01 4.326401e-25
7.973222e+01 4.323265e-25
7.991609e+01 4.320136e-25
8.010037e+01 4.317014e-25
8.028509e+01 4.313899e-25
8.047022e+01 4.310792e-25
8.065579e+01 4.307691e-25
8.084178e+01 4.304598e-25
8.102820e+01 4.301511e-25
8.121506e+01 4.298432e-25
8.140234e+01 4.295360e-25
8.159005e+01 4.292294e-25
8.177820e+01 4.289236e-25
8.196678e+01 4.286184e-25
8.215580e+01 4.283140e-25
8.234525e+01 4.280102e-25
8.253514e+01 4.277071e-25
8.272546e+01 4.274047e-25
8.291623e+01 4.271030e-25
8.310744e+01 4.268019e-25
8.329908e+01 4.265015e-25
8.349117e+01 4.262018e-25
8.368370e+01 4.259028e-25
8.387668e+01 4.256044e-25
8.407010e+01 4.253067e-25
8.426396e+01 4.250097e-25
8.445828e+01 4.247133e-25
8.465304e+01 4.244176e-25
8.484825e+01 4.241225e-25
8.504391e+01 4.238281e-25
8.524002e+01 4.235344e-25
8.543659e+01 4.232413e-25
8.563360e+01 4.229489e-25
8.583107e+01 4.226571e-25
8.602900e+01 4.223659e-25
8.622738e+01 4.220754e-25
8.642623e+01 4.217855e-25
8.662553e+01 4.214963e-25
8.682528e+01 4.212077e-25
8.702550e+01 4.209197e-25
8.722619e+01 4.206324e-25
8.742733e+01 4.203457e-25
8.762894e+01 4.200597e-25
8.783101e+01 4.197742e-25
8.803355e+01 4.194894e-25
8.823656e+01 4.192052e-25
8.844003e+01 4.189216e-25
8.864397e+01 4.186387e-25
8.884839e+01 4.183564e-25
8.905327e+01 4.180747e-25
8.925863e+01 4.177936e-25
8.946446e+01 4.175131e-25
8.967077e+01 4.172332e-25
8.987755e+01 4.169539e-25
9.008481e+01 4.166753e-25
9.029254e+01 4.163972e-25
9.050076e+01 4.161198e-25
9.070945e+01 4.158429e-25
9.091863e+01 4.155667e-25
9.112829e+01 4.152910e-25
9.133843e+01 4.150160e-25
9.154906e+01 4.147415e-25
9.176017e+01 4.144677e-25
9.197177e+01 4.141944e-25
9.218386e+01 4.139218e-25
9.239644e+01 4.136497e-25
9.260950e+01 4.133782e-25
9.282306e+01 4.131073e-25
9.303711e+01 4.128369e-25
9.325166e+01 4.125672e-25
9.346669e+01 4.122980e-25
9.368223e+01 4.120295e-25
9.389826e+01 4.117615e-25
9.411479e+01 4.114940e-25
9.433182e+01 4.112272e-25
9.454935e+01 4.109609e-25
9.476738e+01 4.106952e-25
9.498592e+01 4.104301e-25
9.520496e+01 4.101656e-25
9.542450e+01 4.099016e-25
9.564455e+01 4.096382e-25
9.586511e+01 4.093753e-25
9.608617e+01 4.091130e-25
9.630775e+01 4.088513e-25
9.652983e+01 4.085901e-25
9.675243e+01 4.083295e-25
9.697554e+01 4.080695e-25
9.719917e+01 4.078100e-25
9.742331e+01 4.075511e-25
9.764797e+01 4.072927e-25
9.787315e+01 4.070349e-25
9.809884e+01 4.067776e-25
9.832506e+01 4.065209e-25
9.855180e+01 4.062648e-25
9.877906e+01 4.060092e-25
9.900685e+01 4.057541e-25
9.923516e+01 4.054996e-25
9.946399e+01 4.052456e-25
9.969336e+01 4.049922e-25
9.992325e+01 4.047393e-25
1.001537e+02 4.044870e-25
1.003846e+02 4.042352e-25
1.006161e+02 4.039840e-25
1.008481e+02 4.037333e-25
1.010807e+02 4.034831e-25
1.013138e+02 4.032334e-25
1.015474e+02 4.029843e-25
1.017816e+02 4.027358e-25
1.020163e+02 4.024878e-25
1.022515e+02 4.022403e-25
1.024873e+02 4.019933e-25
1.027237e+02 4.017469e-25
1.029606e+02 4.015010e-25
1.031980e+02 4.012556e-25
1.034360e+02 4.010107e-25
1.036745e+02 4.007664e-25
1.039136e+02 4.005226e-25
1.041532e+02 4.002794e-25
1.043934e+02 4.000366e-25
1.046341e+02 3.997944e-25
1.048754e+02 3.995527e-25
1.051172e+02 3.993115e-25
1.053596e+02 3.990709e-25
1.056026e+02 3.988307e-25
1.058461e+02 3.985911e-25
1.060902e+02 3.983520e-25
1.063348e+02 3.981134e-25
1.065800e+02 3.978753e-25
1.068258e+02 3.976378e-25
1.070722e+02 3.974008e-25
1.073191e+02 3.971642e-25
1.075665e+02 3.969282e-25
1.078146e+02 3.966927e-25
1.080632e+02 3.964577e-25
1.083124e+02 3.962232e-25
1.085622e+02 3.959893e-25
1.088125e+02 3.957558e-25
1.090634e+02 3.955229e-25
1.093149e+02 3.952904e-25
1.095670e+02 3.950585e-25
1.098197e+02 3.948270e-25
1.100729e+02 3.945961e-25
1.103268e+02 3.943657e-25
1.105812e+02 3.941357e-25
1.108362e+02 3.939063e-25
1.110918e+02 3.936774e-25
1.113480e+02 3.934490e-25
1.116047e+02 3.932211e-25
1.118621e+02 3.929937e-25
1.121200e+02 3.927667e-25
1.123786e+02 3.925403e-25
1.126377e+02 3.923144e-25
1.128975e+02 3.920890e-25
1.131578e+02 3.918640e-25
1.134188e+02 3.916396e-25
1.136803e+02 3.914157e-25
1.139425e+02 3.911922e-25
1.142052e+02 3.909693e-25
1.144686e+02 3.907468e-25
1.147325e+02 3.905248e-25
1.149971e+02 3.903034e-25
1.152623e+02 3.900824e-25
1.155281e+02 3.898619e-25
1.157945e+02 3.896419e-25
1.160615e+02 3.894224e-25
1.163292e+02 3.892034e-25
1.165974e+02 3.889848e-25
1.168663e+02 3.887668e-25
1.171358e+02 3.885492e-25
1.174059e+02 3.883322e-25
1.176766e+02 3.881156e-25
1.179480e+02 3.878995e-25
1.182200e+02 3.876839e-25
1.184926e+02 3.874687e-25
1.187658e+02 3.872541e-25
1.190397e+02 3.870399e-25
1.193142e+02 3.868263e-25
1.195894e+02 3.866131e-25
1.198651e+02 3.864004e-25
1.201416e+02 3.861881e-25
1.204186e+02 3.859764e-25
1.206963e+02 3.857652e-25
1.209746e+02 3.855543e-25
1.212536e+02 3.853440e-25
1.215332e+02 3.851342e-25
1.218134e+02 3.849249e-25
1.220943e+02 3.847160e-25
1.223759e+02 3.845076e-25
1.226581e+02 3.842997e-25
1.229410e+02 3.840923e-25
1.232245e+02 3.838853e-25
1.235086e+02 3.836789e-25
1.237934e+02 3.834729e-25
1.240789e+02 3.832673e-25
1.243650e+02 3.830623e-25
1.246518e+02 3.828577e-25
1.249393e+02 3.826536e-25
1.252274e+02 3.824500e-25
1.255161e+02 3.822469e-25
1.258056e+02 3.820442e-25
1.260957e+02 3.818420e-25
1.263865e+02 3.816403e-25
1.266779e+02 3.814390e-25
1.269700e+02 3.812382e-25
1.272628e+02 3.810379e-25
1.275563e+02 3.808381e-25
1.278504e+02 3.806387e-25
1.281453e+02 3.804399e-25
1.284408e+02 3.802414e-25
1.287370e+02 3.800435e-25
1.290338e+02 3.798460e-25
1.293314e+02 3.796490e-25
1.296296e+02 3.794525e-25
1.299285e+02 3.792564e-25
1.302282e+02 3.790608e-25
1.305285e+02 3.788657e-25
1.308295e+02 3.786711e-25
1.311312e+02 3.784769e-25
1.314335e+02 3.782832e-25
1.317366e+02 3.780899e-25
1.320404e+02 3.778972e-25
1.323449e+02 3.777048e-25
1.326501e+02 3.775130e-25
1.329560e+02 3.773216e-25
1.332626e+02 3.771307e-25
1.335699e+02 3.769403e-25
1.338779e+02 3.767503e-25
1.341866e+02 3.765608e-25
1.344961e+02 3.763718e-25
1.348062e+02 3.761833e-25
1.351171e+02 3.759952e-25
1.354287e+02 3.758075e-25
1.357410e+02 3.756204e-25
1.360540e+02 3.754337e-25
1.363677e+02 3.752474e-25
1.366822e+02 3.750617e-25
1.369974e+02 3.748764e-25
1.373133e+02 3.746916e-25
1.376299e+02 3.745072e-25
1.379473e+02 3.743233e-25
1.382654e+02 3.741399e-25
1.385843e+02 3.739569e-25
1.389038e+02 3.737744e-25
1.392241e+02 3.735924e-25
1.395452e+02 3.734108e-25
1.398670e+02 3.732297e-25
1.401895e+02 3.730491e-25
1.405128e+02 3.728689e-25
1.408368e+02 3.726892e-25
1.411616e+02 3.725100e-25
1.414871e+02 3.723312e-25
1.418134e+02 3.721529e-25
1.421404e+02 3.719751e-25
1.424682e+02 3.717977e-25
1.427967e+02 3.716208e-25
1.431260e+02 3.714444e-25
1.434561e+02 3.712684e-25
1.437869e+02 3.710929e-25
1.441184e+02 3.709178e-25
1.444508e+02 3.707433e-25
1.447839e+02 3.705691e-25
1.451178e+02 3.703955e-25
1.454524e+02 3.702223e-25
1.457878e+02 3.700496e-25
1.461240e+02 3.698774e-25
1.464610e+02 3.697056e-25
1.467987e+02 3.695343e-25
1.471372e+02 3.693634e-25
1.474765e+02 3.691930e-25
1.478166e+02 3.690231e-25
1.481575e+02 3.688537e-25
1.484991e+02 3.686847e-25
1.488416e+02 3.685162e-25
1.491848e+02 3.683481e-25
1.495288e+02 3.681805e-25
1.498736e+02 3.680134e-25
1.502192e+02 3.678468e-25
1.505657e+02 3.676806e-25
1.509129e+02 3.675149e-25
1.512609e+02 3.673496e-25
1.516097e+02 3.671848e-25
1.519593e+02 3.670205e-25
1.523097e+02 3.668567e-25
1.526609e+02 3.666933e-25
1.530130e+02 3.665304e-25
1.533658e+02 3.663679e-25
1.537195e+02 3.662060e-25
1.540740e+02 3.660445e-25
1.544293e+02 3.658834e-25
1.547854e+02 3.657229e-25
1.551423e+02 3.655628e-25
1.555001e+02 3.654032e-25
1.558587e+02 3.652440e-25
1.562181e+02 3.650853e-25
1.565783e+02 3.649271e-25
1.569394e+02 3.647694e-25
1.573013e+02 3.646121e-25
1.576640e+02 3.644553e-25
1.580276e+02 3.642990e-25
1.583920e+02 3.641431e-25
1.587573e+02 3.639877e-25
1.591233e+02 3.638328e-25
1.594903e+02 3.636783e-25
1.598581e+02 3.635244e-25
1.602267e+02 3.633709e-25
1.605962e+02 3.632178e-25
1.609665e+02 3.630653e-25
1.613377e+02 3.629132e-25
1.617098e+02 3.627616e-25
1.620827e+02 3.626105e-25
1.624564e+02 3.624598e-25
1.628311e+02 3.623096e-25
1.632065e+02 3.621599e-25
1.635829e+02 3.620107e-25
1.639601e+02 3.618620e-25
1.643382e+02 3.617137e-25
1.647172e+02 3.615659e-25
1.650970e+02 3.614185e-25
1.654777e+02 3.612717e-25
1.658593e+02 3.611253e-25
1.662418e+02 3.609794e-25
1.666252e+02 3.608340e-25
1.670094e+02 3.606891e-25
1.673945e+02 3.605446e-25
1.677805e+02 3.604006e-25
1.681674e+02 3.602571e-25
1.685552e+02 3.601141e-25
1.689439e+02 3.599716e-25
1.693335e+02 3.598295e-25
1.697240e+02 3.596880e-25
1.701154e+02 3.595469e-25
1.705077e+02 3.594062e-25
1.709009e+02 3.592661e-25
1.712950e+02 3.591265e-25
1.716900e+02 3.589873e-25
1.720859e+02 3.588486e-25
1.724827e+02 3.587104e-25
1.728805e+02 3.585727e-25
1.732791e+02 3.584355e-25
1.736787e+02 3.582988e-25
1.740792e+02 3.581625e-25
1.744806e+02 3.580268e-25
1.748830e+02 3.578915e-25
1.752863e+02 3.577567e-25
1.756905e+02 3.576224e-25
1.760956e+02 3.574886e-25
1.765017e+02 3.573552e-25
1.769087e+02 3.572224e-25
1.773167e+02 3.570901e-25
1.777256e+02 3.569582e-25
1.781354e+02 3.568269e-25
1.785462e+02 3.566960e-25
1.789579e+02 3.565656e-25
1.793706e+02 3.564357e-25
1.797842e+02 3.563063e-25
1.801988e+02 3.561774e-25
1.806143e+02 3.560490e-25
1.810308e+02 3.559211e-25
1.814483e+02 3.557937e-25
1.818667e+02 3.556668e-25
1.822861e+02 3.555404e-25
1.827065e+02 3.554144e-25
1.831278e+02 3.552890e-25
1.835501e+02 3.551641e-25
1.839734e+02 3.550397e-25
1.843976e+02 3.549157e-25
1.848228e+02 3.547923e-25
1.852490e+02 3.546694e-25
1.856762e+02 3.545470e-25
1.861044e+02 3.544251e-25
1.865335e+02 3.543036e-25
1.869637e+02 3.541827e-25
1.873948e+02 3.540623e-25
1.878270e+02 3.539424e-25
1.882601e+02 3.538230e-25
1.886942e+02 3.537041e-25
1.891293e+02 3.535857e-25
1.895655e+02 3.534679e-25
1.900026e+02 3.533505e-25
1.904408e+02 3.532336e-25
1.908799e+02 3.531173e-25
1.913201e+02 3.530014e-25
1.917613e+02 3.528861e-25
1.922035e+02 3.527713e-25
1.926467e+02 3.526570e-25
1.930910e+02 3.525432e-25
1.935362e+02 3.524299e-25
1.939825e+02 3.523172e-25
1.944298e+02 3.522049e-25
1.948782e+02 3.520932e-25
1.953276e+02 3.519820e-25
1.957780e+02 3.518713e-25
1.962295e+02 3.517611e-25
1.966820e+02 3.516514e-25
1.971355e+02 3.515423e-25
1.975901e+02 3.514337e-25
1.980458e+02 3.513256e-25
1.985025e+02 3.512180e-25
1.989602e+02 3.511110e-25
1.994190e+02 3.510044e-25
1.998789e+02 3.508984e-25
2.003398e+02 3.507930e-25
2.008018e+02 3.506880e-25
2.012648e+02 3.505836e-25
2.017290e+02 3.504797e-25
2.021942e+02 3.503764e-25
2.026604e+02 3.502735e-25
2.031277e+02 3.501712e-25
2.035962e+02 3.500695e-25
2.040657e+02 3.499682e-25
2.045362e+02 3.498675e-25
2.050079e+02 3.497673e-25
2.054806e+02 3.496677e-25
2.059545e+02 3.495686e-25
2.064294e+02 3.494700e-25
2.069054e+02 3.493720e-25
2.073826e+02 3.492745e-25
2.078608e+02 3.491776e-25
2.083401e+02 3.490812e-25
2.088206e+02 3.489853e-25
2.093021e+02 3.488900e-25
2.097848e+02 3.487952e-25
2.102685e+02 3.487010e-25
2.107534e+02 3.486073e-25
2.112394e+02 3.485142e-25
2.117265e+02 3.484216e-25
2.122148e+02 3.483295e-25
2.127041e+02 3.482381e-25
2.131946e+02 3.481471e-25
2.136863e+02 3.480567e-25
2.141790e+02 3.479669e-25
2.146729e+02 3.478776e-25
2.151680e+02 3.477889e-25
2.156641e+02 3.477007e-25
2.161615e+02 3.476131e-25
2.166599e+02 3.475260e-25
2.171595e+02 3.474395e-25
2.176603e+02 3.473536e-25
2.181622e+02 3.472682e-25
2.186653e+02 3.471833e-25
2.191696e+02 3.470991e-25
2.196750e+02 3.470154e-25
2.201816e+02 3.469323e-25
2.206893e+02 3.468497e-25
2.211982e+02 3.467677e-25
2.217083e+02 3.466863e-25
2.222195e+02 3.466054e-25
2.227320e+02 3.465251e-25
2.232456e+02 3.464454e-25
2.237604e+02 3.463663e-25
2.242764e+02 3.462877e-25
2.247936e+02 3.462097e-25
2.253120e+02 3.461323e-25
2.258315e+02 3.460554e-25
2.263523e+02 3.459792e-25
2.268743e+02 3.459035e-25
2.273975e+02 3.458284e-25
2.279218e+02 3.457539e-25
2.284474e+02 3.456799e-25
2.289742e+02 3.456066e-25
2.295022e+02 3.455338e-25
2.300315e+02 3.454616e-25
2.305619e+02 3.453900e-25
2.310936e+02 3.453190e-25
2.316265e+02 3.452486e-25
2.321606e+02 3.451788e-25
2.326960e+02 3.451095e-25
2.332326e+02 3.450409e-25
2.337704e+02 3.449729e-25
2.343095e+02 3.449054e-25
2.348498e+02 3.448386e-25
2.353914e+02 3.447723e-25
2.359342e+02 3.447067e-25
2.364783e+02 3.446416e-25
2.370236e+02 3.445772e-25
2.375702e+02 3.445133e-25
2.381180e+02 3.444501e-25
2.386671e+02 3.443875e-25
2.392175e+02 3.443255e-25
2.397691e+02 3.442641e-25
2.403220e+02 3.442033e-25
2.408762e+02 3.441431e-25
2.414317e+02 3.440835e-25
2.419884e+02 3.440245e-25
2.425465e+02 3.439662e-25
2.431058e+02 3.439085e-25
2.436664e+02 3.438514e-25
2.442283e+02 3.437949e-25
2.447915e+02 3.437390e-25
2.453560e+02 3.436838e-25
2.459217e+02 3.436292e-25
2.464888e+02 3.435752e-25
2.470572e+02 3.435218e-25
2.476270e+02 3.434691e-25
2.481980e+02 3.434170e-25
2.487703e+02 3.433655e-25
2.493440e+02 3.433147e-25
2.499190e+02 3.432645e-25
2.504953e+02 3.432149e-25
2.510730e+02 3.431660e-25
2.516519e+02 3.431177e-25
2.522322e+02 3.430701e-25
2.528139e+02 3.430231e-25
2.533969e+02 3.429767e-25
2.539812e+02 3.429310e-25
2.545669e+02 3.428859e-25
2.551539e+02 3.428415e-25
2.557423e+02 3.427977e-25
2.563321e+02 3.427546e-25
2.569232e+02 3.427121e-25
2.575156e+02 3.426703e-25
2.581095e+02 3.426292e-25
2.587047e+02 3.425887e-25
2.593012e+02 3.425488e-25
2.598992e+02 3.425097e-25
2.604985e+02 3.424711e-25
2.610992e+02 3.424333e-25
2.617013e+02 3.423961e-25
2.623048e+02 3.423596e-25
2.629097e+02 3.423237e-25
2.635160e+02 3.422885e-25
2.641236e+02 3.422540e-25
2.647327e+02 3.422202e-25
2.653432e+02 3.421870e-25
2.659551e+02 3.421545e-25
2.665684e+02 3.421227e-25
2.671831e+02 3.420916e-25
2.677992e+02 3.420612e-25
2.684167e+02 3.420314e-25
2.690357e+02 3.420023e-25
2.696561e+02 3.419739e-25
2.702779e+02 3.419462e-25
2.709012e+02 3.419192e-25
2.715259e+02 3.418929e-25
2.721520e+02 3.418673e-25
2.727796e+02 3.418423e-25
2.734087e+02 3.418181e-25
2.740391e+02 3.417946e-25
2.746711e+02 3.417717e-25
2.753045e+02 3.417496e-25
2.759393e+02 3.417282e-25
2.765756e+02 3.417075e-25
2.772134e+02 3.416874e-25
2.778527e+02 3.416681e-25
2.784934e+02 3.416496e-25
2.791356e+02 3.416317e-25
2.797793e+02 3.416145e-25
2.804245e+02 3.415981e-25
2.810712e+02 3.415823e-25
2.817193e+02 3.415673e-25
2.823690e+02 3.415530e-25
2.830201e+02 3.415395e-25
2.836727e+02 3.415267e-25
2.843269e+02 3.415145e-25
2.849826e+02 3.415032e-25
2.856397e+02 3.414925e-25
2.862984e+02 3.414826e-25
2.869586e+02 3.414734e-25
2.876203e+02 3.414650e-25
2.882836e+02 3.414573e-25
2.889484e+02 3.414504e-25
2.896147e+02 3.414441e-25
2.902826e+02 3.414387e-25
2.909520e+02 3.414339e-25
2.916229e+02 3.414300e-25
2.922954e+02 3.414268e-25
2.929694e+02 3.414243e-25
2.936450e+02 3.414226e-25
2.943221e+02 3.414216e-25
2.950009e+02 3.414214e-25
2.956811e+02 3.414220e-25
2.963630e+02 3.414233e-25
2.970464e+02 3.414254e-25
2.977314e+02 3.414283e-25
2.984179e+02 3.414319e-25
2.991061e+02 3.414363e-25
2.997958e+02 3.414415e-25
3.004872e+02 3.414474e-25
3.011801e+02 3.414542e-25
3.018746e+02 3.414617e-25
3.025708e+02 3.414700e-25
3.032685e+02 3.414790e-25
3.039678e+02 3.414889e-25
3.046688e+02 3.414995e-25
3.053713e+02 3.415110e-25
3.060755e+02 3.415232e-25
3.067813e+02 3.415362e-25
3.074888e+02 3.415500e-25
3.081979e+02 3.415647e-25
3.089086e+02 3.415801e-25
3.096209e+02 3.415963e-25
3.103349e+02 3.416133e-25
3.110505e+02 3.416312e-25
3.117678e+02 3.416498e-25
3.124868e+02 3.416693e-25
3.132073e+02 3.416895e-25
3.139296e+02 3.417106e-25
3.146535e+02 3.417325e-25
3.153791e+02 3.417553e-25
3.161064e+02 3.417788e-25
3.168353e+02 3.418032e-25
3.175660e+02 3.418284e-25
3.182983e+02 3.418544e-25
3.190323e+02 3.418813e-25
3.197680e+02 3.419090e-25
3.205053e+02 3.419375e-25
3.212444e+02 3.419669e-25
3.219852e+02 3.419971e-25
3.227277e+02 3.420282e-25
3.234719e+02 3.420601e-25
3.242179e+02 3.420928e-25
3.249655e+02 3.421264e-25
3.257149e+02 3.421609e-25
3.264660e+02 3.421962e-25
3.272188e+02 3.422324e-25
3.279734e+02 3.422694e-25
3.287297e+02 3.423073e-25
3.294878e+02 3.423461e-25
3.302476e+02 3.423857e-25
3.310091e+02 3.424262e-25
3.317724e+02 3.424675e-25
3.325375e+02 3.425098e-25
3.333043e+02 3.425529e-25
3.340729e+02 3.425969e-25
3.348433e+02 3.426418e-25
3.356155e+02 3.426876e-25
3.363894e+02 3.427342e-25
3.371651e+02 3.427818e-25
3.379426e+02 3.428302e-25
3.387219e+02 3.428795e-25
3.395030e+02 3.429298e-25
3.402859e+02 3.429809e-25
3.410706e+02 3.430329e-25
3.418571e+02 3.430859e-25
3.426454e+02 3.431397e-25
3.434356e+02 3.431945e-25
3.442275e+02 3.432502e-25
3.450213e+02 3.433067e-25
3.458170e+02 3.433642e-25
3.466144e+02 3.434227e-25
3.474137e+02 3.434820e-25
3.482148e+02 3.435423e-25
3.490178e+02 3.436035e-25
3.498227e+02 3.436656e-25
3.506294e+02 3.437287e-25
3.514379e+02 3.437927e-25
3.522483e+02 3.438577e-25
3.530606e+02 3.439236e-25
3.538748e+02 3.439904e-25
3.546908e+02 3.440582e-25
3.555087e+02 3.441269e-25
3.563285e+02 3.441966e-25
3.571502e+02 3.442673e-25
3.579738e+02 3.443389e-25
3.587993e+02 3.444115e-25
3.596267e+02 3.444850e-25
3.604560e+02 3.445595e-25
3.612872e+02 3.446350e-25
3.621204e+02 3.447115e-25
3.629554e+02 3.447889e-25
3.637924e+02 3.448674e-25
3.646313e+02 3.449468e-25
3.654721e+02 3.450272e-25
3.663149e+02 3.451085e-25
3.671597e+02 3.451909e-25
3.680063e+02 3.452743e-25
3.688550e+02 3.453587e-25
3.697055e+02 3.454441e-25
3.705581e+02 3.455305e-25
3.714126e+02 3.456179e-25
3.722691e+02 3.457063e-25
3.731275e+02 3.457957e-25
3.739880e+02 3.458862e-25
3.748504e+02 3.459777e-25
3.757148e+02 3.460702e-25
3.765812e+02 3.461638e-25
3.774496e+02 3.462583e-25
3.783200e+02 3.463540e-25
3.791924e+02 3.464507e-25
3.800668e+02 3.465484e-25
3.809433e+02 3.466472e-25
3.818217e+02 3.467471e-25
3.827022e+02 3.468480e-25
3.835847e+02 3.469500e-25
3.844693e+02 3.470531e-25
3.853558e+02 3.471572e-25
3.862445e+02 3.472625e-25
3.871352e+02 3.473688e-25
3.880279e+02 3.474763e-25
3.889227e+02 3.475849e-25
3.898196e+02 3.476945e-25
3.907185e+02 3.478054e-25
3.916195e+02 3.479173e-25
3.925226e+02 3.480304e-25
3.934277e+02 3.481447e-25
3.943350e+02 3.482601e-25
3.952443e+02 3.483767e-25
3.961557e+02 3.484945e-25
3.970693e+02 3.486135e-25
3.979849e+02 3.487337e-25
3.989027e+02 3.488552e-25
3.998226e+02 3.489780e-25
4.007445e+02 3.491020e-25
4.016687e+02 3.492274e-25
4.025949e+02 3.493542e-25
4.035233e+02 3.494823e-25
4.044538e+02 3.496119e-25
4.053865e+02 3.497429e-25
4.063213e+02 3.498756e-25
4.072583e+02 3.500098e-25
4.081975e+02 3.501458e-25
4.091388e+02 3.502835e-25
4.100822e+02 3.504233e-25
4.110279e+02 3.505651e-25
4.119757e+02 3.507092e-25
4.129257e+02 3.508559e-25
4.138780e+02 3.510054e-25
4.148324e+02 3.511582e-25
4.157890e+02 3.513148e-25
4.167478e+02 3.514759e-25
4.177088e+02 3.516425e-25
4.186720e+02 3.518160e-25
4.196375e+02 3.519982e-25
4.206052e+02 3.521920e-25
4.215751e+02 3.524015e-25
4.225473e+02 3.526334e-25
4.235217e+02 3.528984e-25
4.244983e+02 3.532155e-25
4.254772e+02 3.536194e-25
4.264584e+02 3.541814e-25
4.274418e+02 3.550660e-25
4.284275e+02 3.567280e-25
4.294154e+02 3.608436e-25
4.304056e+02 3.781664e-25
4.313982e+02 8.879926e-25
4.323930e+02 4.055461e-25
4.333901e+02 3.646113e-25
4.343895e+02 3.584583e-25
4.353912e+02 3.565740e-25
4.363952e+02 3.558315e-25
4.374015e+02 3.555189e-25
4.384102e+02 3.554038e-25
4.394212e+02 3.553921e-25
4.404345e+02 3.554400e-25
4.414501e+02 3.555248e-25
4.424681e+02 3.556338e-25
4.434884e+02 3.557596e-25
4.445111e+02 3.558974e-25
4.455362e+02 3.560443e-25
4.465636e+02 3.561981e-25
4.475934e+02 3.563574e-25
4.486255e+02 3.565213e-25
4.496600e+02 3.566891e-25
4.506970e+02 3.568601e-25
4.517363e+02 3.570340e-25
4.527780e+02 3.572104e-25
4.538221e+02 3.573892e-25
4.548686e+02 3.575702e-25
4.559175e+02 3.577532e-25
4.569689e+02 3.579381e-25
4.580227e+02 3.581248e-25
4.590789e+02 3.583132e-25
4.601375e+02 3.585033e-25
4.611986e+02 3.586950e-25
4.622621e+02 3.588883e-25
4.633281e+02 3.590831e-25
4.643965e+02 3.592794e-25
4.654674e+02 3.594773e-25
4.665408e+02 3.596766e-25
4.676166e+02 3.598774e-25
4.686950e+02 3.600796e-25
4.697758e+02 3.602832e-25
4.708591e+02 3.604883e-25
4.719449e+02 3.606948e-25
4.730332e+02 3.609028e-25
4.741240e+02 3.611121e-25
4.752174e+02 3.613228e-25
4.763132e+02 3.615350e-25
4.774116e+02 3.617485e-25
4.785125e+02 3.619634e-25
4.796160e+02 3.621798e-25
4.807220e+02 3.623975e-25
4.818305e+02 3.626167e-25
4.829416e+02 3.628372e-25
4.840553e+02 3.630591e-25
4.851715e+02 3.632825e-25
4.862903e+02 3.635072e-25
4.874117e+02 3.637334e-25
4.885357e+02 3.639609e-25
4.896623e+02 3.641899e-25
4.907914e+02 3.644202e-25
4.919232e+02 3.646520e-25
4.930576e+02 3.648853e-25
4.941946e+02 3.651199e-25
4.953342e+02 3.653562e-25
4.964764e+02 3.655923e-25
4.976213e+02 3.658319e-25
4.987688e+02 3.660723e-25
4.999190e+02 3.663140e-25
5.010718e+02 3.665572e-25
5.022273e+02 3.668018e-25
5.033854e+02 3.670479e-25
5.045462e+02 3.672954e-25
5.057097e+02 3.675443e-25
5.068759e+02 3.677947e-25
5.080447e+02 3.680466e-25
5.092163e+02 3.682999e-25
5.103906e+02 3.685546e-25
5.115675e+02 3.688108e-25
5.127472e+02 3.690685e-25
5.139296e+02 3.693277e-25
5.151147e+02 3.695883e-25
5.163026e+02 3.698504e-25
5.174932e+02 3.701140e-25
5.186865e+02 3.703791e-25
5.198826e+02 3.706456e-25
5.210815e+02 3.709137e-25
5.222831e+02 3.711832e-25
5.234875e+02 3.714543e-25
5.246946e+02 3.717268e-25
5.259046e+02 3.720009e-25
5.271173e+02 3.722764e-25
5.283329e+02 3.725535e-25
5.295512e+02 3.728321e-25
5.307724e+02 3.731122e-25
5.319963e+02 3.733939e-25
5.332231e+02 3.736771e-25
5.344527e+02 3.739618e-25
5.356852e+02 3.742480e-25
5.369205e+02 3.745358e-25
5.381586e+02 3.748252e-25
5.393996e+02 3.751160e-25
5.406435e+02 3.754085e-25
5.418902e+02 3.757025e-25
5.431398e+02 3.759980e-25
5.443923e+02 3.762951e-25
5.456477e+02 3.765938e-25
5.469059e+02 3.768941e-25
5.481671e+02 3.771959e-25
5.494312e+02 3.774993e-25
5.506982e+02 3.778043e-25
5.519681e+02 3.781109e-25
5.532409e+02 3.784191e-25
5.545167e+02 3.787288e-25
5.557954e+02 3.790402e-25
5.570771e+02 3.793532e-25
5.583617e+02 3.796678e-25
5.596493e+02 3.799840e-25
5.609399e+02 3.803018e-25
5.622334e+02 3.806212e-25
5.635299e+02 3.809423e-25
5.648294e+02 3.812649e-25
5.661319e+02 3.815893e-25
5.674374e+02 3.819152e-25
5.687459e+02 3.822428e-25
5.700575e+02 3.825720e-25
5.713720e+02 3.829029e-25
5.726896e+02 3.832355e-25
5.740102e+02 3.835696e-25
5.753339e+02 3.839055e-25
5.766606e+02 3.842430e-25
5.779904e+02 3.845822e-25
5.793233e+02 3.849231e-25
5.806592e+02 3.852656e-25
5.819982e+02 3.856098e-25
5.833403e+02 3.859557e-25
5.846855e+02 3.863033e-25
5.860338e+02 3.866526e-25
5.873852e+02 3.870036e-25
5.887397e+02 3.873563e-25
5.900973e+02 3.877107e-25
5.914581e+02 3.880668e-25
5.928220e+02 3.884246e-25
5.941890e+02 3.887841e-25
5.955593e+02 3.891454e-25
5.969326e+02 3.895084e-25
5.983091e+02 3.898731e-25
5.996889e+02 3.902396e-25
6.010717e+02 3.906078e-25
6.024578e+02 3.909777e-25
6.038471e+02 3.913494e-25
6.052396e+02 3.917228e-25
6.066353e+02 3.920980e-25
6.080342e+02 3.924750e-25
6.094363e+02 3.928537e-25
6.108417e+02 3.932342e-25
6.122503e+02 3.936165e-25
6.136621e+02 3.940005e-25
6.150772e+02 3.943864e-25
6.164956e+02 3.947740e-25
6.179172e+02 3.951634e-25
6.193422e+02 3.955546e-25
6.207704e+02 3.959476e-25
6.222019e+02 3.963424e-25
6.236367e+02 3.967390e-25
6.250748e+02 3.971375e-25
6.265162e+02 3.975377e-25
6.279610e+02 3.979398e-25
6.294090e+02 3.983437e-25
6.308605e+02 3.987494e-25
6.323152e+02 3.991570e-25
6.337734e+02 3.995664e-25
6.352348e+02 3.999776e-25
6.366997e+02 4.003907e-25
6.381679e+02 4.008057e-25
6.396396e+02 4.012225e-25
6.411146e+02 4.016412e-25
6.425930e+02 4.020617e-25
6.440748e+02 4.024841e-25
6.455600e+02 4.029084e-25
6.470487e+02 4.033345e-25
6.485408e+02 4.037626e-25
6.500364e+02 4.041925e-25
6.515353e+02 4.046243e-25
6.530378e+02 4.050581e-25
6.545437e+02 4.054937e-25
6.560531e+02 4.059312e-25
6.575659e+02 4.063706e-25
6.590823e+02 4.068120e-25
6.606021e+02 4.072553e-25
6.621255e+02 4.077005e-25
6.636524e+02 4.081476e-25
6.651828e+02 4.085967e-25
6.667167e+02 4.090477e-25
6.682541e+02 4.095006e-25
6.697951e+02 4.099555e-25
6.713397e+02 4.104123e-25
6.728878e+02 4.108711e-25
6.744395e+02 4.113319e-25
6.759947e+02 4.117946e-25
6.775536e+02 4.122593e-25
6.791160e+02 4.127260e-25
6.806821e+02 4.131946e-25
6.822517e+02 4.136653e-25
6.838250e+02 4.141379e-25
6.854019e+02 4.146125e-25
6.869825e+02 4.150891e-25
6.885666e+02 4.155677e-25
6.901545e+02 4.160483e-25
6.917460e+02 4.165310e-25
6.933412e+02 4.170156e-25
6.949400e+02 4.175023e-25
6.965425e+02 4.179910e-25
6.981488e+02 4.184817e-25
6.997587e+02 4.189745e-25
7.013724e+02 4.194693e-25
7.029897e+02 4.199661e-25
7.046108e+02 4.204650e-25
7.062357e+02 4.209660e-25
7.078643e+02 4.214690e-25
7.094966e+02 4.219741e-25
7.111327e+02 4.224812e-25
7.127726e+02 4.229904e-25
7.144162e+02 4.235017e-25
7.160637e+02 4.240151e-25
7.177149e+02 4.245306e-25
7.193700e+02 4.250481e-25
7.210289e+02 4.255678e-25
7.226916e+02 4.260895e-25
7.243581e+02 4.266134e-25
7.260285e+02 4.271394e-25
7.277027e+02 4.276675e-25
7.293808e+02 4.281977e-25
7.310627e+02 4.287300e-25
7.327486e+02 4.292645e-25
7.344383e+02 4.298011e-25
7.361319e+02 4.303399e-25
7.378294e+02 4.308808e-25
7.395309e+02 4.314238e-25
7.412363e+02 4.319690e-25
7.429455e+02 4.325164e-25
7.446588e+02 4.330659e-25
7.463760e+02 4.336176e-25
7.480971e+02 4.341715e-25
7.498222e+02 4.347276e-25
7.515513e+02 4.352858e-25
7.532844e+02 4.358462e-25
7.550215e+02 4.364089e-25
7.567626e+02 4.369737e-25
7.585077e+02 4.375408e-25
7.602568e+02 4.381100e-25
7.620100e+02 4.386815e-25
7.637672e+02 4.392552e-25
7.655284e+02 4.398311e-25
7.672937e+02 4.404093e-25
7.690631e+02 4.409897e-25
7.708366e+02 4.415723e-25
7.726141e+02 4.421572e-25
7.743958e+02 4.427443e-25
7.761816e+02 4.433337e-25
7.779714e+02 4.439254e-25
7.797654e+02 4.445193e-25
7.815636e+02 4.451155e-25
7.833659e+02 4.457140e-25
7.851723e+02 4.463148e-25
7.869829e+02 4.469179e-25
7.887977e+02 4.475233e-25
7.906167e+02 4.481309e-25
7.924399e+02 4.487409e-25
7.942672e+02 4.493533e-25
7.960988e+02 4.499679e-25
7.979346e+02 4.505849e-25
7.997747e+02 4.512042e-25
8.016190e+02 4.518258e-25
8.034675e+02 4.524499e-25
8.053203e+02 4.530762e-25
8.071774e+02 4.537050e-25
8.090387e+02 4.543362e-25
8.109044e+02 4.549697e-25
8.127744e+02 4.556057e-25
8.146486e+02 4.562441e-25
8.165272e+02 4.568850e-25
8.184101e+02 4.575283e-25
8.202974e+02 4.581742e-25
8.221890e+02 4.588226e-25
8.240850e+02 4.594736e-25
8.259853e+02 4.601273e-25
8.278900e+02 4.607838e-25
8.297992e+02 4.614433e-25
8.317127e+02 4.621059e-25
8.336306e+02 4.627721e-25
8.355530e+02 4.634425e-25
8.374798e+02 4.641182e-25
8.394110e+02 4.648014e-25
8.413467e+02 4.654967e-25
8.432868e+02 4.662156e-25
8.452315e+02 4.669944e-25
8.471806e+02 4.680000e-25
8.491342e+02 4.711980e-25
8.510923e+02 4.891786e-25
8.530549e+02 4.704587e-25
8.550221e+02 4.704860e-25
8.569938e+02 4.710216e-25
8.589700e+02 4.716558e-25
8.609508e+02 4.723233e-25
8.629361e+02 4.730060e-25
8.649261e+02 4.736975e-25
8.669206e+02 4.743948e-25
8.689197e+02 4.750967e-25
8.709235e+02 4.758023e-25
8.729318e+02 4.765113e-25
8.749448e+02 4.772234e-25
8.769624e+02 4.779384e-25
8.789847e+02 4.786563e-25
8.810117e+02 4.793770e-25
8.830433e+02 4.801003e-25
8.850796e+02 4.808263e-25
8.871206e+02 4.815551e-25
8.891663e+02 4.822864e-25
8.912167e+02 4.830204e-25
8.932719e+02 4.837571e-25
8.953318e+02 4.844963e-25
8.973964e+02 4.852382e-25
8.994658e+02 4.859828e-25
9.015400e+02 4.867299e-25
9.036189e+02 4.874797e-25
9.057027e+02 4.882322e-25
9.077913e+02 4.889873e-25
9.098846e+02 4.897450e-25
9.119828e+02 4.905054e-25
9.140859e+02 4.912684e-25
9.161938e+02 4.920341e-25
9.183065e+02 4.928024e-25
9.204241e+02 4.935735e-25
9.225466e+02 4.943472e-25
9.246740e+02 4.951235e-25
9.268063e+02 4.959026e-25
9.289436e+02 4.966843e-25
9.310857e+02 4.974688e-25
9.332328e+02 4.982559e-25
9.353848e+02 4.990458e-25
9.375419e+02 4.998383e-25
9.397038e+02 5.006336e-25
9.418708e+02 5.014316e-25
9.440428e+02 5.022324e-25
9.462197e+02 5.030358e-25
9.484017e+02 5.038420e-25
9.505887e+02 5.046510e-25
9.527808e+02 5.054627e-25
9.549779e+02 5.062772e-25
9.571801e+02 5.070944e-25
9.593874e+02 5.079145e-25
9.615997e+02 5.087373e-25
9.638172e+02 5.095628e-25
9.660398e+02 5.103912e-25
9.682674e+02 5.112224e-25
9.705003e+02 5.120563e-25
9.727383e+02 5.128931e-25
9.749814e+02 5.137327e-25
9.772297e+02 5.145751e-25
9.794832e+02 5.154204e-25
9.817419e+02 5.162685e-25
9.840058e+02 5.171194e-25
9.862749e+02 5.179732e-25
9.885493e+02 5.188298e-25
9.908289e+02 5.196893e-25
9.931138e+02 5.205516e-25
9.954039e+02 5.214169e-25
9.976993e+02 5.222850e-25
