1.000000e+00 4.456562e-17
1.002306e+00 4.633448e-17
1.004617e+00 4.822453e-17
1.006934e+00 5.024346e-17
1.009256e+00 5.239953e-17
1.011583e+00 5.485166e-17
1.013916e+00 5.746851e-17
1.016254e+00 6.019771e-17
1.018598e+00 6.297554e-17
1.020947e+00 6.564834e-17
1.023301e+00 6.864846e-17
1.025661e+00 7.183308e-17
1.028026e+00 7.503025e-17
1.030396e+00 7.728871e-17
1.032773e+00 7.836481e-17
1.035154e+00 7.849514e-17
1.037541e+00 7.796012e-17
1.039934e+00 7.692548e-17
1.042332e+00 7.566587e-17
1.044735e+00 7.420970e-17
1.047145e+00 7.258556e-17
1.049559e+00 6.953977e-17
1.051980e+00 6.582339e-17
1.054406e+00 6.179736e-17
1.056837e+00 5.776715e-17
1.059274e+00 5.426547e-17
1.061717e+00 5.101977e-17
1.064165e+00 4.796111e-17
1.066619e+00 4.503387e-17
1.069079e+00 4.231146e-17
1.071544e+00 3.983258e-17
1.074015e+00 3.756770e-17
1.076492e+00 3.549120e-17
1.078974e+00 3.358200e-17
1.081462e+00 3.181417e-17
1.083956e+00 3.017870e-17
1.086456e+00 2.866713e-17
1.088961e+00 2.728545e-17
1.091472e+00 2.600012e-17
1.093989e+00 2.480301e-17
1.096512e+00 2.368679e-17
1.099040e+00 2.265577e-17
1.101575e+00 2.169104e-17
1.104115e+00 2.078740e-17
1.106661e+00 1.994006e-17
1.109213e+00 1.915199e-17
1.111771e+00 1.840945e-17
1.114335e+00 1.770925e-17
1.116904e+00 1.704839e-17
1.119480e+00 1.643029e-17
1.122062e+00 1.584526e-17
1.124649e+00 1.529088e-17
1.127242e+00 1.476490e-17
1.129842e+00 1.426938e-17
1.132447e+00 1.379850e-17
1.135059e+00 1.335063e-17
1.137676e+00 1.292427e-17
1.140300e+00 1.252076e-17
1.142929e+00 1.213566e-17
1.145565e+00 1.176833e-17
1.148207e+00 1.141872e-17
1.150854e+00 1.109103e-17
1.153508e+00 1.080551e-17
1.156168e+00 4.551406e-17
1.158834e+00 1.020946e-17
1.161507e+00 9.889841e-18
1.164185e+00 9.613324e-18
1.166870e+00 9.351963e-18
1.169560e+00 9.101883e-18
1.172257e+00 8.863041e-18
1.174961e+00 8.633382e-18
1.177670e+00 8.412345e-18
1.180386e+00 8.199456e-18
1.183108e+00 7.995298e-18
1.185836e+00 7.798274e-18
1.188571e+00 7.608111e-18
1.191312e+00 7.424553e-18
1.194059e+00 7.248163e-18
1.196812e+00 7.077639e-18
1.199572e+00 6.912718e-18
1.202338e+00 6.753148e-18
1.205111e+00 6.599500e-18
1.207890e+00 6.450750e-18
1.210675e+00 6.306684e-18
1.213467e+00 6.167100e-18
1.216265e+00 6.032366e-18
1.219070e+00 5.901729e-18
1.221881e+00 5.775033e-18
1.224699e+00 5.652126e-18
1.227523e+00 5.533337e-18
1.230354e+00 5.417980e-18
1.233191e+00 5.305941e-18
1.236035e+00 5.197111e-18
1.238885e+00 5.091796e-18
1.241742e+00 4.989425e-18
1.244605e+00 4.889893e-18
1.247475e+00 4.793097e-18
1.250352e+00 4.699294e-18
1.253235e+00 4.608023e-18
1.256125e+00 4.519203e-18
1.259022e+00 4.432755e-18
1.261925e+00 4.348916e-18
1.264835e+00 4.267263e-18
1.267752e+00 4.187726e-18
1.270676e+00 4.110236e-18
1.273606e+00 4.035016e-18
1.276543e+00 3.961712e-18
1.279486e+00 3.890264e-18
1.282437e+00 3.820614e-18
1.285394e+00 3.752915e-18
1.288358e+00 3.686776e-18
1.291329e+00 3.622090e-18
1.294307e+00 3.558863e-18
1.297292e+00 3.497515e-18
1.300283e+00 3.437568e-18
1.303282e+00 3.378911e-18
1.306287e+00 3.321432e-18
1.309300e+00 3.265037e-18
1.312319e+00 3.209556e-18
1.315345e+00 3.154983e-18
1.318378e+00 3.101306e-18
1.321418e+00 3.048616e-18
1.324466e+00 2.996800e-18
1.327520e+00 2.945784e-18
1.330581e+00 2.895492e-18
1.333649e+00 2.845904e-18
1.336725e+00 2.796903e-18
1.339807e+00 2.748419e-18
1.342897e+00 2.701023e-18
1.345994e+00 2.654738e-18
1.349098e+00 2.608967e-18
1.352209e+00 2.563632e-18
1.355327e+00 2.518647e-18
1.358452e+00 2.474038e-18
1.361585e+00 2.429588e-18
1.364725e+00 2.385195e-18
1.367872e+00 2.340751e-18
1.371026e+00 2.296232e-18
1.374188e+00 2.251406e-18
1.377356e+00 2.206145e-18
1.380533e+00 2.160317e-18
1.383716e+00 2.113867e-18
1.386907e+00 2.066571e-18
1.390105e+00 2.018293e-18
1.393311e+00 1.971726e-18
1.396524e+00 1.924754e-18
1.399744e+00 1.877028e-18
1.402972e+00 1.828490e-18
1.406207e+00 1.779096e-18
1.409450e+00 1.728868e-18
1.412700e+00 1.677739e-18
1.415958e+00 1.625722e-18
1.419223e+00 1.572854e-18
1.422496e+00 1.519232e-18
1.425776e+00 1.464904e-18
1.429064e+00 1.409985e-18
1.432359e+00 1.354615e-18
1.435662e+00 1.298982e-18
1.438973e+00 1.243239e-18
1.442291e+00 1.188449e-18
1.445617e+00 1.137174e-18
1.448951e+00 1.086448e-18
1.452292e+00 1.036401e-18
1.455641e+00 9.871812e-19
1.458998e+00 9.389292e-19
1.462362e+00 8.917864e-19
1.465735e+00 8.458602e-19
1.469115e+00 8.012559e-19
1.472502e+00 7.580639e-19
1.475898e+00 7.163645e-19
1.479301e+00 6.762103e-19
1.482713e+00 6.376448e-19
1.486132e+00 6.006963e-19
1.489559e+00 5.653813e-19
1.492994e+00 5.316974e-19
1.496437e+00 5.006138e-19
1.499888e+00 4.719605e-19
1.503346e+00 4.446994e-19
1.506813e+00 4.187960e-19
1.510288e+00 3.942135e-19
1.513770e+00 3.709118e-19
1.517261e+00 3.488484e-19
1.520760e+00 3.279772e-19
1.524267e+00 3.082513e-19
1.527782e+00 2.896233e-19
1.531305e+00 2.720457e-19
1.534836e+00 2.554703e-19
1.538375e+00 2.398495e-19
1.541923e+00 2.251368e-19
1.545479e+00 2.112868e-19
1.549043e+00 1.982547e-19
1.552615e+00 1.864746e-19
1.556195e+00 1.754899e-19
1.559784e+00 1.651336e-19
1.563380e+00 1.553726e-19
1.566986e+00 1.461751e-19
1.570599e+00 1.375103e-19
1.574221e+00 1.293493e-19
1.577851e+00 1.216641e-19
1.581490e+00 1.144279e-19
1.585137e+00 1.076158e-19
1.588792e+00 1.012042e-19
1.592456e+00 9.517016e-20
1.596128e+00 8.949218e-20
1.599809e+00 8.414979e-20
1.603498e+00 7.912369e-20
1.607195e+00 7.441133e-20
1.610902e+00 7.014280e-20
1.614616e+00 6.611736e-20
1.618340e+00 6.232172e-20
1.622072e+00 5.874310e-20
1.625812e+00 5.536894e-20
1.629561e+00 5.218735e-20
1.633319e+00 4.918793e-20
1.637085e+00 4.636090e-20
1.640861e+00 4.369587e-20
1.644644e+00 4.118282e-20
1.648437e+00 3.881387e-20
1.652238e+00 3.658148e-20
1.656048e+00 3.447727e-20
1.659867e+00 3.249520e-20
1.663695e+00 3.062734e-20
1.667531e+00 2.888753e-20
1.671377e+00 2.728179e-20
1.675231e+00 2.576553e-20
1.679094e+00 2.433354e-20
1.682966e+00 2.298219e-20
1.686847e+00 2.170632e-20
1.690737e+00 2.050053e-20
1.694636e+00 1.936161e-20
1.698544e+00 1.828605e-20
1.702460e+00 1.727032e-20
1.706386e+00 1.631043e-20
1.710321e+00 1.540372e-20
1.714265e+00 1.454850e-20
1.718218e+00 1.374115e-20
1.722181e+00 1.297962e-20
1.726152e+00 1.226085e-20
1.730132e+00 1.159126e-20
1.734122e+00 1.096389e-20
1.738121e+00 1.037231e-20
1.742129e+00 9.812744e-21
1.746147e+00 9.286661e-21
1.750173e+00 8.789344e-21
1.754209e+00 8.314525e-21
1.758254e+00 7.865358e-21
1.762309e+00 7.441644e-21
1.766373e+00 7.040924e-21
1.770446e+00 6.662496e-21
1.774529e+00 6.304539e-21
1.778621e+00 5.965901e-21
1.782722e+00 5.646230e-21
1.786833e+00 5.345172e-21
1.790954e+00 5.062679e-21
1.795084e+00 4.805328e-21
1.799223e+00 4.558963e-21
1.803372e+00 4.322663e-21
1.807531e+00 4.096332e-21
1.811699e+00 3.880549e-21
1.815877e+00 3.681182e-21
1.820064e+00 3.493988e-21
1.824261e+00 3.311640e-21
1.828468e+00 3.138878e-21
1.832684e+00 2.981098e-21
1.836911e+00 2.832295e-21
1.841147e+00 2.692010e-21
1.845392e+00 2.558413e-21
1.849648e+00 2.429955e-21
1.853913e+00 2.308044e-21
1.858188e+00 2.192947e-21
1.862473e+00 2.083072e-21
1.866768e+00 1.977607e-21
1.871073e+00 1.884152e-21
1.875388e+00 1.796334e-21
1.879712e+00 1.708650e-21
1.884047e+00 1.622822e-21
1.888391e+00 1.534683e-21
1.892746e+00 1.460761e-21
1.897111e+00 1.402554e-21
1.901486e+00 1.337430e-21
1.905870e+00 1.270550e-21
1.910265e+00 1.208272e-21
1.914670e+00 1.151474e-21
1.919086e+00 1.113581e-21
1.923511e+00 1.075883e-21
1.927947e+00 1.034273e-21
1.932393e+00 9.783091e-22
1.936849e+00 9.138581e-22
1.941315e+00 8.668211e-22
1.945792e+00 8.249515e-22
1.950279e+00 7.913278e-22
1.954776e+00 7.598241e-22
1.959284e+00 7.304590e-22
1.963802e+00 7.011070e-22
1.968331e+00 6.722903e-22
1.972870e+00 6.510425e-22
1.977419e+00 6.322574e-22
1.981979e+00 6.151788e-22
1.986549e+00 6.008338e-22
1.991130e+00 5.893866e-22
1.995722e+00 5.828349e-22
2.000324e+00 5.779292e-22
2.004937e+00 5.549276e-22
2.009560e+00 5.349282e-22
2.014194e+00 5.195140e-22
2.018839e+00 5.197300e-22
2.023495e+00 5.281344e-22
2.028161e+00 5.225719e-22
2.032838e+00 5.108145e-22
2.037525e+00 4.859056e-22
2.042224e+00 4.612217e-22
2.046933e+00 4.368739e-22
2.051654e+00 4.185727e-22
2.056385e+00 4.138473e-22
2.061127e+00 4.341974e-22
2.065880e+00 4.640648e-22
2.070644e+00 4.945783e-22
2.075419e+00 4.673044e-22
2.080205e+00 4.302570e-22
2.085001e+00 3.807004e-22
2.089810e+00 3.592979e-22
2.094629e+00 3.472347e-22
2.099459e+00 3.465685e-22
2.104300e+00 3.317561e-22
2.109153e+00 3.060180e-22
2.114016e+00 3.015234e-22
2.118891e+00 2.968465e-22
2.123778e+00 2.897304e-22
2.128675e+00 2.856988e-22
2.133584e+00 2.824064e-22
2.138504e+00 2.771088e-22
2.143435e+00 2.709701e-22
2.148378e+00 2.642094e-22
2.153332e+00 2.696354e-22
2.158298e+00 2.783323e-22
2.163275e+00 2.914586e-22
2.168263e+00 2.944847e-22
2.173263e+00 2.928275e-22
2.178275e+00 2.838140e-22
2.183298e+00 2.626783e-22
2.188333e+00 2.443118e-22
2.193379e+00 2.639335e-22
2.198437e+00 3.018263e-22
2.203507e+00 3.478089e-22
2.208588e+00 3.495439e-22
2.213681e+00 3.326511e-22
2.218786e+00 3.002351e-22
2.223902e+00 3.366266e-22
2.229031e+00 3.488544e-22
2.234171e+00 3.347684e-22
2.239323e+00 3.413575e-22
2.244487e+00 3.478468e-22
2.249663e+00 3.531254e-22
2.254850e+00 3.099674e-22
2.260050e+00 2.706085e-22
2.265262e+00 2.407619e-22
2.270485e+00 2.358158e-22
2.275721e+00 2.290707e-22
2.280969e+00 2.175732e-22
2.286229e+00 2.121571e-22
2.291501e+00 2.085935e-22
2.296785e+00 2.067908e-22
2.302082e+00 2.022395e-22
2.307390e+00 1.976441e-22
2.312711e+00 1.931436e-22
2.318044e+00 1.908483e-22
2.323390e+00 1.985968e-22
2.328747e+00 2.099718e-22
2.334117e+00 1.920211e-22
2.339500e+00 1.851883e-22
2.344895e+00 1.840335e-22
2.350302e+00 1.828349e-22
2.355722e+00 1.809798e-22
2.361154e+00 1.780320e-22
2.366599e+00 1.732456e-22
2.372057e+00 1.712872e-22
2.377527e+00 1.691486e-22
2.383009e+00 1.664511e-22
2.388504e+00 1.651772e-22
2.394012e+00 1.637631e-22
2.399533e+00 1.622439e-22
2.405066e+00 1.606560e-22
2.410612e+00 1.568763e-22
2.416171e+00 1.562725e-22
2.421743e+00 1.618698e-22
2.427327e+00 1.523216e-22
2.432925e+00 1.462917e-22
2.438535e+00 1.470533e-22
2.444159e+00 1.653856e-22
2.449795e+00 1.608984e-22
2.455444e+00 1.575494e-22
2.461106e+00 1.641749e-22
2.466782e+00 1.652662e-22
2.472470e+00 1.562751e-22
2.478172e+00 1.504665e-22
2.483886e+00 1.664243e-22
2.489614e+00 1.711239e-22
2.495355e+00 1.606488e-22
2.501110e+00 1.421727e-22
2.506877e+00 1.382689e-22
2.512658e+00 1.452778e-22
2.518452e+00 1.558408e-22
2.524260e+00 1.640088e-22
2.530081e+00 1.483856e-22
2.535915e+00 1.432639e-22
2.541763e+00 1.414263e-22
2.547624e+00 1.399186e-22
2.553499e+00 1.354739e-22
2.559388e+00 1.530147e-22
2.565289e+00 1.734015e-22
2.571205e+00 1.852026e-22
2.577134e+00 1.660706e-22
2.583077e+00 1.704414e-22
2.589034e+00 1.786125e-22
2.595004e+00 1.863727e-22
2.600988e+00 1.957816e-22
2.606986e+00 1.913106e-22
2.612998e+00 1.832223e-22
2.619023e+00 1.736734e-22
2.625063e+00 1.640032e-22
2.631116e+00 1.524016e-22
2.637184e+00 1.431259e-22
2.643265e+00 1.357795e-22
2.649360e+00 1.304322e-22
2.655470e+00 1.287931e-22
2.661593e+00 1.315129e-22
2.667731e+00 1.369185e-22
2.673883e+00 1.439875e-22
2.680049e+00 1.516578e-22
2.686229e+00 1.596954e-22
2.692424e+00 1.633474e-22
2.698632e+00 1.625514e-22
2.704855e+00 1.603296e-22
2.711093e+00 1.620692e-22
2.717345e+00 1.695155e-22
2.723611e+00 1.718964e-22
2.729891e+00 1.686661e-22
2.736187e+00 1.624109e-22
2.742496e+00 1.580431e-22
2.748821e+00 1.586740e-22
2.755159e+00 1.627482e-22
2.761513e+00 1.621554e-22
2.767881e+00 1.475169e-22
2.774264e+00 1.199747e-22
2.780661e+00 1.296831e-22
2.787073e+00 1.238149e-22
2.793500e+00 1.153940e-22
2.799942e+00 1.152939e-22
2.806399e+00 1.224503e-22
2.812870e+00 1.224244e-22
2.819357e+00 1.146708e-22
2.825858e+00 9.851202e-23
2.832375e+00 9.971437e-23
2.838906e+00 1.005108e-22
2.845453e+00 8.900523e-23
2.852014e+00 8.062969e-23
2.858591e+00 1.038838e-22
2.865183e+00 9.918400e-23
2.871790e+00 8.321301e-23
2.878413e+00 7.418184e-23
2.885050e+00 7.437383e-23
2.891703e+00 7.447919e-23
2.898372e+00 7.726277e-23
2.905055e+00 7.972005e-23
2.911754e+00 7.317274e-23
2.918469e+00 7.216208e-23
2.925199e+00 7.147275e-23
2.931944e+00 6.863535e-23
2.938705e+00 7.159200e-23
2.945482e+00 8.633452e-23
2.952274e+00 7.064829e-23
2.959082e+00 6.941811e-23
2.965906e+00 6.916244e-23
2.972745e+00 6.802528e-23
2.979601e+00 6.688273e-23
2.986472e+00 6.627337e-23
2.993358e+00 6.591293e-23
3.000261e+00 6.567558e-23
3.007180e+00 6.968327e-23
3.014114e+00 6.751062e-23
3.021065e+00 6.630508e-23
3.028031e+00 6.525957e-23
3.035014e+00 6.543927e-23
3.042013e+00 7.502298e-23
3.049028e+00 8.977932e-23
3.056059e+00 8.727832e-23
3.063106e+00 7.271342e-23
3.070170e+00 6.328010e-23
3.077250e+00 6.058449e-23
3.084346e+00 5.887100e-23
3.091458e+00 5.850251e-23
3.098587e+00 5.828462e-23
3.105733e+00 5.714720e-23
3.112894e+00 5.579486e-23
3.120073e+00 5.515613e-23
3.127268e+00 5.455795e-23
3.134479e+00 5.310746e-23
3.141707e+00 5.229476e-23
3.148952e+00 5.275600e-23
3.156214e+00 5.237926e-23
3.163492e+00 5.199591e-23
3.170787e+00 5.177091e-23
3.178099e+00 5.524847e-23
3.185427e+00 5.198846e-23
3.192773e+00 4.963995e-23
3.200136e+00 4.963628e-23
3.207515e+00 4.932402e-23
3.214912e+00 4.882303e-23
3.222325e+00 4.840884e-23
3.229756e+00 4.777545e-23
3.237204e+00 4.865800e-23
3.244669e+00 4.997880e-23
3.252151e+00 4.813995e-23
3.259651e+00 4.766903e-23
3.267167e+00 4.795189e-23
3.274702e+00 4.972551e-23
3.282253e+00 4.943034e-23
3.289822e+00 4.733613e-23
3.297408e+00 4.668325e-23
3.305012e+00 4.618891e-23
3.312634e+00 5.367213e-23
3.320272e+00 4.609044e-23
3.327929e+00 4.382164e-23
3.335603e+00 4.350998e-23
3.343295e+00 4.303715e-23
3.351005e+00 4.296854e-23
3.358732e+00 4.546823e-23
3.366478e+00 4.346145e-23
3.374241e+00 4.448065e-23
3.382022e+00 4.094900e-23
3.389821e+00 4.009821e-23
3.397638e+00 4.120035e-23
3.405473e+00 4.123278e-23
3.413326e+00 4.019814e-23
3.421197e+00 3.982835e-23
3.429086e+00 4.033226e-23
3.436994e+00 4.145344e-23
3.444919e+00 3.867600e-23
3.452863e+00 4.698103e-23
3.460826e+00 4.251745e-23
3.468806e+00 3.733045e-23
3.476805e+00 3.770832e-23
3.484823e+00 4.953730e-23
3.492859e+00 4.991422e-23
3.500914e+00 4.453973e-23
3.508987e+00 3.564019e-23
3.517078e+00 3.510238e-23
3.525189e+00 3.509940e-23
3.533318e+00 3.640754e-23
3.541466e+00 3.896425e-23
3.549633e+00 3.514266e-23
3.557818e+00 3.458706e-23
3.566022e+00 3.330541e-23
3.574246e+00 3.289685e-23
3.582488e+00 3.602767e-23
3.590749e+00 3.644061e-23
3.599029e+00 3.288411e-23
3.607329e+00 3.234392e-23
3.615647e+00 3.196632e-23
3.623985e+00 3.169951e-23
3.632342e+00 3.206657e-23
3.640718e+00 3.286506e-23
3.649114e+00 3.216200e-23
3.657529e+00 3.463243e-23
3.665963e+00 4.363281e-23
3.674417e+00 3.807660e-23
3.682890e+00 3.947017e-23
3.691383e+00 3.892882e-23
3.699895e+00 3.574896e-23
3.708427e+00 3.618407e-23
3.716979e+00 3.126589e-23
3.725550e+00 3.023969e-23
3.734141e+00 3.081224e-23
3.742752e+00 3.264716e-23
3.751383e+00 3.719765e-23
3.760034e+00 3.413091e-23
3.768704e+00 3.332928e-23
3.777395e+00 3.642810e-23
3.786106e+00 3.365906e-23
3.794836e+00 2.851591e-23
3.803587e+00 2.822625e-23
3.812358e+00 2.769701e-23
3.821150e+00 2.645170e-23
3.829961e+00 2.616169e-23
3.838793e+00 2.624114e-23
3.847646e+00 2.649292e-23
3.856518e+00 2.644694e-23
3.865411e+00 2.567944e-23
3.874325e+00 2.798155e-23
3.883259e+00 2.690964e-23
3.892214e+00 2.578856e-23
3.901190e+00 2.596192e-23
3.910186e+00 2.484574e-23
3.919203e+00 2.460058e-23
3.928240e+00 2.408076e-23
3.937299e+00 2.681765e-23
3.946378e+00 2.564916e-23
3.955479e+00 2.379117e-23
3.964600e+00 2.357213e-23
3.973743e+00 2.285888e-23
3.982906e+00 2.247522e-23
3.992091e+00 2.234870e-23
4.001296e+00 2.264722e-23
4.010524e+00 2.246427e-23
4.019772e+00 2.220093e-23
4.029041e+00 2.291813e-23
4.038332e+00 2.192241e-23
4.047645e+00 2.145934e-23
4.056979e+00 2.145838e-23
4.066334e+00 2.107691e-23
4.075711e+00 2.089483e-23
4.085110e+00 2.072589e-23
4.094530e+00 2.005813e-23
4.103972e+00 1.991644e-23
4.113436e+00 1.968687e-23
4.122922e+00 1.960733e-23
4.132429e+00 2.027721e-23
4.141958e+00 1.962691e-23
4.151510e+00 1.893851e-23
4.161083e+00 1.856331e-23
4.170679e+00 1.813064e-23
4.180296e+00 1.823916e-23
4.189936e+00 1.852049e-23
4.199598e+00 1.880597e-23
4.209282e+00 1.846197e-23
4.218989e+00 1.782989e-23
4.228718e+00 1.745562e-23
4.238470e+00 1.745545e-23
4.248244e+00 1.776483e-23
4.258040e+00 1.762305e-23
4.267859e+00 1.698082e-23
4.277701e+00 1.669242e-23
4.287565e+00 1.642105e-23
4.297452e+00 1.616445e-23
4.307362e+00 1.600144e-23
4.317295e+00 1.590737e-23
4.327251e+00 1.534661e-23
4.337230e+00 1.507329e-23
4.347231e+00 1.516814e-23
4.357256e+00 1.482983e-23
4.367304e+00 1.545911e-23
4.377375e+00 1.574707e-23
4.387469e+00 1.427939e-23
4.397587e+00 1.471734e-23
4.407728e+00 1.414918e-23
4.417892e+00 1.412646e-23
4.428079e+00 1.402358e-23
4.438291e+00 1.385529e-23
4.448525e+00 1.386279e-23
4.458784e+00 1.412421e-23
4.469066e+00 1.460070e-23
4.479371e+00 1.441288e-23
4.489701e+00 1.387625e-23
4.500054e+00 1.421029e-23
4.510431e+00 1.371508e-23
4.520832e+00 1.388594e-23
4.531257e+00 1.429829e-23
4.541707e+00 1.444077e-23
4.552180e+00 1.453630e-23
4.562677e+00 1.431868e-23
4.573199e+00 1.447778e-23
4.583745e+00 1.484377e-23
4.594315e+00 1.489676e-23
4.604909e+00 1.493727e-23
4.615528e+00 1.512620e-23
4.626172e+00 1.518887e-23
4.636840e+00 1.525880e-23
4.647532e+00 1.510357e-23
4.658249e+00 1.420731e-23
4.668991e+00 1.350486e-23
4.679758e+00 1.307493e-23
4.690550e+00 1.309470e-23
4.701366e+00 1.392563e-23
4.712208e+00 1.390623e-23
4.723074e+00 1.321746e-23
4.733965e+00 1.299933e-23
4.744882e+00 1.303006e-23
4.755824e+00 1.302422e-23
4.766791e+00 1.286467e-23
4.777783e+00 1.308961e-23
4.788800e+00 1.340595e-23
4.799843e+00 1.306777e-23
4.810912e+00 1.279491e-23
4.822006e+00 1.268828e-23
4.833126e+00 1.284947e-23
4.844271e+00 1.348324e-23
4.855442e+00 1.295138e-23
4.866638e+00 1.220076e-23
4.877861e+00 1.209175e-23
4.889109e+00 1.197035e-23
4.900384e+00 1.145831e-23
4.911684e+00 1.119467e-23
4.923010e+00 1.099371e-23
4.934363e+00 1.111388e-23
4.945741e+00 1.140225e-23
4.957146e+00 1.169913e-23
4.968578e+00 1.173099e-23
4.980035e+00 1.157931e-23
4.991519e+00 1.138807e-23
5.003030e+00 1.107086e-23
5.014567e+00 1.092574e-23
5.026130e+00 1.114947e-23
5.037721e+00 1.111517e-23
5.049338e+00 1.065133e-23
5.060981e+00 1.048647e-23
5.072652e+00 1.049756e-23
5.084350e+00 1.062166e-23
5.096074e+00 1.019909e-23
5.107826e+00 9.956792e-24
5.119605e+00 9.716147e-24
5.131410e+00 9.599735e-24
5.143243e+00 9.502214e-24
5.155104e+00 9.503338e-24
5.166991e+00 9.509045e-24
5.178907e+00 9.612600e-24
5.190849e+00 9.769614e-24
5.202819e+00 9.886199e-24
5.214817e+00 9.258438e-24
5.226842e+00 8.834731e-24
5.238896e+00 8.661112e-24
5.250977e+00 8.488572e-24
5.263085e+00 7.943275e-24
5.275222e+00 7.517123e-24
5.287387e+00 7.624487e-24
5.299580e+00 7.522485e-24
5.311800e+00 7.439917e-24
5.324049e+00 7.355204e-24
5.336327e+00 7.336057e-24
5.348632e+00 7.140781e-24
5.360966e+00 7.262530e-24
5.373329e+00 7.071749e-24
5.385720e+00 6.967325e-24
5.398139e+00 6.895355e-24
5.410587e+00 7.012598e-24
5.423064e+00 6.876070e-24
5.435570e+00 6.928524e-24
5.448104e+00 7.172718e-24
5.460668e+00 7.258961e-24
5.473260e+00 7.300126e-24
5.485881e+00 7.212420e-24
5.498532e+00 7.082231e-24
5.511212e+00 7.166893e-24
5.523920e+00 6.706607e-24
5.536659e+00 6.842918e-24
5.549426e+00 7.265198e-24
5.562223e+00 6.871124e-24
5.575050e+00 6.557711e-24
5.587906e+00 6.525257e-24
5.600792e+00 6.752807e-24
5.613707e+00 6.628570e-24
5.626652e+00 6.643648e-24
5.639627e+00 6.243781e-24
5.652632e+00 6.740927e-24
5.665668e+00 6.051810e-24
5.678733e+00 5.971035e-24
5.691828e+00 6.175210e-24
5.704953e+00 6.438089e-24
5.718109e+00 6.250575e-24
5.731295e+00 6.176894e-24
5.744511e+00 5.835002e-24
5.757758e+00 5.527458e-24
5.771036e+00 5.631809e-24
5.784344e+00 5.505309e-24
5.797682e+00 5.980048e-24
5.811052e+00 5.790219e-24
5.824452e+00 5.262483e-24
5.837883e+00 5.341709e-24
5.851346e+00 5.451484e-24
5.864839e+00 5.473115e-24
5.878363e+00 5.545480e-24
5.891919e+00 5.422150e-24
5.905506e+00 5.112328e-24
5.919124e+00 5.200637e-24
5.932773e+00 5.479534e-24
5.946454e+00 5.047036e-24
5.960167e+00 5.002073e-24
5.973911e+00 5.297793e-24
5.987687e+00 4.980069e-24
6.001495e+00 5.025690e-24
6.015334e+00 5.310405e-24
6.029206e+00 5.703293e-24
6.043109e+00 6.091110e-24
6.057044e+00 6.291422e-24
6.071012e+00 5.840388e-24
6.085012e+00 5.941091e-24
6.099044e+00 5.644452e-24
6.113108e+00 5.773441e-24
6.127205e+00 6.075992e-24
6.141335e+00 6.156524e-24
6.155496e+00 6.126682e-24
6.169691e+00 5.699544e-24
6.183918e+00 5.537954e-24
6.198179e+00 5.469780e-24
6.212472e+00 5.544462e-24
6.226798e+00 5.852070e-24
6.241157e+00 5.899278e-24
6.255549e+00 5.656672e-24
6.269974e+00 5.276058e-24
6.284433e+00 5.233446e-24
6.298925e+00 5.190590e-24
6.313450e+00 5.393480e-24
6.328009e+00 5.561495e-24
6.342601e+00 5.343347e-24
6.357228e+00 5.378369e-24
6.371887e+00 5.508481e-24
6.386581e+00 5.538474e-24
6.401308e+00 5.346308e-24
6.416070e+00 5.245145e-24
6.430865e+00 5.272250e-24
6.445695e+00 5.140024e-24
6.460559e+00 4.962978e-24
6.475457e+00 4.694676e-24
6.490389e+00 4.707585e-24
6.505356e+00 4.828343e-24
6.520358e+00 4.853320e-24
6.535394e+00 4.645868e-24
6.550464e+00 4.312100e-24
6.565570e+00 4.212766e-24
6.580710e+00 4.116865e-24
6.595885e+00 4.240988e-24
6.611095e+00 3.978580e-24
6.626341e+00 4.133040e-24
6.641621e+00 4.219222e-24
6.656937e+00 4.216888e-24
6.672288e+00 4.262225e-24
6.687674e+00 4.219055e-24
6.703096e+00 4.007279e-24
6.718553e+00 3.724033e-24
6.734046e+00 3.478636e-24
6.749575e+00 3.285309e-24
6.765140e+00 3.481336e-24
6.780740e+00 3.578219e-24
6.796376e+00 3.399180e-24
6.812049e+00 3.192825e-24
6.827758e+00 3.417871e-24
6.843502e+00 3.162556e-24
6.859284e+00 3.230831e-24
6.875101e+00 3.082869e-24
6.890955e+00 3.031419e-24
6.906846e+00 3.043221e-24
6.922773e+00 3.049881e-24
6.938737e+00 2.987911e-24
6.954738e+00 2.904487e-24
6.970775e+00 3.186368e-24
6.986850e+00 3.215821e-24
7.002962e+00 3.097944e-24
7.019111e+00 3.082065e-24
7.035297e+00 3.141714e-24
7.051520e+00 3.096089e-24
7.067781e+00 3.007679e-24
7.084080e+00 3.293753e-24
7.100415e+00 3.510362e-24
7.116789e+00 3.613217e-24
7.133200e+00 3.346673e-24
7.149650e+00 3.332682e-24
7.166137e+00 3.279547e-24
7.182662e+00 3.157280e-24
7.199225e+00 3.131691e-24
7.215827e+00 3.133361e-24
7.232466e+00 3.172147e-24
7.249145e+00 3.239488e-24
7.265861e+00 3.219297e-24
7.282616e+00 3.165037e-24
7.299410e+00 3.186579e-24
7.316243e+00 3.037836e-24
7.333114e+00 2.793432e-24
7.350024e+00 2.857550e-24
7.366973e+00 2.882451e-24
7.383962e+00 2.881514e-24
7.400989e+00 2.813654e-24
7.418056e+00 2.664333e-24
7.435162e+00 2.575971e-24
7.452307e+00 2.665761e-24
7.469493e+00 2.747693e-24
7.486717e+00 2.586403e-24
7.503982e+00 2.586342e-24
7.521286e+00 2.594784e-24
7.538630e+00 2.473711e-24
7.556014e+00 2.469269e-24
7.573438e+00 2.391742e-24
7.590903e+00 2.341288e-24
7.608407e+00 2.367462e-24
7.625953e+00 2.363640e-24
7.643538e+00 2.323837e-24
7.661164e+00 2.256911e-24
7.678831e+00 2.200501e-24
7.696538e+00 2.134481e-24
7.714287e+00 2.081921e-24
7.732076e+00 2.012601e-24
7.749906e+00 1.984738e-24
7.767777e+00 1.980376e-24
7.785690e+00 1.943188e-24
7.803644e+00 1.920683e-24
7.821639e+00 1.936044e-24
7.839676e+00 1.978312e-24
7.857754e+00 1.916071e-24
7.875874e+00 1.987981e-24
7.894036e+00 1.993098e-24
7.912240e+00 1.991047e-24
7.930485e+00 2.126836e-24
7.948773e+00 2.067603e-24
7.967103e+00 1.940827e-24
7.985475e+00 2.033118e-24
8.003890e+00 1.998502e-24
8.022347e+00 1.972018e-24
8.040846e+00 1.986227e-24
8.059389e+00 1.986806e-24
8.077974e+00 1.982718e-24
8.096602e+00 1.973412e-24
8.115272e+00 2.061827e-24
8.133986e+00 1.978346e-24
8.152743e+00 1.939720e-24
8.171544e+00 1.949706e-24
8.190387e+00 1.952253e-24
8.209274e+00 1.911030e-24
8.228205e+00 1.893133e-24
8.247179e+00 1.981429e-24
8.266197e+00 2.002350e-24
8.285259e+00 1.890271e-24
8.304365e+00 1.844922e-24
8.323515e+00 1.910120e-24
8.342709e+00 1.899580e-24
8.361947e+00 1.832894e-24
8.381230e+00 1.890757e-24
8.400557e+00 1.960834e-24
8.419929e+00 1.960594e-24
8.439346e+00 1.776169e-24
8.458807e+00 1.743071e-24
8.478313e+00 1.724581e-24
8.497864e+00 1.711101e-24
8.517460e+00 1.658714e-24
8.537101e+00 1.622147e-24
8.556788e+00 1.601348e-24
8.576520e+00 1.654048e-24
8.596298e+00 1.553487e-24
8.616121e+00 1.541199e-24
8.635989e+00 1.537193e-24
8.655904e+00 1.517446e-24
8.675865e+00 1.497765e-24
8.695871e+00 1.540057e-24
8.715924e+00 1.530653e-24
8.736023e+00 1.503194e-24
8.756168e+00 1.554729e-24
8.776360e+00 1.590627e-24
8.796599e+00 1.525836e-24
8.816884e+00 1.555403e-24
8.837215e+00 1.565835e-24
8.857594e+00 1.515334e-24
8.878020e+00 1.528529e-24
8.898493e+00 1.526562e-24
8.919012e+00 1.463624e-24
8.939580e+00 1.459008e-24
8.960195e+00 1.439844e-24
8.980857e+00 1.455642e-24
9.001567e+00 1.445924e-24
9.022324e+00 1.485757e-24
9.043130e+00 1.455286e-24
9.063984e+00 1.437668e-24
9.084885e+00 1.395474e-24
9.105835e+00 1.416240e-24
9.126833e+00 1.410998e-24
9.147880e+00 1.431925e-24
9.168975e+00 1.674030e-24
9.190118e+00 1.429731e-24
9.211311e+00 1.373111e-24
9.232552e+00 1.360570e-24
9.253843e+00 1.364164e-24
9.275182e+00 1.395605e-24
9.296571e+00 1.450176e-24
9.318009e+00 1.425015e-24
9.339496e+00 1.435915e-24
9.361033e+00 1.471847e-24
9.382620e+00 1.437710e-24
9.404256e+00 1.563520e-24
9.425942e+00 1.605470e-24
9.447679e+00 1.480861e-24
9.469465e+00 1.450447e-24
9.491302e+00 1.507593e-24
9.513189e+00 1.483962e-24
9.535126e+00 1.578040e-24
9.557114e+00 1.607471e-24
9.579153e+00 1.644739e-24
9.601243e+00 1.659308e-24
9.623383e+00 1.791348e-24
9.645575e+00 1.700303e-24
9.667817e+00 1.751378e-24
9.690112e+00 1.903744e-24
9.712457e+00 1.791897e-24
9.734854e+00 1.691881e-24
9.757303e+00 1.638938e-24
9.779803e+00 1.616544e-24
9.802355e+00 1.563451e-24
9.824960e+00 1.489655e-24
9.847616e+00 1.507219e-24
9.870325e+00 1.565062e-24
9.893086e+00 1.617129e-24
9.915899e+00 1.444148e-24
9.938766e+00 1.449404e-24
9.961684e+00 1.477887e-24
9.984656e+00 1.472780e-24
1.000768e+01 1.543259e-24
1.003076e+01 1.536396e-24
1.005389e+01 1.538184e-24
1.007707e+01 1.511714e-24
1.010031e+01 1.445915e-24
1.012360e+01 1.457011e-24
1.014695e+01 1.359901e-24
1.017035e+01 1.274467e-24
1.019380e+01 1.285942e-24
1.021731e+01 1.251486e-24
1.024087e+01 1.248496e-24
1.026448e+01 1.228796e-24
1.028815e+01 1.224544e-24
1.031188e+01 1.215339e-24
1.033566e+01 1.223100e-24
1.035949e+01 1.193224e-24
1.038338e+01 1.191276e-24
1.040732e+01 1.209760e-24
1.043132e+01 1.202922e-24
1.045538e+01 1.226108e-24
1.047949e+01 1.242646e-24
1.050365e+01 1.291459e-24
1.052788e+01 1.332368e-24
1.055215e+01 1.334571e-24
1.057649e+01 1.336209e-24
1.060088e+01 1.404723e-24
1.062532e+01 1.436215e-24
1.064982e+01 1.527244e-24
1.067438e+01 1.521582e-24
1.069900e+01 1.403723e-24
1.072367e+01 1.449653e-24
1.074840e+01 1.415255e-24
1.077318e+01 1.349201e-24
1.079803e+01 1.393932e-24
1.082293e+01 1.383332e-24
1.084789e+01 1.339279e-24
1.087290e+01 1.338477e-24
1.089797e+01 1.299645e-24
1.092311e+01 1.291406e-24
1.094829e+01 1.264568e-24
1.097354e+01 1.254439e-24
1.099885e+01 1.273679e-24
1.102421e+01 1.265113e-24
1.104963e+01 1.236181e-24
1.107511e+01 1.184811e-24
1.110065e+01 1.221942e-24
1.112625e+01 1.181734e-24
1.115191e+01 1.156995e-24
1.117762e+01 1.135346e-24
1.120340e+01 1.144037e-24
1.122923e+01 1.144598e-24
1.125513e+01 1.141655e-24
1.128108e+01 1.167312e-24
1.130710e+01 1.162920e-24
1.133317e+01 1.170122e-24
1.135931e+01 1.141978e-24
1.138550e+01 1.198796e-24
1.141176e+01 1.183141e-24
1.143807e+01 1.180278e-24
1.146445e+01 1.177892e-24
1.149088e+01 1.168187e-24
1.151738e+01 1.174579e-24
1.154394e+01 1.174554e-24
1.157056e+01 1.132832e-24
1.159724e+01 1.133285e-24
1.162399e+01 1.127393e-24
1.165079e+01 1.110480e-24
1.167766e+01 1.113937e-24
1.170459e+01 1.104720e-24
1.173158e+01 1.099138e-24
1.175863e+01 1.090210e-24
1.178575e+01 1.086792e-24
1.181293e+01 1.090173e-24
1.184017e+01 1.089791e-24
1.186747e+01 1.085599e-24
1.189484e+01 1.086047e-24
1.192227e+01 1.081794e-24
1.194976e+01 1.083018e-24
1.197731e+01 1.081214e-24
1.200493e+01 1.078130e-24
1.203262e+01 1.078812e-24
1.206037e+01 1.085342e-24
1.208818e+01 1.087165e-24
1.211605e+01 1.087979e-24
1.214399e+01 1.092588e-24
1.217200e+01 1.101655e-24
1.220006e+01 1.100766e-24
1.222820e+01 1.093777e-24
1.225640e+01 1.088120e-24
1.228466e+01 1.080387e-24
1.231299e+01 1.081317e-24
1.234138e+01 1.079606e-24
1.236984e+01 1.081850e-24
1.239837e+01 1.078450e-24
1.242696e+01 1.085335e-24
1.245561e+01 1.082523e-24
1.248434e+01 1.079483e-24
1.251313e+01 1.080062e-24
1.254198e+01 1.074647e-24
1.257090e+01 1.069071e-24
1.259989e+01 1.064869e-24
1.262895e+01 1.058972e-24
1.265807e+01 1.057458e-24
1.268726e+01 1.053554e-24
1.271652e+01 1.060363e-24
1.274584e+01 1.053026e-24
1.277523e+01 1.064451e-24
1.280469e+01 1.058862e-24
1.283422e+01 1.058099e-24
1.286382e+01 1.063325e-24
1.289348e+01 1.061886e-24
1.292321e+01 1.052774e-24
1.295301e+01 1.046688e-24
1.298288e+01 1.042141e-24
1.301282e+01 1.040868e-24
1.304283e+01 1.039693e-24
1.307291e+01 1.036793e-24
1.310305e+01 1.044812e-24
1.313327e+01 1.042244e-24
1.316355e+01 1.047526e-24
1.319391e+01 1.033788e-24
1.322433e+01 1.045018e-24
1.325483e+01 1.037590e-24
1.328539e+01 1.034092e-24
1.331603e+01 1.029327e-24
1.334674e+01 1.028301e-24
1.337752e+01 1.027487e-24
1.340836e+01 1.025963e-24
1.343928e+01 1.025769e-24
1.347027e+01 1.025614e-24
1.350134e+01 1.026688e-24
1.353247e+01 1.024462e-24
1.356368e+01 1.023066e-24
1.359496e+01 1.021039e-24
1.362631e+01 1.018961e-24
1.365773e+01 1.016279e-24
1.368922e+01 1.013813e-24
1.372079e+01 1.009914e-24
1.375243e+01 1.008302e-24
1.378414e+01 1.006876e-24
1.381593e+01 1.005326e-24
1.384779e+01 1.003481e-24
1.387972e+01 1.002844e-24
1.391173e+01 9.994972e-25
1.394381e+01 9.971115e-25
1.397596e+01 9.959131e-25
1.400819e+01 9.948951e-25
1.404050e+01 9.929266e-25
1.407287e+01 9.947655e-25
1.410533e+01 9.984782e-25
1.413785e+01 1.001670e-24
1.417045e+01 9.930564e-25
1.420313e+01 1.003534e-24
1.423588e+01 9.999530e-25
1.426871e+01 1.002343e-24
1.430162e+01 1.009271e-24
1.433460e+01 1.001710e-24
1.436765e+01 9.978714e-25
1.440078e+01 1.000244e-24
1.443399e+01 9.960325e-25
1.446728e+01 9.928711e-25
1.450064e+01 9.873473e-25
1.453408e+01 9.869818e-25
1.456759e+01 9.904764e-25
1.460119e+01 9.892693e-25
1.463486e+01 9.893536e-25
1.466860e+01 9.837730e-25
1.470243e+01 9.806928e-25
1.473633e+01 9.813909e-25
1.477032e+01 9.771472e-25
1.480438e+01 9.795694e-25
1.483852e+01 9.788938e-25
1.487273e+01 9.738787e-25
1.490703e+01 9.704534e-25
1.494141e+01 9.698059e-25
1.497586e+01 9.790052e-25
1.501040e+01 9.699209e-25
1.504501e+01 9.639138e-25
1.507970e+01 9.648518e-25
1.511448e+01 9.518158e-25
1.514933e+01 9.600156e-25
1.518427e+01 9.626473e-25
1.521928e+01 9.648599e-25
1.525438e+01 9.613612e-25
1.528955e+01 9.557688e-25
1.532481e+01 9.482895e-25
1.536015e+01 9.445561e-25
1.539557e+01 9.370451e-25
1.543107e+01 9.364747e-25
1.546666e+01 9.337778e-25
1.550232e+01 9.299790e-25
1.553807e+01 9.268768e-25
1.557390e+01 9.217488e-25
1.560982e+01 9.212791e-25
1.564581e+01 9.240542e-25
1.568189e+01 9.195815e-25
1.571805e+01 9.180682e-25
1.575430e+01 9.161374e-25
1.579063e+01 9.128452e-25
1.582704e+01 9.109025e-25
1.586354e+01 9.125814e-25
1.590012e+01 9.124833e-25
1.593679e+01 9.086936e-25
1.597354e+01 9.089173e-25
1.601037e+01 9.059421e-25
1.604729e+01 9.050754e-25
1.608430e+01 9.035208e-25
1.612139e+01 9.025806e-25
1.615857e+01 9.014131e-25
1.619583e+01 9.005195e-25
1.623317e+01 9.009017e-25
1.627061e+01 8.984360e-25
1.630813e+01 8.944778e-25
1.634574e+01 8.926872e-25
1.638343e+01 8.907287e-25
1.642121e+01 8.907553e-25
1.645908e+01 8.911632e-25
1.649703e+01 8.873824e-25
1.653507e+01 8.858874e-25
1.657320e+01 8.850984e-25
1.661142e+01 8.838869e-25
1.664973e+01 8.797705e-25
1.668812e+01 8.799365e-25
1.672661e+01 8.765664e-25
1.676518e+01 8.772341e-25
1.680384e+01 8.787960e-25
1.684259e+01 8.794203e-25
1.688143e+01 8.807010e-25
1.692035e+01 8.808022e-25
1.695937e+01 8.796386e-25
1.699848e+01 8.775766e-25
1.703768e+01 8.747871e-25
1.707697e+01 8.691479e-25
1.711635e+01 8.666581e-25
1.715582e+01 8.643268e-25
1.719538e+01 8.633869e-25
1.723503e+01 8.622939e-25
1.727478e+01 8.594946e-25
1.731461e+01 8.583732e-25
1.735454e+01 8.572304e-25
1.739456e+01 8.559641e-25
1.743467e+01 8.525120e-25
1.747488e+01 8.519447e-25
1.751517e+01 8.501883e-25
1.755556e+01 8.501182e-25
1.759605e+01 8.480561e-25
1.763662e+01 8.456266e-25
1.767729e+01 8.447942e-25
1.771806e+01 8.433921e-25
1.775892e+01 8.416409e-25
1.779987e+01 8.401741e-25
1.784092e+01 8.393417e-25
1.788206e+01 8.391053e-25
1.792329e+01 8.383618e-25
1.796462e+01 8.363587e-25
1.800605e+01 8.360234e-25
1.804757e+01 8.342351e-25
1.808919e+01 8.332171e-25
1.813090e+01 8.325530e-25
1.817271e+01 8.311233e-25
1.821462e+01 8.290945e-25
1.825662e+01 8.284213e-25
1.829872e+01 8.268373e-25
1.834092e+01 8.264104e-25
1.838322e+01 8.261162e-25
1.842561e+01 8.246695e-25
1.846810e+01 8.240009e-25
1.851068e+01 8.228913e-25
1.855337e+01 8.218853e-25
1.859615e+01 8.208442e-25
1.863904e+01 8.203306e-25
1.868202e+01 8.189040e-25
1.872510e+01 8.182256e-25
1.876828e+01 8.176585e-25
1.881156e+01 8.166561e-25
1.885494e+01 8.159008e-25
1.889842e+01 8.151988e-25
1.894200e+01 8.149018e-25
1.898568e+01 8.142045e-25
1.902946e+01 8.139489e-25
1.907334e+01 8.132806e-25
1.911733e+01 8.127035e-25
1.916141e+01 8.115428e-25
1.920560e+01 8.110245e-25
1.924989e+01 8.103013e-25
1.929428e+01 8.096915e-25
1.933877e+01 8.090728e-25
1.938336e+01 8.084218e-25
1.942806e+01 8.079340e-25
1.947286e+01 8.075244e-25
1.951777e+01 8.069268e-25
1.956278e+01 8.065072e-25
1.960789e+01 8.059539e-25
1.965310e+01 8.055862e-25
1.969842e+01 8.052098e-25
1.974385e+01 8.051231e-25
1.978938e+01 8.044775e-25
1.983501e+01 8.043741e-25
1.988075e+01 8.047951e-25
1.992660e+01 8.042009e-25
1.997255e+01 8.038332e-25
2.001861e+01 8.033192e-25
2.006477e+01 8.027945e-25
2.011104e+01 8.034315e-25
2.015741e+01 8.030252e-25
2.020390e+01 8.025806e-25
2.025049e+01 8.026376e-25
2.029719e+01 8.020798e-25
2.034399e+01 8.021104e-25
2.039090e+01 8.020158e-25
2.043793e+01 8.019027e-25
2.048506e+01 8.013001e-25
2.053229e+01 8.009960e-25
2.057964e+01 8.007770e-25
2.062710e+01 8.006839e-25
2.067466e+01 8.003524e-25
2.072234e+01 8.002026e-25
2.077013e+01 8.003610e-25
2.081802e+01 8.000979e-25
2.086603e+01 8.002647e-25
2.091415e+01 8.000987e-25
2.096237e+01 7.997731e-25
2.101071e+01 7.999194e-25
2.105916e+01 7.999083e-25
2.110773e+01 8.001059e-25
2.115640e+01 7.998857e-25
2.120519e+01 7.997799e-25
2.125409e+01 7.996214e-25
2.130310e+01 7.995467e-25
2.135223e+01 7.995647e-25
2.140146e+01 7.995393e-25
2.145082e+01 7.995696e-25
2.150028e+01 7.995714e-25
2.154986e+01 7.997907e-25
2.159956e+01 7.997862e-25
2.164936e+01 7.998690e-25
2.169929e+01 7.999676e-25
2.174933e+01 8.000598e-25
2.179948e+01 8.000281e-25
2.184975e+01 8.000541e-25
2.190014e+01 8.001654e-25
2.195064e+01 8.002184e-25
2.200126e+01 8.002769e-25
2.205199e+01 8.003779e-25
2.210284e+01 8.004907e-25
2.215381e+01 8.006318e-25
2.220490e+01 8.008357e-25
2.225610e+01 8.008904e-25
2.230743e+01 8.008931e-25
2.235887e+01 8.009593e-25
2.241043e+01 8.012438e-25
2.246211e+01 8.012708e-25
2.251390e+01 8.012839e-25
2.256582e+01 8.012440e-25
2.261786e+01 8.011297e-25
2.267002e+01 8.011458e-25
2.272229e+01 8.012531e-25
2.277469e+01 8.013237e-25
2.282721e+01 8.013943e-25
2.287985e+01 8.013427e-25
2.293261e+01 8.014042e-25
2.298549e+01 8.012189e-25
2.303850e+01 8.011963e-25
2.309162e+01 8.012003e-25
2.314487e+01 8.011599e-25
2.319825e+01 8.010832e-25
2.325174e+01 8.010385e-25
2.330536e+01 8.010668e-25
2.335910e+01 8.009535e-25
2.341297e+01 8.010022e-25
2.346696e+01 8.010540e-25
2.352107e+01 8.008093e-25
2.357531e+01 8.007606e-25
2.362968e+01 8.007612e-25
2.368417e+01 8.005966e-25
2.373878e+01 8.001933e-25
2.379353e+01 7.998120e-25
2.384839e+01 7.997062e-25
2.390339e+01 7.994949e-25
2.395851e+01 7.992594e-25
2.401376e+01 7.989439e-25
2.406914e+01 7.985859e-25
2.412464e+01 7.983410e-25
2.418027e+01 7.980514e-25
2.423603e+01 7.978461e-25
2.429192e+01 7.976121e-25
2.434794e+01 7.973068e-25
2.440408e+01 7.969743e-25
2.446036e+01 7.965516e-25
2.451676e+01 7.960076e-25
2.457330e+01 7.956067e-25
2.462997e+01 7.950902e-25
2.468676e+01 7.946566e-25
2.474369e+01 7.942528e-25
2.480075e+01 7.937465e-25
2.485794e+01 7.932516e-25
2.491526e+01 7.928053e-25
2.497272e+01 7.921982e-25
2.503031e+01 7.916725e-25
2.508803e+01 7.911944e-25
2.514588e+01 7.905727e-25
2.520387e+01 7.899088e-25
2.526199e+01 7.893450e-25
2.532024e+01 7.885935e-25
2.537863e+01 7.881513e-25
2.543715e+01 7.875973e-25
2.549581e+01 7.868971e-25
2.555460e+01 7.862437e-25
2.561353e+01 7.854677e-25
2.567260e+01 7.848967e-25
2.573180e+01 7.841548e-25
2.579114e+01 7.833034e-25
2.585061e+01 7.825679e-25
2.591022e+01 7.816092e-25
2.596997e+01 7.808032e-25
2.602986e+01 7.800771e-25
2.608988e+01 7.793511e-25
2.615005e+01 7.784506e-25
2.621035e+01 7.776972e-25
2.627079e+01 7.768766e-25
2.633137e+01 7.760895e-25
2.639209e+01 7.752773e-25
2.645295e+01 7.742138e-25
2.651395e+01 7.732370e-25
2.657509e+01 7.722538e-25
2.663638e+01 7.713127e-25
2.669780e+01 7.703333e-25
2.675937e+01 7.692989e-25
2.682107e+01 7.683443e-25
2.688292e+01 7.673943e-25
2.694492e+01 7.664552e-25
2.700705e+01 7.655294e-25
2.706933e+01 7.645498e-25
2.713175e+01 7.635135e-25
2.719432e+01 7.624960e-25
2.725703e+01 7.614271e-25
2.731988e+01 7.604854e-25
2.738288e+01 7.594174e-25
2.744603e+01 7.582682e-25
2.750932e+01 7.572037e-25
2.757275e+01 7.560913e-25
2.763634e+01 7.549741e-25
2.770007e+01 7.538814e-25
2.776394e+01 7.528374e-25
2.782797e+01 7.517358e-25
2.789214e+01 7.506489e-25
2.795646e+01 7.495484e-25
2.802093e+01 7.484703e-25
2.808554e+01 7.473534e-25
2.815031e+01 7.461971e-25
2.821522e+01 7.450164e-25
2.828029e+01 7.438574e-25
2.834550e+01 7.427037e-25
2.841087e+01 7.415690e-25
2.847638e+01 7.404551e-25
2.854205e+01 7.393051e-25
2.860787e+01 7.381683e-25
2.867384e+01 7.370626e-25
2.873996e+01 7.359559e-25
2.880623e+01 7.347369e-25
2.887266e+01 7.334889e-25
2.893924e+01 7.322795e-25
2.900598e+01 7.310625e-25
2.907286e+01 7.298671e-25
2.913991e+01 7.286726e-25
2.920710e+01 7.275102e-25
2.927446e+01 7.263576e-25
2.934196e+01 7.251492e-25
2.940963e+01 7.239251e-25
2.947744e+01 7.227112e-25
2.954542e+01 7.215191e-25
2.961355e+01 7.203642e-25
2.968184e+01 7.191709e-25
2.975029e+01 7.179511e-25
2.981889e+01 7.167249e-25
2.988765e+01 7.155101e-25
2.995658e+01 7.143135e-25
3.002566e+01 7.131082e-25
3.009489e+01 7.119220e-25
3.016429e+01 7.107029e-25
3.023385e+01 7.095066e-25
3.030357e+01 7.082851e-25
3.037345e+01 7.070877e-25
3.044349e+01 7.059061e-25
3.051370e+01 7.046675e-25
3.058406e+01 7.034665e-25
3.065459e+01 7.022590e-25
3.072528e+01 7.010571e-25
3.079613e+01 6.998624e-25
3.086715e+01 6.986663e-25
3.093833e+01 6.974840e-25
3.100967e+01 6.962747e-25
3.108118e+01 6.950899e-25
3.115285e+01 6.938818e-25
3.122469e+01 6.926844e-25
3.129670e+01 6.915096e-25
3.136887e+01 6.903153e-25
3.144120e+01 6.891201e-25
3.151371e+01 6.879289e-25
3.158638e+01 6.867500e-25
3.165922e+01 6.855666e-25
3.173222e+01 6.843995e-25
3.180540e+01 6.832206e-25
3.187874e+01 6.820476e-25
3.195225e+01 6.808561e-25
3.202594e+01 6.796913e-25
3.209979e+01 6.785311e-25
3.217381e+01 6.773815e-25
3.224800e+01 6.762133e-25
3.232237e+01 6.750396e-25
3.239690e+01 6.739006e-25
3.247161e+01 6.727221e-25
3.254649e+01 6.715674e-25
3.262154e+01 6.704155e-25
3.269677e+01 6.692698e-25
3.277217e+01 6.681236e-25
3.284774e+01 6.669812e-25
3.292349e+01 6.658491e-25
3.299941e+01 6.647220e-25
3.307551e+01 6.635881e-25
3.315178e+01 6.624552e-25
3.322823e+01 6.613323e-25
3.330485e+01 6.602172e-25
3.338165e+01 6.590992e-25
3.345863e+01 6.579851e-25
3.353579e+01 6.568629e-25
3.361312e+01 6.557539e-25
3.369063e+01 6.546494e-25
3.376832e+01 6.535486e-25
3.384619e+01 6.524518e-25
3.392424e+01 6.513544e-25
3.400247e+01 6.502636e-25
3.408088e+01 6.491715e-25
3.415947e+01 6.480925e-25
3.423825e+01 6.470073e-25
3.431720e+01 6.459305e-25
3.439634e+01 6.448561e-25
3.447565e+01 6.437866e-25
3.455515e+01 6.427234e-25
3.463484e+01 6.416619e-25
3.471471e+01 6.406057e-25
3.479476e+01 6.395551e-25
3.487500e+01 6.384990e-25
3.495542e+01 6.374500e-25
3.503603e+01 6.364047e-25
3.511682e+01 6.353669e-25
3.519780e+01 6.343346e-25
3.527897e+01 6.333036e-25
3.536032e+01 6.322739e-25
3.544186e+01 6.312423e-25
3.552359e+01 6.302205e-25
3.560551e+01 6.292073e-25
3.568761e+01 6.281943e-25
3.576991e+01 6.271931e-25
3.585240e+01 6.261931e-25
3.593507e+01 6.251822e-25
3.601794e+01 6.241763e-25
3.610100e+01 6.231836e-25
3.618424e+01 6.221912e-25
3.626769e+01 6.212050e-25
3.635132e+01 6.202236e-25
3.643515e+01 6.192447e-25
3.651917e+01 6.182709e-25
3.660338e+01 6.173079e-25
3.668779e+01 6.163346e-25
3.677239e+01 6.153689e-25
3.685719e+01 6.144086e-25
3.694218e+01 6.134534e-25
3.702737e+01 6.125028e-25
3.711275e+01 6.115583e-25
3.719834e+01 6.106132e-25
3.728412e+01 6.096730e-25
3.737009e+01 6.087281e-25
3.745627e+01 6.078138e-25
3.754264e+01 6.068790e-25
3.762922e+01 6.059544e-25
3.771599e+01 6.050312e-25
3.780296e+01 6.041120e-25
3.789014e+01 6.031990e-25
3.797751e+01 6.022886e-25
3.806509e+01 6.013844e-25
3.815287e+01 6.004869e-25
3.824085e+01 5.995890e-25
3.832903e+01 5.986907e-25
3.841742e+01 5.977967e-25
3.850601e+01 5.969052e-25
3.859480e+01 5.960216e-25
3.868380e+01 5.951474e-25
3.877301e+01 5.942689e-25
3.886242e+01 5.933873e-25
3.895204e+01 5.925142e-25
3.904186e+01 5.916456e-25
3.913189e+01 5.907796e-25
3.922213e+01 5.899193e-25
3.931258e+01 5.890645e-25
3.940323e+01 5.882106e-25
3.949410e+01 5.873591e-25
3.958517e+01 5.865132e-25
3.967645e+01 5.856700e-25
3.976795e+01 5.848151e-25
3.985965e+01 5.839929e-25
3.995157e+01 5.831810e-25
4.004370e+01 5.825655e-25
4.013604e+01 5.816168e-25
4.022859e+01 5.806989e-25
4.032136e+01 5.798746e-25
4.041434e+01 5.790469e-25
4.050754e+01 5.782346e-25
4.060095e+01 5.774289e-25
4.069457e+01 5.766236e-25
4.078842e+01 5.758216e-25
4.088247e+01 5.750244e-25
4.097675e+01 5.742297e-25
4.107124e+01 5.734392e-25
4.116595e+01 5.726524e-25
4.126088e+01 5.718705e-25
4.135603e+01 5.710921e-25
4.145140e+01 5.703086e-25
4.154698e+01 5.695312e-25
4.164279e+01 5.687600e-25
4.173882e+01 5.679913e-25
4.183507e+01 5.672281e-25
4.193154e+01 5.664652e-25
4.202824e+01 5.657053e-25
4.212516e+01 5.649498e-25
4.222230e+01 5.641996e-25
4.231966e+01 5.634486e-25
4.241725e+01 5.627035e-25
4.251507e+01 5.619539e-25
4.261311e+01 5.612202e-25
4.271137e+01 5.604830e-25
4.280986e+01 5.597486e-25
4.290858e+01 5.590179e-25
4.300753e+01 5.582896e-25
4.310671e+01 5.575648e-25
4.320611e+01 5.568426e-25
4.330575e+01 5.561239e-25
4.340561e+01 5.554078e-25
4.350570e+01 5.546960e-25
4.360603e+01 5.539863e-25
4.370658e+01 5.532789e-25
4.380737e+01 5.525741e-25
4.390839e+01 5.518729e-25
4.400964e+01 5.511754e-25
4.411113e+01 5.504796e-25
4.421285e+01 5.497876e-25
4.431481e+01 5.490982e-25
4.441700e+01 5.484096e-25
4.451942e+01 5.477256e-25
4.462208e+01 5.470444e-25
4.472498e+01 5.463642e-25
4.482812e+01 5.456881e-25
4.493149e+01 5.450168e-25
4.503511e+01 5.443439e-25
4.513896e+01 5.436783e-25
4.524305e+01 5.430088e-25
4.534738e+01 5.423414e-25
4.545195e+01 5.416838e-25
4.555676e+01 5.410257e-25
4.566182e+01 5.403700e-25
4.576711e+01 5.397174e-25
4.587265e+01 5.390722e-25
4.597843e+01 5.384255e-25
4.608446e+01 5.377809e-25
4.619073e+01 5.371389e-25
4.629725e+01 5.364990e-25
4.640401e+01 5.358629e-25
4.651102e+01 5.352269e-25
4.661827e+01 5.345943e-25
4.672578e+01 5.339650e-25
4.683353e+01 5.333382e-25
4.694152e+01 5.327136e-25
4.704977e+01 5.320913e-25
4.715827e+01 5.314703e-25
4.726702e+01 5.308530e-25
4.737601e+01 5.302376e-25
4.748526e+01 5.296262e-25
4.759476e+01 5.290164e-25
4.770452e+01 5.284085e-25
4.781453e+01 5.278040e-25
4.792479e+01 5.272023e-25
4.803530e+01 5.266035e-25
4.814607e+01 5.260094e-25
4.825710e+01 5.254166e-25
4.836838e+01 5.248197e-25
4.847992e+01 5.242253e-25
4.859171e+01 5.236337e-25
4.870376e+01 5.230449e-25
4.881607e+01 5.224585e-25
4.892864e+01 5.218748e-25
4.904147e+01 5.212934e-25
4.915456e+01 5.207145e-25
4.926792e+01 5.201379e-25
4.938153e+01 5.195636e-25
4.949540e+01 5.189915e-25
4.960954e+01 5.184216e-25
4.972394e+01 5.178538e-25
4.983860e+01 5.172882e-25
4.995353e+01 5.167246e-25
5.006872e+01 5.161631e-25
5.018418e+01 5.156037e-25
5.029991e+01 5.150463e-25
5.041590e+01 5.144909e-25
5.053216e+01 5.139376e-25
5.064869e+01 5.133863e-25
5.076548e+01 5.128369e-25
5.088255e+01 5.122896e-25
5.099988e+01 5.117442e-25
5.111749e+01 5.112007e-25
5.123537e+01 5.106593e-25
5.135352e+01 5.101197e-25
5.147194e+01 5.095821e-25
5.159063e+01 5.090464e-25
5.170960e+01 5.085126e-25
5.182884e+01 5.079807e-25
5.194836e+01 5.074506e-25
5.206816e+01 5.069224e-25
5.218822e+01 5.063961e-25
5.230857e+01 5.058716e-25
5.242920e+01 5.053490e-25
5.255010e+01 5.048282e-25
5.267128e+01 5.043092e-25
5.279274e+01 5.037920e-25
5.291448e+01 5.032765e-25
5.303650e+01 5.027629e-25
5.315880e+01 5.022510e-25
5.328139e+01 5.017409e-25
5.340425e+01 5.012326e-25
5.352741e+01 5.007259e-25
5.365084e+01 5.002210e-25
5.377456e+01 4.997178e-25
5.389856e+01 4.992163e-25
5.402285e+01 4.987165e-25
5.414743e+01 4.982184e-25
5.427230e+01 4.977220e-25
5.439745e+01 4.972272e-25
5.452289e+01 4.967341e-25
5.464862e+01 4.962427e-25
5.477464e+01 4.957528e-25
5.490095e+01 4.952646e-25
5.502755e+01 4.947780e-25
5.515445e+01 4.942931e-25
5.528163e+01 4.938097e-25
5.540911e+01 4.933279e-25
5.553689e+01 4.928477e-25
5.566495e+01 4.923690e-25
5.579332e+01 4.918919e-25
5.592198e+01 4.914164e-25
5.605093e+01 4.909424e-25
5.618019e+01 4.904699e-25
5.630974e+01 4.899990e-25
5.643959e+01 4.895293e-25
5.656974e+01 4.890617e-25
5.670019e+01 4.885953e-25
5.683094e+01 4.881304e-25
5.696200e+01 4.876670e-25
5.709335e+01 4.872051e-25
5.722501e+01 4.867447e-25
5.735697e+01 4.862861e-25
5.748923e+01 4.858297e-25
5.762181e+01 4.853814e-25
5.775468e+01 4.850637e-25
5.788786e+01 4.844683e-25
5.802135e+01 4.840127e-25
5.815515e+01 4.835613e-25
5.828926e+01 4.831119e-25
5.842367e+01 4.826640e-25
5.855840e+01 4.822175e-25
5.869344e+01 4.817725e-25
5.882878e+01 4.813288e-25
5.896444e+01 4.808865e-25
5.910041e+01 4.804456e-25
5.923670e+01 4.800060e-25
5.937330e+01 4.795677e-25
5.951022e+01 4.791307e-25
5.964745e+01 4.786951e-25
5.978500e+01 4.782608e-25
5.992286e+01 4.778278e-25
6.006104e+01 4.773961e-25
6.019954e+01 4.769656e-25
6.033836e+01 4.765365e-25
6.047750e+01 4.761086e-25
6.061697e+01 4.756820e-25
6.075675e+01 4.752567e-25
6.089686e+01 4.748326e-25
6.103728e+01 4.744097e-25
6.117804e+01 4.739881e-25
6.131911e+01 4.735678e-25
6.146052e+01 4.731486e-25
6.160224e+01 4.727307e-25
6.174430e+01 4.723140e-25
6.188668e+01 4.718984e-25
6.202939e+01 4.714841e-25
6.217243e+01 4.710710e-25
6.231580e+01 4.706591e-25
6.245950e+01 4.702483e-25
6.260354e+01 4.698387e-25
6.274790e+01 4.694303e-25
6.289260e+01 4.690230e-25
6.303763e+01 4.686169e-25
6.318299e+01 4.682120e-25
6.332869e+01 4.678082e-25
6.347473e+01 4.674055e-25
6.362110e+01 4.670039e-25
6.376781e+01 4.666035e-25
6.391486e+01 4.662042e-25
6.406225e+01 4.658060e-25
6.420998e+01 4.654089e-25
6.435805e+01 4.650129e-25
6.450646e+01 4.646180e-25
6.465521e+01 4.642242e-25
6.480431e+01 4.638315e-25
6.495375e+01 4.634399e-25
6.510353e+01 4.630493e-25
6.525366e+01 4.626598e-25
6.540413e+01 4.622713e-25
6.555496e+01 4.618839e-25
6.570613e+01 4.614976e-25
6.585765e+01 4.611123e-25
6.600951e+01 4.607280e-25
6.616173e+01 4.603448e-25
6.631430e+01 4.599626e-25
6.646722e+01 4.595814e-25
6.662050e+01 4.592013e-25
6.677412e+01 4.588221e-25
6.692811e+01 4.584440e-25
6.708244e+01 4.580669e-25
6.723714e+01 4.576907e-25
6.739218e+01 4.573156e-25
6.754759e+01 4.569415e-25
6.770336e+01 4.565683e-25
6.785948e+01 4.561961e-25
6.801597e+01 4.558249e-25
6.817281e+01 4.554546e-25
6.833002e+01 4.550854e-25
6.848759e+01 4.547170e-25
6.864552e+01 4.543497e-25
6.880382e+01 4.539833e-25
6.896248e+01 4.536178e-25
6.912151e+01 4.532533e-25
6.928090e+01 4.528897e-25
6.944067e+01 4.525270e-25
6.960080e+01 4.521653e-25
6.976130e+01 4.518045e-25
6.992217e+01 4.514446e-25
7.008341e+01 4.510856e-25
7.024502e+01 4.507276e-25
7.040701e+01 4.503704e-25
7.056936e+01 4.500142e-25
7.073210e+01 4.496588e-25
7.089521e+01 4.493043e-25
7.105869e+01 4.489508e-25
7.122255e+01 4.485981e-25
7.138679e+01 4.482463e-25
7.155141e+01 4.478954e-25
7.171641e+01 4.475453e-25
7.188179e+01 4.471961e-25
7.204755e+01 4.468478e-25
7.221369e+01 4.465004e-25
7.238022e+01 4.461538e-25
7.254713e+01 4.458080e-25
7.271442e+01 4.454631e-25
7.288210e+01 4.451191e-25
7.305017e+01 4.447759e-25
7.321862e+01 4.444335e-25
7.338746e+01 4.440920e-25
7.355669e+01 4.437513e-25
7.372632e+01 4.434115e-25
7.389633e+01 4.430724e-25
7.406674e+01 4.427342e-25
7.423753e+01 4.423968e-25
7.440873e+01 4.420602e-25
7.458031e+01 4.417245e-25
7.475230e+01 4.413895e-25
7.492468e+01 4.410553e-25
7.509745e+01 4.407220e-25
7.527063e+01 4.403894e-25
7.544420e+01 4.400577e-25
7.561818e+01 4.397267e-25
7.579255e+01 4.393965e-25
7.596733e+01 4.390671e-25
7.614251e+01 4.387385e-25
7.631810e+01 4.384106e-25
7.649409e+01 4.380836e-25
7.667048e+01 4.377573e-25
7.684729e+01 4.374317e-25
7.702450e+01 4.371070e-25
7.720212e+01 4.367830e-25
7.738015e+01 4.364597e-25
7.755858e+01 4.361373e-25
7.773744e+01 4.358155e-25
7.791670e+01 4.354946e-25
7.809638e+01 4.351743e-25
7.827647e+01 4.348548e-25
7.845697e+01 4.345361e-25
7.863789e+01 4.342181e-25
7.881923e+01 4.339008e-25
7.900099e+01 4.335843e-25
7.918317e+01 4.332685e-25
7.936577e+01 4.329534e-25
7.954878e+01 4.326391e-25
7.973222e+01 4.323255e-25
7.991609e+01 4.320126e-25
8.010037e+01 4.317004e-25
8.028509e+01 4.313889e-25
8.047022e+01 4.310781e-25
8.065579e+01 4.307681e-25
8.084178e+01 4.304587e-25
8.102820e+01 4.301501e-25
8.121506e+01 4.298422e-25
8.140234e+01 4.295349e-25
8.159005e+01 4.292284e-25
8.177820e+01 4.289225e-25
8.196678e+01 4.286174e-25
8.215580e+01 4.283129e-25
8.234525e+01 4.280091e-25
8.253514e+01 4.277060e-25
8.272546e+01 4.274036e-25
8.291623e+01 4.271019e-25
8.310744e+01 4.268008e-25
8.329908e+01 4.265005e-25
8.349117e+01 4.262008e-25
8.368370e+01 4.259017e-25
8.387668e+01 4.256034e-25
8.407010e+01 4.253057e-25
8.426396e+01 4.250086e-25
8.445828e+01 4.247123e-25
8.465304e+01 4.244165e-25
8.484825e+01 4.241215e-25
8.504391e+01 4.238271e-25
8.524002e+01 4.235333e-25
8.543659e+01 4.232402e-25
8.563360e+01 4.229478e-25
8.583107e+01 4.226560e-25
8.602900e+01 4.223648e-25
8.622738e+01 4.220743e-25
8.642623e+01 4.217845e-25
8.662553e+01 4.214952e-25
8.682528e+01 4.212066e-25
8.702550e+01 4.209187e-25
8.722619e+01 4.206313e-25
8.742733e+01 4.203446e-25
8.762894e+01 4.200586e-25
8.783101e+01 4.197731e-25
8.803355e+01 4.194883e-25
8.823656e+01 4.192041e-25
8.844003e+01 4.189206e-25
8.864397e+01 4.186376e-25
8.884839e+01 4.183553e-25
8.905327e+01 4.180736e-25
8.925863e+01 4.177925e-25
8.946446e+01 4.175120e-25
8.967077e+01 4.172321e-25
8.987755e+01 4.169529e-25
9.008481e+01 4.166742e-25
9.029254e+01 4.163961e-25
9.050076e+01 4.161187e-25
9.070945e+01 4.158419e-25
9.091863e+01 4.155656e-25
9.112829e+01 4.152900e-25
9.133843e+01 4.150149e-25
9.154906e+01 4.147405e-25
9.176017e+01 4.144666e-25
9.197177e+01 4.141933e-25
9.218386e+01 4.139207e-25
9.239644e+01 4.136486e-25
9.260950e+01 4.133771e-25
9.282306e+01 4.131062e-25
9.303711e+01 4.128359e-25
9.325166e+01 4.125661e-25
9.346669e+01 4.122970e-25
9.368223e+01 4.120284e-25
9.389826e+01 4.117604e-25
9.411479e+01 4.114930e-25
9.433182e+01 4.112261e-25
9.454935e+01 4.109598e-25
9.476738e+01 4.106941e-25
9.498592e+01 4.104290e-25
9.520496e+01 4.101645e-25
9.542450e+01 4.099005e-25
9.564455e+01 4.096371e-25
9.586511e+01 4.093742e-25
9.608617e+01 4.091119e-25
9.630775e+01 4.088502e-25
9.652983e+01 4.085890e-25
9.675243e+01 4.083284e-25
9.697554e+01 4.080684e-25
9.719917e+01 4.078089e-25
9.742331e+01 4.075500e-25
9.764797e+01 4.072916e-25
9.787315e+01 4.070338e-25
9.809884e+01 4.067765e-25
9.832506e+01 4.065198e-25
9.855180e+01 4.062637e-25
9.877906e+01 4.060081e-25
9.900685e+01 4.057530e-25
9.923516e+01 4.054985e-25
9.946399e+01 4.052445e-25
9.969336e+01 4.049911e-25
9.992325e+01 4.047382e-25
1.001537e+02 4.044859e-25
1.003846e+02 4.042341e-25
1.006161e+02 4.039829e-25
1.008481e+02 4.037321e-25
1.010807e+02 4.034820e-25
1.013138e+02 4.032323e-25
1.015474e+02 4.029832e-25
1.017816e+02 4.027347e-25
1.020163e+02 4.024866e-25
1.022515e+02 4.022391e-25
1.024873e+02 4.019922e-25
1.027237e+02 4.017457e-25
1.029606e+02 4.014998e-25
1.031980e+02 4.012545e-25
1.034360e+02 4.010096e-25
1.036745e+02 4.007653e-25
1.039136e+02 4.005215e-25
1.041532e+02 4.002782e-25
1.043934e+02 4.000355e-25
1.046341e+02 3.997933e-25
1.048754e+02 3.995516e-25
1.051172e+02 3.993104e-25
1.053596e+02 3.990697e-25
1.056026e+02 3.988296e-25
1.058461e+02 3.985900e-25
1.060902e+02 3.983509e-25
1.063348e+02 3.981123e-25
1.065800e+02 3.978742e-25
1.068258e+02 3.976367e-25
1.070722e+02 3.973996e-25
1.073191e+02 3.971631e-25
1.075665e+02 3.969271e-25
1.078146e+02 3.966916e-25
1.080632e+02 3.964566e-25
1.083124e+02 3.962221e-25
1.085622e+02 3.959881e-25
1.088125e+02 3.957547e-25
1.090634e+02 3.955217e-25
1.093149e+02 3.952893e-25
1.095670e+02 3.950573e-25
1.098197e+02 3.948259e-25
1.100729e+02 3.945950e-25
1.103268e+02 3.943645e-25
1.105812e+02 3.941346e-25
1.108362e+02 3.939052e-25
1.110918e+02 3.936763e-25
1.113480e+02 3.934478e-25
1.116047e+02 3.932199e-25
1.118621e+02 3.929925e-25
1.121200e+02 3.927656e-25
1.123786e+02 3.925392e-25
1.126377e+02 3.923132e-25
1.128975e+02 3.920878e-25
1.131578e+02 3.918629e-25
1.134188e+02 3.916385e-25
1.136803e+02 3.914145e-25
1.139425e+02 3.911911e-25
1.142052e+02 3.909681e-25
1.144686e+02 3.907457e-25
1.147325e+02 3.905237e-25
1.149971e+02 3.903022e-25
1.152623e+02 3.900812e-25
1.155281e+02 3.898607e-25
1.157945e+02 3.896407e-25
1.160615e+02 3.894212e-25
1.163292e+02 3.892022e-25
1.165974e+02 3.889837e-25
1.168663e+02 3.887656e-25
1.171358e+02 3.885481e-25
1.174059e+02 3.883310e-25
1.176766e+02 3.881144e-25
1.179480e+02 3.878983e-25
1.182200e+02 3.876827e-25
1.184926e+02 3.874676e-25
1.187658e+02 3.872529e-25
1.190397e+02 3.870388e-25
1.193142e+02 3.868251e-25
1.195894e+02 3.866119e-25
1.198651e+02 3.863992e-25
1.201416e+02 3.861870e-25
1.204186e+02 3.859752e-25
1.206963e+02 3.857640e-25
1.209746e+02 3.855532e-25
1.212536e+02 3.853429e-25
1.215332e+02 3.851331e-25
1.218134e+02 3.849237e-25
1.220943e+02 3.847148e-25
1.223759e+02 3.845065e-25
1.226581e+02 3.842985e-25
1.229410e+02 3.840911e-25
1.232245e+02 3.838842e-25
1.235086e+02 3.836777e-25
1.237934e+02 3.834717e-25
1.240789e+02 3.832662e-25
1.243650e+02 3.830611e-25
1.246518e+02 3.828565e-25
1.249393e+02 3.826525e-25
1.252274e+02 3.824488e-25
1.255161e+02 3.822457e-25
1.258056e+02 3.820430e-25
1.260957e+02 3.818408e-25
1.263865e+02 3.816391e-25
1.266779e+02 3.814378e-25
1.269700e+02 3.812371e-25
1.272628e+02 3.810368e-25
1.275563e+02 3.808369e-25
1.278504e+02 3.806376e-25
1.281453e+02 3.804387e-25
1.284408e+02 3.802403e-25
1.287370e+02 3.800423e-25
1.290338e+02 3.798448e-25
1.293314e+02 3.796478e-25
1.296296e+02 3.794513e-25
1.299285e+02 3.792552e-25
1.302282e+02 3.790597e-25
1.305285e+02 3.788645e-25
1.308295e+02 3.786699e-25
1.311312e+02 3.784757e-25
1.314335e+02 3.782820e-25
1.317366e+02 3.780887e-25
1.320404e+02 3.778960e-25
1.323449e+02 3.777037e-25
1.326501e+02 3.775118e-25
1.329560e+02 3.773204e-25
1.332626e+02 3.771295e-25
1.335699e+02 3.769391e-25
1.338779e+02 3.767491e-25
1.341866e+02 3.765596e-25
1.344961e+02 3.763706e-25
1.348062e+02 3.761821e-25
1.351171e+02 3.759940e-25
1.354287e+02 3.758063e-25
1.357410e+02 3.756192e-25
1.360540e+02 3.754325e-25
1.363677e+02 3.752462e-25
1.366822e+02 3.750605e-25
1.369974e+02 3.748752e-25
1.373133e+02 3.746904e-25
1.376299e+02 3.745060e-25
1.379473e+02 3.743221e-25
1.382654e+02 3.741387e-25
1.385843e+02 3.739557e-25
1.389038e+02 3.737732e-25
1.392241e+02 3.735912e-25
1.395452e+02 3.734096e-25
1.398670e+02 3.732285e-25
1.401895e+02 3.730479e-25
1.405128e+02 3.728677e-25
1.408368e+02 3.726880e-25
1.411616e+02 3.725088e-25
1.414871e+02 3.723300e-25
1.418134e+02 3.721517e-25
1.421404e+02 3.719739e-25
1.424682e+02 3.717965e-25
1.427967e+02 3.716196e-25
1.431260e+02 3.714432e-25
1.434561e+02 3.712672e-25
1.437869e+02 3.710917e-25
1.441184e+02 3.709166e-25
1.444508e+02 3.707420e-25
1.447839e+02 3.705679e-25
1.451178e+02 3.703943e-25
1.454524e+02 3.702211e-25
1.457878e+02 3.700484e-25
1.461240e+02 3.698761e-25
1.464610e+02 3.697044e-25
1.467987e+02 3.695330e-25
1.471372e+02 3.693622e-25
1.474765e+02 3.691918e-25
1.478166e+02 3.690219e-25
1.481575e+02 3.688524e-25
1.484991e+02 3.686835e-25
1.488416e+02 3.685149e-25
1.491848e+02 3.683469e-25
1.495288e+02 3.681793e-25
1.498736e+02 3.680122e-25
1.502192e+02 3.678455e-25
1.505657e+02 3.676793e-25
1.509129e+02 3.675136e-25
1.512609e+02 3.673484e-25
1.516097e+02 3.671836e-25
1.519593e+02 3.670193e-25
1.523097e+02 3.668554e-25
1.526609e+02 3.666921e-25
1.530130e+02 3.665292e-25
1.533658e+02 3.663667e-25
1.537195e+02 3.662047e-25
1.540740e+02 3.660432e-25
1.544293e+02 3.658822e-25
1.547854e+02 3.657216e-25
1.551423e+02 3.655616e-25
1.555001e+02 3.654019e-25
1.558587e+02 3.652428e-25
1.562181e+02 3.650841e-25
1.565783e+02 3.649259e-25
1.569394e+02 3.647681e-25
1.573013e+02 3.646109e-25
1.576640e+02 3.644541e-25
1.580276e+02 3.642977e-25
1.583920e+02 3.641419e-25
1.587573e+02 3.639865e-25
1.591233e+02 3.638316e-25
1.594903e+02 3.636771e-25
1.598581e+02 3.635231e-25
1.602267e+02 3.633696e-25
1.605962e+02 3.632166e-25
1.609665e+02 3.630641e-25
1.613377e+02 3.629120e-25
1.617098e+02 3.627604e-25
1.620827e+02 3.626092e-25
1.624564e+02 3.624586e-25
1.628311e+02 3.623084e-25
1.632065e+02 3.621587e-25
1.635829e+02 3.620095e-25
1.639601e+02 3.618607e-25
1.643382e+02 3.617124e-25
1.647172e+02 3.615646e-25
1.650970e+02 3.614173e-25
1.654777e+02 3.612704e-25
1.658593e+02 3.611241e-25
1.662418e+02 3.609782e-25
1.666252e+02 3.608328e-25
1.670094e+02 3.606878e-25
1.673945e+02 3.605434e-25
1.677805e+02 3.603994e-25
1.681674e+02 3.602559e-25
1.685552e+02 3.601129e-25
1.689439e+02 3.599703e-25
1.693335e+02 3.598283e-25
1.697240e+02 3.596867e-25
1.701154e+02 3.595456e-25
1.705077e+02 3.594050e-25
1.709009e+02 3.592649e-25
1.712950e+02 3.591252e-25
1.716900e+02 3.589861e-25
1.720859e+02 3.588474e-25
1.724827e+02 3.587092e-25
1.728805e+02 3.585715e-25
1.732791e+02 3.584343e-25
1.736787e+02 3.582975e-25
1.740792e+02 3.581613e-25
1.744806e+02 3.580255e-25
1.748830e+02 3.578902e-25
1.752863e+02 3.577554e-25
1.756905e+02 3.576211e-25
1.760956e+02 3.574873e-25
1.765017e+02 3.573540e-25
1.769087e+02 3.572212e-25
1.773167e+02 3.570888e-25
1.777256e+02 3.569570e-25
1.781354e+02 3.568256e-25
1.785462e+02 3.566947e-25
1.789579e+02 3.565643e-25
1.793706e+02 3.564345e-25
1.797842e+02 3.563051e-25
1.801988e+02 3.561762e-25
1.806143e+02 3.560478e-25
1.810308e+02 3.559199e-25
1.814483e+02 3.557924e-25
1.818667e+02 3.556655e-25
1.822861e+02 3.555391e-25
1.827065e+02 3.554132e-25
1.831278e+02 3.552878e-25
1.835501e+02 3.551628e-25
1.839734e+02 3.550384e-25
1.843976e+02 3.549145e-25
1.848228e+02 3.547911e-25
1.852490e+02 3.546681e-25
1.856762e+02 3.545457e-25
1.861044e+02 3.544238e-25
1.865335e+02 3.543024e-25
1.869637e+02 3.541815e-25
1.873948e+02 3.540610e-25
1.878270e+02 3.539411e-25
1.882601e+02 3.538217e-25
1.886942e+02 3.537029e-25
1.891293e+02 3.535845e-25
1.895655e+02 3.534666e-25
1.900026e+02 3.533492e-25
1.904408e+02 3.532324e-25
1.908799e+02 3.531160e-25
1.913201e+02 3.530002e-25
1.917613e+02 3.528848e-25
1.922035e+02 3.527700e-25
1.926467e+02 3.526557e-25
1.930910e+02 3.525419e-25
1.935362e+02 3.524286e-25
1.939825e+02 3.523159e-25
1.944298e+02 3.522036e-25
1.948782e+02 3.520919e-25
1.953276e+02 3.519807e-25
1.957780e+02 3.518700e-25
1.962295e+02 3.517598e-25
1.966820e+02 3.516502e-25
1.971355e+02 3.515410e-25
1.975901e+02 3.514324e-25
1.980458e+02 3.513243e-25
1.985025e+02 3.512167e-25
1.989602e+02 3.511097e-25
1.994190e+02 3.510032e-25
1.998789e+02 3.508972e-25
2.003398e+02 3.507917e-25
2.008018e+02 3.506867e-25
2.012648e+02 3.505823e-25
2.017290e+02 3.504784e-25
2.021942e+02 3.503751e-25
2.026604e+02 3.502722e-25
2.031277e+02 3.501699e-25
2.035962e+02 3.500682e-25
2.040657e+02 3.499669e-25
2.045362e+02 3.498662e-25
2.050079e+02 3.497661e-25
2.054806e+02 3.496664e-25
2.059545e+02 3.495673e-25
2.064294e+02 3.494688e-25
2.069054e+02 3.493707e-25
2.073826e+02 3.492733e-25
2.078608e+02 3.491763e-25
2.083401e+02 3.490799e-25
2.088206e+02 3.489840e-25
2.093021e+02 3.488887e-25
2.097848e+02 3.487939e-25
2.102685e+02 3.486997e-25
2.107534e+02 3.486060e-25
2.112394e+02 3.485129e-25
2.117265e+02 3.484203e-25
2.122148e+02 3.483283e-25
2.127041e+02 3.482368e-25
2.131946e+02 3.481458e-25
2.136863e+02 3.480554e-25
2.141790e+02 3.479656e-25
2.146729e+02 3.478763e-25
2.151680e+02 3.477876e-25
2.156641e+02 3.476994e-25
2.161615e+02 3.476118e-25
2.166599e+02 3.475247e-25
2.171595e+02 3.474382e-25
2.176603e+02 3.473523e-25
2.181622e+02 3.472669e-25
2.186653e+02 3.471821e-25
2.191696e+02 3.470978e-25
2.196750e+02 3.470141e-25
2.201816e+02 3.469310e-25
2.206893e+02 3.468484e-25
2.211982e+02 3.467664e-25
2.217083e+02 3.466850e-25
2.222195e+02 3.466041e-25
2.227320e+02 3.465238e-25
2.232456e+02 3.464441e-25
2.237604e+02 3.463650e-25
2.242764e+02 3.462864e-25
2.247936e+02 3.462084e-25
2.253120e+02 3.461310e-25
2.258315e+02 3.460541e-25
2.263523e+02 3.459779e-25
2.268743e+02 3.459022e-25
2.273975e+02 3.458271e-25
2.279218e+02 3.457526e-25
2.284474e+02 3.456786e-25
2.289742e+02 3.456053e-25
2.295022e+02 3.455325e-25
2.300315e+02 3.454603e-25
2.305619e+02 3.453887e-25
2.310936e+02 3.453177e-25
2.316265e+02 3.452473e-25
2.321606e+02 3.451775e-25
2.326960e+02 3.451082e-25
2.332326e+02 3.450396e-25
2.337704e+02 3.449715e-25
2.343095e+02 3.449041e-25
2.348498e+02 3.448373e-25
2.353914e+02 3.447710e-25
2.359342e+02 3.447054e-25
2.364783e+02 3.446403e-25
2.370236e+02 3.445759e-25
2.375702e+02 3.445120e-25
2.381180e+02 3.444488e-25
2.386671e+02 3.443862e-25
2.392175e+02 3.443242e-25
2.397691e+02 3.442627e-25
2.403220e+02 3.442019e-25
2.408762e+02 3.441418e-25
2.414317e+02 3.440822e-25
2.419884e+02 3.440232e-25
2.425465e+02 3.439649e-25
2.431058e+02 3.439072e-25
2.436664e+02 3.438501e-25
2.442283e+02 3.437936e-25
2.447915e+02 3.437377e-25
2.453560e+02 3.436825e-25
2.459217e+02 3.436279e-25
2.464888e+02 3.435739e-25
2.470572e+02 3.435205e-25
2.476270e+02 3.434678e-25
2.481980e+02 3.434157e-25
2.487703e+02 3.433642e-25
2.493440e+02 3.433134e-25
2.499190e+02 3.432632e-25
2.504953e+02 3.432136e-25
2.510730e+02 3.431647e-25
2.516519e+02 3.431164e-25
2.522322e+02 3.430688e-25
2.528139e+02 3.430218e-25
2.533969e+02 3.429754e-25
2.539812e+02 3.429297e-25
2.545669e+02 3.428846e-25
2.551539e+02 3.428402e-25
2.557423e+02 3.427964e-25
2.563321e+02 3.427533e-25
2.569232e+02 3.427108e-25
2.575156e+02 3.426690e-25
2.581095e+02 3.426279e-25
2.587047e+02 3.425874e-25
2.593012e+02 3.425475e-25
2.598992e+02 3.425083e-25
2.604985e+02 3.424698e-25
2.610992e+02 3.424320e-25
2.617013e+02 3.423948e-25
2.623048e+02 3.423583e-25
2.629097e+02 3.423224e-25
2.635160e+02 3.422872e-25
2.641236e+02 3.422527e-25
2.647327e+02 3.422189e-25
2.653432e+02 3.421857e-25
2.659551e+02 3.421532e-25
2.665684e+02 3.421214e-25
2.671831e+02 3.420903e-25
2.677992e+02 3.420598e-25
2.684167e+02 3.420301e-25
2.690357e+02 3.420010e-25
2.696561e+02 3.419726e-25
2.702779e+02 3.419449e-25
2.709012e+02 3.419179e-25
2.715259e+02 3.418916e-25
2.721520e+02 3.418660e-25
2.727796e+02 3.418410e-25
2.734087e+02 3.418168e-25
2.740391e+02 3.417933e-25
2.746711e+02 3.417704e-25
2.753045e+02 3.417483e-25
2.759393e+02 3.417269e-25
2.765756e+02 3.417061e-25
2.772134e+02 3.416861e-25
2.778527e+02 3.416668e-25
2.784934e+02 3.416482e-25
2.791356e+02 3.416304e-25
2.797793e+02 3.416132e-25
2.804245e+02 3.415968e-25
2.810712e+02 3.415810e-25
2.817193e+02 3.415660e-25
2.823690e+02 3.415517e-25
2.830201e+02 3.415382e-25
2.836727e+02 3.415253e-25
2.843269e+02 3.415132e-25
2.849826e+02 3.415019e-25
2.856397e+02 3.414912e-25
2.862984e+02 3.414813e-25
2.869586e+02 3.414721e-25
2.876203e+02 3.414637e-25
2.882836e+02 3.414560e-25
2.889484e+02 3.414490e-25
2.896147e+02 3.414428e-25
2.902826e+02 3.414374e-25
2.909520e+02 3.414326e-25
2.916229e+02 3.414287e-25
2.922954e+02 3.414254e-25
2.929694e+02 3.414230e-25
2.936450e+02 3.414213e-25
2.943221e+02 3.414203e-25
2.950009e+02 3.414201e-25
2.956811e+02 3.414207e-25
2.963630e+02 3.414220e-25
2.970464e+02 3.414241e-25
2.977314e+02 3.414270e-25
2.984179e+02 3.414306e-25
2.991061e+02 3.414350e-25
2.997958e+02 3.414402e-25
3.004872e+02 3.414461e-25
3.011801e+02 3.414528e-25
3.018746e+02 3.414603e-25
3.025708e+02 3.414686e-25
3.032685e+02 3.414777e-25
3.039678e+02 3.414876e-25
3.046688e+02 3.414982e-25
3.053713e+02 3.415097e-25
3.060755e+02 3.415219e-25
3.067813e+02 3.415349e-25
3.074888e+02 3.415487e-25
3.081979e+02 3.415633e-25
3.089086e+02 3.415788e-25
3.096209e+02 3.415950e-25
3.103349e+02 3.416120e-25
3.110505e+02 3.416298e-25
3.117678e+02 3.416485e-25
3.124868e+02 3.416680e-25
3.132073e+02 3.416882e-25
3.139296e+02 3.417093e-25
3.146535e+02 3.417312e-25
3.153791e+02 3.417539e-25
3.161064e+02 3.417775e-25
3.168353e+02 3.418019e-25
3.175660e+02 3.418271e-25
3.182983e+02 3.418531e-25
3.190323e+02 3.418800e-25
3.197680e+02 3.419077e-25
3.205053e+02 3.419362e-25
3.212444e+02 3.419656e-25
3.219852e+02 3.419958e-25
3.227277e+02 3.420268e-25
3.234719e+02 3.420588e-25
3.242179e+02 3.420915e-25
3.249655e+02 3.421251e-25
3.257149e+02 3.421596e-25
3.264660e+02 3.421949e-25
3.272188e+02 3.422311e-25
3.279734e+02 3.422681e-25
3.287297e+02 3.423060e-25
3.294878e+02 3.423447e-25
3.302476e+02 3.423844e-25
3.310091e+02 3.424249e-25
3.317724e+02 3.424662e-25
3.325375e+02 3.425085e-25
3.333043e+02 3.425516e-25
3.340729e+02 3.425956e-25
3.348433e+02 3.426405e-25
3.356155e+02 3.426863e-25
3.363894e+02 3.427329e-25
3.371651e+02 3.427805e-25
3.379426e+02 3.428289e-25
3.387219e+02 3.428782e-25
3.395030e+02 3.429285e-25
3.402859e+02 3.429796e-25
3.410706e+02 3.430316e-25
3.418571e+02 3.430846e-25
3.426454e+02 3.431384e-25
3.434356e+02 3.431932e-25
3.442275e+02 3.432488e-25
3.450213e+02 3.433054e-25
3.458170e+02 3.433629e-25
3.466144e+02 3.434214e-25
3.474137e+02 3.434807e-25
3.482148e+02 3.435410e-25
3.490178e+02 3.436022e-25
3.498227e+02 3.436643e-25
3.506294e+02 3.437274e-25
3.514379e+02 3.437914e-25
3.522483e+02 3.438564e-25
3.530606e+02 3.439223e-25
3.538748e+02 3.439891e-25
3.546908e+02 3.440569e-25
3.555087e+02 3.441256e-25
3.563285e+02 3.441953e-25
3.571502e+02 3.442660e-25
3.579738e+02 3.443376e-25
3.587993e+02 3.444102e-25
3.596267e+02 3.444837e-25
3.604560e+02 3.445582e-25
3.612872e+02 3.446337e-25
3.621204e+02 3.447102e-25
3.629554e+02 3.447876e-25
3.637924e+02 3.448660e-25
3.646313e+02 3.449455e-25
3.654721e+02 3.450258e-25
3.663149e+02 3.451072e-25
3.671597e+02 3.451896e-25
3.680063e+02 3.452730e-25
3.688550e+02 3.453574e-25
3.697055e+02 3.454428e-25
3.705581e+02 3.455292e-25
3.714126e+02 3.456166e-25
3.722691e+02 3.457050e-25
3.731275e+02 3.457944e-25
3.739880e+02 3.458849e-25
3.748504e+02 3.459764e-25
3.757148e+02 3.460689e-25
3.765812e+02 3.461625e-25
3.774496e+02 3.462570e-25
3.783200e+02 3.463527e-25
3.791924e+02 3.464494e-25
3.800668e+02 3.465471e-25
3.809433e+02 3.466459e-25
3.818217e+02 3.467458e-25
3.827022e+02 3.468467e-25
3.835847e+02 3.469487e-25
3.844693e+02 3.470518e-25
3.853558e+02 3.471559e-25
3.862445e+02 3.472612e-25
3.871352e+02 3.473675e-25
3.880279e+02 3.474750e-25
3.889227e+02 3.475836e-25
3.898196e+02 3.476933e-25
3.907185e+02 3.478041e-25
3.916195e+02 3.479160e-25
3.925226e+02 3.480291e-25
3.934277e+02 3.481434e-25
3.943350e+02 3.482588e-25
3.952443e+02 3.483754e-25
3.961557e+02 3.484932e-25
3.970693e+02 3.486122e-25
3.979849e+02 3.487324e-25
3.989027e+02 3.488539e-25
3.998226e+02 3.489767e-25
4.007445e+02 3.491008e-25
4.016687e+02 3.492261e-25
4.025949e+02 3.493529e-25
4.035233e+02 3.494810e-25
4.044538e+02 3.496106e-25
4.053865e+02 3.497417e-25
4.063213e+02 3.498743e-25
4.072583e+02 3.500085e-25
4.081975e+02 3.501445e-25
4.091388e+02 3.502823e-25
4.100822e+02 3.504220e-25
4.110279e+02 3.505638e-25
4.119757e+02 3.507079e-25
4.129257e+02 3.508546e-25
4.138780e+02 3.510041e-25
4.148324e+02 3.511569e-25
4.157890e+02 3.513135e-25
4.167478e+02 3.514746e-25
4.177088e+02 3.516413e-25
4.186720e+02 3.518147e-25
4.196375e+02 3.519969e-25
4.206052e+02 3.521907e-25
4.215751e+02 3.524002e-25
4.225473e+02 3.526321e-25
4.235217e+02 3.528972e-25
4.244983e+02 3.532142e-25
4.254772e+02 3.536181e-25
4.264584e+02 3.541801e-25
4.274418e+02 3.550647e-25
4.284275e+02 3.567268e-25
4.294154e+02 3.608424e-25
4.304056e+02 3.781652e-25
4.313982e+02 8.879921e-25
4.323930e+02 4.055450e-25
4.333901e+02 3.646101e-25
4.343895e+02 3.584571e-25
4.353912e+02 3.565727e-25
4.363952e+02 3.558302e-25
4.374015e+02 3.555177e-25
4.384102e+02 3.554026e-25
4.394212e+02 3.553909e-25
4.404345e+02 3.554387e-25
4.414501e+02 3.555235e-25
4.424681e+02 3.556325e-25
4.434884e+02 3.557583e-25
4.445111e+02 3.558962e-25
4.455362e+02 3.560430e-25
4.465636e+02 3.561968e-25
4.475934e+02 3.563562e-25
4.486255e+02 3.565201e-25
4.496600e+02 3.566878e-25
4.506970e+02 3.568588e-25
4.517363e+02 3.570327e-25
4.527780e+02 3.572092e-25
4.538221e+02 3.573880e-25
4.548686e+02 3.575690e-25
4.559175e+02 3.577519e-25
4.569689e+02 3.579368e-25
4.580227e+02 3.581235e-25
4.590789e+02 3.583119e-25
4.601375e+02 3.585020e-25
4.611986e+02 3.586937e-25
4.622621e+02 3.588870e-25
4.633281e+02 3.590818e-25
4.643965e+02 3.592782e-25
4.654674e+02 3.594760e-25
4.665408e+02 3.596753e-25
4.676166e+02 3.598761e-25
4.686950e+02 3.600783e-25
4.697758e+02 3.602820e-25
4.708591e+02 3.604871e-25
4.719449e+02 3.606936e-25
4.730332e+02 3.609015e-25
4.741240e+02 3.611108e-25
4.752174e+02 3.613216e-25
4.763132e+02 3.615337e-25
4.774116e+02 3.617473e-25
4.785125e+02 3.619622e-25
4.796160e+02 3.621785e-25
4.807220e+02 3.623963e-25
4.818305e+02 3.626154e-25
4.829416e+02 3.628360e-25
4.840553e+02 3.630579e-25
4.851715e+02 3.632812e-25
4.862903e+02 3.635060e-25
4.874117e+02 3.637321e-25
4.885357e+02 3.639597e-25
4.896623e+02 3.641886e-25
4.907914e+02 3.644190e-25
4.919232e+02 3.646508e-25
4.930576e+02 3.648840e-25
4.941946e+02 3.651187e-25
4.953342e+02 3.653550e-25
4.964764e+02 3.655911e-25
4.976213e+02 3.658306e-25
4.987688e+02 3.660710e-25
4.999190e+02 3.663128e-25
5.010718e+02 3.665560e-25
5.022273e+02 3.668006e-25
5.033854e+02 3.670467e-25
5.045462e+02 3.672942e-25
5.057097e+02 3.675431e-25
5.068759e+02 3.677935e-25
5.080447e+02 3.680453e-25
5.092163e+02 3.682986e-25
5.103906e+02 3.685534e-25
5.115675e+02 3.688096e-25
5.127472e+02 3.690673e-25
5.139296e+02 3.693264e-25
5.151147e+02 3.695871e-25
5.163026e+02 3.698492e-25
5.174932e+02 3.701128e-25
5.186865e+02 3.703778e-25
5.198826e+02 3.706444e-25
5.210815e+02 3.709125e-25
5.222831e+02 3.711820e-25
5.234875e+02 3.714531e-25
5.246946e+02 3.717256e-25
5.259046e+02 3.719997e-25
5.271173e+02 3.722752e-25
5.283329e+02 3.725523e-25
5.295512e+02 3.728309e-25
5.307724e+02 3.731110e-25
5.319963e+02 3.733927e-25
5.332231e+02 3.736759e-25
5.344527e+02 3.739606e-25
5.356852e+02 3.742468e-25
5.369205e+02 3.745346e-25
5.381586e+02 3.748240e-25
5.393996e+02 3.751148e-25
5.406435e+02 3.754073e-25
5.418902e+02 3.757013e-25
5.431398e+02 3.759968e-25
5.443923e+02 3.762939e-25
5.456477e+02 3.765926e-25
5.469059e+02 3.768929e-25
5.481671e+02 3.771947e-25
5.494312e+02 3.774981e-25
5.506982e+02 3.778031e-25
5.519681e+02 3.781097e-25
5.532409e+02 3.784179e-25
5.545167e+02 3.787276e-25
5.557954e+02 3.790390e-25
5.570771e+02 3.793520e-25
5.583617e+02 3.796666e-25
5.596493e+02 3.799828e-25
5.609399e+02 3.803006e-25
5.622334e+02 3.806200e-25
5.635299e+02 3.809411e-25
5.648294e+02 3.812638e-25
5.661319e+02 3.815881e-25
5.674374e+02 3.819140e-25
5.687459e+02 3.822416e-25
5.700575e+02 3.825709e-25
5.713720e+02 3.829017e-25
5.726896e+02 3.832343e-25
5.740102e+02 3.835685e-25
5.753339e+02 3.839043e-25
5.766606e+02 3.842418e-25
5.779904e+02 3.845810e-25
5.793233e+02 3.849219e-25
5.806592e+02 3.852644e-25
5.819982e+02 3.856087e-25
5.833403e+02 3.859546e-25
5.846855e+02 3.863022e-25
5.860338e+02 3.866514e-25
5.873852e+02 3.870024e-25
5.887397e+02 3.873551e-25
5.900973e+02 3.877095e-25
5.914581e+02 3.880656e-25
5.928220e+02 3.884234e-25
5.941890e+02 3.887830e-25
5.955593e+02 3.891442e-25
5.969326e+02 3.895072e-25
5.983091e+02 3.898720e-25
5.996889e+02 3.902384e-25
6.010717e+02 3.906066e-25
6.024578e+02 3.909766e-25
6.038471e+02 3.913482e-25
6.052396e+02 3.917217e-25
6.066353e+02 3.920969e-25
6.080342e+02 3.924738e-25
6.094363e+02 3.928526e-25
6.108417e+02 3.932331e-25
6.122503e+02 3.936153e-25
6.136621e+02 3.939994e-25
6.150772e+02 3.943852e-25
6.164956e+02 3.947728e-25
6.179172e+02 3.951623e-25
6.193422e+02 3.955535e-25
6.207704e+02 3.959465e-25
6.222019e+02 3.963413e-25
6.236367e+02 3.967379e-25
6.250748e+02 3.971363e-25
6.265162e+02 3.975366e-25
6.279610e+02 3.979387e-25
6.294090e+02 3.983426e-25
6.308605e+02 3.987483e-25
6.323152e+02 3.991559e-25
6.337734e+02 3.995653e-25
6.352348e+02 3.999765e-25
6.366997e+02 4.003896e-25
6.381679e+02 4.008046e-25
6.396396e+02 4.012214e-25
6.411146e+02 4.016400e-25
6.425930e+02 4.020606e-25
6.440748e+02 4.024830e-25
6.455600e+02 4.029073e-25
6.470487e+02 4.033334e-25
6.485408e+02 4.037615e-25
6.500364e+02 4.041914e-25
6.515353e+02 4.046232e-25
6.530378e+02 4.050569e-25
6.545437e+02 4.054926e-25
6.560531e+02 4.059301e-25
6.575659e+02 4.063695e-25
6.590823e+02 4.068109e-25
6.606021e+02 4.072542e-25
6.621255e+02 4.076994e-25
6.636524e+02 4.081465e-25
6.651828e+02 4.085956e-25
6.667167e+02 4.090466e-25
6.682541e+02 4.094995e-25
6.697951e+02 4.099544e-25
6.713397e+02 4.104112e-25
6.728878e+02 4.108700e-25
6.744395e+02 4.113308e-25
6.759947e+02 4.117935e-25
6.775536e+02 4.122582e-25
6.791160e+02 4.127249e-25
6.806821e+02 4.131935e-25
6.822517e+02 4.136642e-25
6.838250e+02 4.141368e-25
6.854019e+02 4.146114e-25
6.869825e+02 4.150880e-25
6.885666e+02 4.155666e-25
6.901545e+02 4.160473e-25
6.917460e+02 4.165299e-25
6.933412e+02 4.170145e-25
6.949400e+02 4.175012e-25
6.965425e+02 4.179899e-25
6.981488e+02 4.184806e-25
6.997587e+02 4.189734e-25
7.013724e+02 4.194682e-25
7.029897e+02 4.199651e-25
7.046108e+02 4.204639e-25
7.062357e+02 4.209649e-25
7.078643e+02 4.214679e-25
7.094966e+02 4.219730e-25
7.111327e+02 4.224801e-25
7.127726e+02 4.229894e-25
7.144162e+02 4.235006e-25
7.160637e+02 4.240140e-25
7.177149e+02 4.245295e-25
7.193700e+02 4.250471e-25
7.210289e+02 4.255667e-25
7.226916e+02 4.260885e-25
7.243581e+02 4.266123e-25
7.260285e+02 4.271383e-25
7.277027e+02 4.276664e-25
7.293808e+02 4.281966e-25
7.310627e+02 4.287290e-25
7.327486e+02 4.292634e-25
7.344383e+02 4.298001e-25
7.361319e+02 4.303388e-25
7.378294e+02 4.308797e-25
7.395309e+02 4.314228e-25
7.412363e+02 4.319680e-25
7.429455e+02 4.325153e-25
7.446588e+02 4.330649e-25
7.463760e+02 4.336166e-25
7.480971e+02 4.341705e-25
7.498222e+02 4.347265e-25
7.515513e+02 4.352848e-25
7.532844e+02 4.358452e-25
7.550215e+02 4.364079e-25
7.567626e+02 4.369727e-25
7.585077e+02 4.375397e-25
7.602568e+02 4.381090e-25
7.620100e+02 4.386805e-25
7.637672e+02 4.392542e-25
7.655284e+02 4.398301e-25
7.672937e+02 4.404082e-25
7.690631e+02 4.409886e-25
7.708366e+02 4.415713e-25
7.726141e+02 4.421562e-25
7.743958e+02 4.427433e-25
7.761816e+02 4.433327e-25
7.779714e+02 4.439244e-25
7.797654e+02 4.445183e-25
7.815636e+02 4.451145e-25
7.833659e+02 4.457130e-25
7.851723e+02 4.463138e-25
7.869829e+02 4.469169e-25
7.887977e+02 4.475223e-25
7.906167e+02 4.481299e-25
7.924399e+02 4.487399e-25
7.942672e+02 4.493523e-25
7.960988e+02 4.499669e-25
7.979346e+02 4.505839e-25
7.997747e+02 4.512032e-25
8.016190e+02 4.518248e-25
8.034675e+02 4.524489e-25
8.053203e+02 4.530753e-25
8.071774e+02 4.537040e-25
8.090387e+02 4.543352e-25
8.109044e+02 4.549687e-25
8.127744e+02 4.556047e-25
8.146486e+02 4.562431e-25
8.165272e+02 4.568840e-25
8.184101e+02 4.575273e-25
8.202974e+02 4.581732e-25
8.221890e+02 4.588216e-25
8.240850e+02 4.594726e-25
8.259853e+02 4.601263e-25
8.278900e+02 4.607828e-25
8.297992e+02 4.614423e-25
8.317127e+02 4.621050e-25
8.336306e+02 4.627712e-25
8.355530e+02 4.634416e-25
8.374798e+02 4.641173e-25
8.394110e+02 4.648004e-25
8.413467e+02 4.654957e-25
8.432868e+02 4.662147e-25
8.452315e+02 4.669935e-25
8.471806e+02 4.679990e-25
8.491342e+02 4.711970e-25
8.510923e+02 4.891777e-25
8.530549e+02 4.704578e-25
8.550221e+02 4.704850e-25
8.569938e+02 4.710206e-25
8.589700e+02 4.716549e-25
8.609508e+02 4.723223e-25
8.629361e+02 4.730051e-25
8.649261e+02 4.736965e-25
8.669206e+02 4.743939e-25
8.689197e+02 4.750957e-25
8.709235e+02 4.758014e-25
8.729318e+02 4.765104e-25
8.749448e+02 4.772225e-25
8.769624e+02 4.779375e-25
8.789847e+02 4.786554e-25
8.810117e+02 4.793760e-25
8.830433e+02 4.800994e-25
8.850796e+02 4.808254e-25
8.871206e+02 4.815541e-25
8.891663e+02 4.822855e-25
8.912167e+02 4.830195e-25
8.932719e+02 4.837561e-25
8.953318e+02 4.844954e-25
8.973964e+02 4.852373e-25
8.994658e+02 4.859818e-25
9.015400e+02 4.867290e-25
9.036189e+02 4.874788e-25
9.057027e+02 4.882313e-25
9.077913e+02 4.889863e-25
9.098846e+02 4.897441e-25
9.119828e+02 4.905045e-25
9.140859e+02 4.912675e-25
9.161938e+02 4.920332e-25
9.183065e+02 4.928015e-25
9.204241e+02 4.935725e-25
9.225466e+02 4.943462e-25
9.246740e+02 4.951226e-25
9.268063e+02 4.959017e-25
9.289436e+02 4.966834e-25
9.310857e+02 4.974679e-25
9.332328e+02 4.982550e-25
9.353848e+02 4.990449e-25
9.375419e+02 4.998374e-25
9.397038e+02 5.006327e-25
9.418708e+02 5.014307e-25
9.440428e+02 5.022315e-25
9.462197e+02 5.030349e-25
9.484017e+02 5.038411e-25
9.505887e+02 5.046501e-25
9.527808e+02 5.054618e-25
9.549779e+02 5.062763e-25
9.571801e+02 5.070936e-25
9.593874e+02 5.079136e-25
9.615997e+02 5.087364e-25
9.638172e+02 5.095619e-25
9.660398e+02 5.103903e-25
9.682674e+02 5.112215e-25
9.705003e+02 5.120555e-25
9.727383e+02 5.128922e-25
9.749814e+02 5.137318e-25
9.772297e+02 5.145743e-25
9.794832e+02 5.154195e-25
9.817419e+02 5.162676e-25
9.840058e+02 5.171185e-25
9.862749e+02 5.179723e-25
9.885493e+02 5.188289e-25
9.908289e+02 5.196884e-25
9.931138e+02 5.205508e-25
9.954039e+02 5.214160e-25
9.976993e+02 5.222841e-25
