1.000000e+00 4.456561e-17
1.002306e+00 4.633447e-17
1.004617e+00 4.822452e-17
1.006934e+00 5.024345e-17
1.009256e+00 5.239952e-17
1.011583e+00 5.485165e-17
1.013916e+00 5.746851e-17
1.016254e+00 6.019770e-17
1.018598e+00 6.297553e-17
1.020947e+00 6.564834e-17
1.023301e+00 6.864845e-17
1.025661e+00 7.183307e-17
1.028026e+00 7.503024e-17
1.030396e+00 7.728870e-17
1.032773e+00 7.836481e-17
1.035154e+00 7.849514e-17
1.037541e+00 7.796011e-17
1.039934e+00 7.692547e-17
1.042332e+00 7.566587e-17
1.044735e+00 7.420969e-17
1.047145e+00 7.258555e-17
1.049559e+00 6.953977e-17
1.051980e+00 6.582339e-17
1.054406e+00 6.179736e-17
1.056837e+00 5.776714e-17
1.059274e+00 5.426547e-17
1.061717e+00 5.101977e-17
1.064165e+00 4.796111e-17
1.066619e+00 4.503387e-17
1.069079e+00 4.231146e-17
1.071544e+00 3.983257e-17
1.074015e+00 3.756769e-17
1.076492e+00 3.549120e-17
1.078974e+00 3.358199e-17
1.081462e+00 3.181416e-17
1.083956e+00 3.017869e-17
1.086456e+00 2.866712e-17
1.088961e+00 2.728544e-17
1.091472e+00 2.600011e-17
1.093989e+00 2.480301e-17
1.096512e+00 2.368678e-17
1.099040e+00 2.265576e-17
1.101575e+00 2.169104e-17
1.104115e+00 2.078739e-17
1.106661e+00 1.994006e-17
1.109213e+00 1.915199e-17
1.111771e+00 1.840944e-17
1.114335e+00 1.770924e-17
1.116904e+00 1.704838e-17
1.119480e+00 1.643028e-17
1.122062e+00 1.584526e-17
1.124649e+00 1.529087e-17
1.127242e+00 1.476490e-17
1.129842e+00 1.426938e-17
1.132447e+00 1.379850e-17
1.135059e+00 1.335063e-17
1.137676e+00 1.292426e-17
1.140300e+00 1.252076e-17
1.142929e+00 1.213565e-17
1.145565e+00 1.176833e-17
1.148207e+00 1.141871e-17
1.150854e+00 1.109102e-17
1.153508e+00 1.080551e-17
1.156168e+00 4.551406e-17
1.158834e+00 1.020946e-17
1.161507e+00 9.889835e-18
1.164185e+00 9.613318e-18
1.166870e+00 9.351957e-18
1.169560e+00 9.101877e-18
1.172257e+00 8.863035e-18
1.174961e+00 8.633376e-18
1.177670e+00 8.412339e-18
1.180386e+00 8.199450e-18
1.183108e+00 7.995292e-18
1.185836e+00 7.798268e-18
1.188571e+00 7.608105e-18
1.191312e+00 7.424547e-18
1.194059e+00 7.248157e-18
1.196812e+00 7.077633e-18
1.199572e+00 6.912712e-18
1.202338e+00 6.753142e-18
1.205111e+00 6.599494e-18
1.207890e+00 6.450744e-18
1.210675e+00 6.306678e-18
1.213467e+00 6.167094e-18
1.216265e+00 6.032361e-18
1.219070e+00 5.901724e-18
1.221881e+00 5.775027e-18
1.224699e+00 5.652121e-18
1.227523e+00 5.533332e-18
1.230354e+00 5.417975e-18
1.233191e+00 5.305936e-18
1.236035e+00 5.197106e-18
1.238885e+00 5.091791e-18
1.241742e+00 4.989420e-18
1.244605e+00 4.889888e-18
1.247475e+00 4.793092e-18
1.250352e+00 4.699289e-18
1.253235e+00 4.608018e-18
1.256125e+00 4.519198e-18
1.259022e+00 4.432750e-18
1.261925e+00 4.348911e-18
1.264835e+00 4.267258e-18
1.267752e+00 4.187721e-18
1.270676e+00 4.110231e-18
1.273606e+00 4.035012e-18
1.276543e+00 3.961707e-18
1.279486e+00 3.890260e-18
1.282437e+00 3.820609e-18
1.285394e+00 3.752911e-18
1.288358e+00 3.686772e-18
1.291329e+00 3.622086e-18
1.294307e+00 3.558859e-18
1.297292e+00 3.497511e-18
1.300283e+00 3.437564e-18
1.303282e+00 3.378907e-18
1.306287e+00 3.321428e-18
1.309300e+00 3.265033e-18
1.312319e+00 3.209552e-18
1.315345e+00 3.154980e-18
1.318378e+00 3.101302e-18
1.321418e+00 3.048612e-18
1.324466e+00 2.996796e-18
1.327520e+00 2.945781e-18
1.330581e+00 2.895488e-18
1.333649e+00 2.845901e-18
1.336725e+00 2.796899e-18
1.339807e+00 2.748415e-18
1.342897e+00 2.701020e-18
1.345994e+00 2.654735e-18
1.349098e+00 2.608964e-18
1.352209e+00 2.563629e-18
1.355327e+00 2.518644e-18
1.358452e+00 2.474035e-18
1.361585e+00 2.429585e-18
1.364725e+00 2.385193e-18
1.367872e+00 2.340749e-18
1.371026e+00 2.296229e-18
1.374188e+00 2.251403e-18
1.377356e+00 2.206143e-18
1.380533e+00 2.160315e-18
1.383716e+00 2.113865e-18
1.386907e+00 2.066569e-18
1.390105e+00 2.018291e-18
1.393311e+00 1.971724e-18
1.396524e+00 1.924752e-18
1.399744e+00 1.877026e-18
1.402972e+00 1.828488e-18
1.406207e+00 1.779094e-18
1.409450e+00 1.728866e-18
1.412700e+00 1.677738e-18
1.415958e+00 1.625721e-18
1.419223e+00 1.572852e-18
1.422496e+00 1.519230e-18
1.425776e+00 1.464902e-18
1.429064e+00 1.409983e-18
1.432359e+00 1.354614e-18
1.435662e+00 1.298981e-18
1.438973e+00 1.243237e-18
1.442291e+00 1.188447e-18
1.445617e+00 1.137173e-18
1.448951e+00 1.086447e-18
1.452292e+00 1.036400e-18
1.455641e+00 9.871797e-19
1.458998e+00 9.389277e-19
1.462362e+00 8.917847e-19
1.465735e+00 8.458584e-19
1.469115e+00 8.012540e-19
1.472502e+00 7.580619e-19
1.475898e+00 7.163623e-19
1.479301e+00 6.762080e-19
1.482713e+00 6.376423e-19
1.486132e+00 6.006936e-19
1.489559e+00 5.653785e-19
1.492994e+00 5.316944e-19
1.496437e+00 5.006107e-19
1.499888e+00 4.719572e-19
1.503346e+00 4.446960e-19
1.506813e+00 4.187924e-19
1.510288e+00 3.942098e-19
1.513770e+00 3.709079e-19
1.517261e+00 3.488444e-19
1.520760e+00 3.279729e-19
1.524267e+00 3.082469e-19
1.527782e+00 2.896187e-19
1.531305e+00 2.720409e-19
1.534836e+00 2.554651e-19
1.538375e+00 2.398442e-19
1.541923e+00 2.251313e-19
1.545479e+00 2.112812e-19
1.549043e+00 1.982490e-19
1.552615e+00 1.864688e-19
1.556195e+00 1.754839e-19
1.559784e+00 1.651275e-19
1.563380e+00 1.553663e-19
1.566986e+00 1.461684e-19
1.570599e+00 1.375033e-19
1.574221e+00 1.293419e-19
1.577851e+00 1.216563e-19
1.581490e+00 1.144202e-19
1.585137e+00 1.076082e-19
1.588792e+00 1.011965e-19
1.592456e+00 9.516231e-20
1.596128e+00 8.948404e-20
1.599809e+00 8.414131e-20
1.603498e+00 7.911477e-20
1.607195e+00 7.440188e-20
1.610902e+00 7.013299e-20
1.614616e+00 6.610746e-20
1.618340e+00 6.231163e-20
1.622072e+00 5.873258e-20
1.625812e+00 5.535810e-20
1.629561e+00 5.217663e-20
1.633319e+00 4.917727e-20
1.637085e+00 4.634968e-20
1.640861e+00 4.368412e-20
1.644644e+00 4.117140e-20
1.648437e+00 3.880281e-20
1.652238e+00 3.657013e-20
1.656048e+00 3.446561e-20
1.659867e+00 3.248195e-20
1.663695e+00 3.061224e-20
1.667531e+00 2.887228e-20
1.671377e+00 2.726662e-20
1.675231e+00 2.575013e-20
1.679094e+00 2.431786e-20
1.682966e+00 2.296516e-20
1.686847e+00 2.168760e-20
1.690737e+00 2.048104e-20
1.694636e+00 1.934155e-20
1.698544e+00 1.826540e-20
1.702460e+00 1.724908e-20
1.706386e+00 1.628927e-20
1.710321e+00 1.538282e-20
1.714265e+00 1.452677e-20
1.718218e+00 1.371834e-20
1.722181e+00 1.295488e-20
1.726152e+00 1.223389e-20
1.730132e+00 1.156613e-20
1.734122e+00 1.094114e-20
1.738121e+00 1.034992e-20
1.742129e+00 9.790624e-21
1.746147e+00 9.261527e-21
1.750173e+00 8.761013e-21
1.754209e+00 8.287561e-21
1.758254e+00 7.839689e-21
1.762309e+00 7.416018e-21
1.766373e+00 7.015240e-21
1.770446e+00 6.636119e-21
1.774529e+00 6.277486e-21
1.778621e+00 5.938234e-21
1.782722e+00 5.617317e-21
1.786833e+00 5.313718e-21
1.790954e+00 5.026521e-21
1.795084e+00 4.761388e-21
1.799223e+00 4.510563e-21
1.803372e+00 4.272955e-21
1.807531e+00 4.047867e-21
1.811699e+00 3.834640e-21
1.815877e+00 3.632650e-21
1.820064e+00 3.441305e-21
1.824261e+00 3.260045e-21
1.828468e+00 3.088338e-21
1.832684e+00 2.925681e-21
1.836911e+00 2.771561e-21
1.841147e+00 2.625554e-21
1.845392e+00 2.487280e-21
1.849648e+00 2.356301e-21
1.853913e+00 2.232228e-21
1.858188e+00 2.115322e-21
1.862473e+00 2.006415e-21
1.866768e+00 1.903124e-21
1.871073e+00 1.805106e-21
1.875388e+00 1.712144e-21
1.879712e+00 1.624023e-21
1.884047e+00 1.540449e-21
1.888391e+00 1.461187e-21
1.892746e+00 1.386015e-21
1.897111e+00 1.314723e-21
1.901486e+00 1.247090e-21
1.905870e+00 1.182902e-21
1.910265e+00 1.122051e-21
1.914670e+00 1.064377e-21
1.919086e+00 1.009683e-21
1.923511e+00 9.578138e-22
1.927947e+00 9.091341e-22
1.932393e+00 8.633720e-22
1.936849e+00 8.199301e-22
1.941315e+00 7.786913e-22
1.945792e+00 7.394684e-22
1.950279e+00 7.022264e-22
1.954776e+00 6.669475e-22
1.959284e+00 6.334601e-22
1.963802e+00 6.016741e-22
1.968331e+00 5.715039e-22
1.972870e+00 5.428682e-22
1.977419e+00 5.156898e-22
1.981979e+00 4.898956e-22
1.986549e+00 4.654160e-22
1.991130e+00 4.421848e-22
1.995722e+00 4.200407e-22
2.000324e+00 3.993376e-22
2.004937e+00 3.801913e-22
2.009560e+00 3.619887e-22
2.014194e+00 3.446844e-22
2.018839e+00 3.282350e-22
2.023495e+00 3.125993e-22
2.028161e+00 2.977381e-22
2.032838e+00 2.836140e-22
2.037525e+00 2.701919e-22
2.042224e+00 2.574376e-22
2.046933e+00 2.453196e-22
2.051654e+00 2.338069e-22
2.056385e+00 2.228708e-22
2.061127e+00 2.123865e-22
2.065880e+00 2.023511e-22
2.070644e+00 1.929632e-22
2.075419e+00 1.841993e-22
2.080205e+00 1.758725e-22
2.085001e+00 1.679620e-22
2.089810e+00 1.604486e-22
2.094629e+00 1.533135e-22
2.099459e+00 1.465391e-22
2.104300e+00 1.401087e-22
2.109153e+00 1.340060e-22
2.114016e+00 1.282160e-22
2.118891e+00 1.227240e-22
2.123778e+00 1.175161e-22
2.128675e+00 1.124065e-22
2.133584e+00 1.075021e-22
2.138504e+00 1.030582e-22
2.143435e+00 9.884867e-23
2.148378e+00 9.488486e-23
2.153332e+00 9.116308e-23
2.158298e+00 8.763837e-23
2.163275e+00 8.430198e-23
2.168263e+00 8.114465e-23
2.173263e+00 7.815819e-23
2.178275e+00 7.533448e-23
2.183298e+00 7.266553e-23
2.188333e+00 6.986703e-23
2.193379e+00 6.729506e-23
2.198437e+00 6.503799e-23
2.203507e+00 6.290799e-23
2.208588e+00 6.089850e-23
2.213681e+00 5.900383e-23
2.218786e+00 5.721772e-23
2.223902e+00 5.553465e-23
2.229031e+00 5.396203e-23
2.234171e+00 5.243711e-23
2.239323e+00 5.074852e-23
2.244487e+00 4.929893e-23
2.249663e+00 4.805813e-23
2.254850e+00 4.688961e-23
2.260050e+00 4.578888e-23
2.265262e+00 4.475220e-23
2.270485e+00 4.377582e-23
2.275721e+00 4.285592e-23
2.280969e+00 4.198936e-23
2.286229e+00 4.101226e-23
2.291501e+00 3.995294e-23
2.296785e+00 3.921584e-23
2.302082e+00 3.852882e-23
2.307390e+00 3.788035e-23
2.312711e+00 3.727312e-23
2.318044e+00 3.669869e-23
2.323390e+00 3.615494e-23
2.328747e+00 3.563978e-23
2.334117e+00 3.511183e-23
2.339500e+00 3.438203e-23
2.344895e+00 3.383634e-23
2.350302e+00 3.341748e-23
2.355722e+00 3.301889e-23
2.361154e+00 3.263890e-23
2.366599e+00 3.227618e-23
2.372057e+00 3.192973e-23
2.377527e+00 3.159814e-23
2.383009e+00 3.128036e-23
2.388504e+00 3.097560e-23
2.394012e+00 3.068306e-23
2.399533e+00 3.040242e-23
2.405066e+00 3.013199e-23
2.410612e+00 2.977474e-23
2.416171e+00 2.929358e-23
2.421743e+00 2.903100e-23
2.427327e+00 2.879605e-23
2.432925e+00 2.856808e-23
2.438535e+00 2.816028e-23
2.444159e+00 2.783669e-23
2.449795e+00 2.762884e-23
2.455444e+00 2.742640e-23
2.461106e+00 2.714316e-23
2.466782e+00 2.678339e-23
2.472470e+00 2.659648e-23
2.478172e+00 2.641355e-23
2.483886e+00 2.623453e-23
2.489614e+00 2.605918e-23
2.495355e+00 2.588707e-23
2.501110e+00 2.568917e-23
2.506877e+00 2.537704e-23
2.512658e+00 2.517885e-23
2.518452e+00 2.501938e-23
2.524260e+00 2.486230e-23
2.530081e+00 2.470751e-23
2.535915e+00 2.468289e-23
2.541763e+00 2.483258e-23
2.547624e+00 2.451942e-23
2.553499e+00 2.422256e-23
2.559388e+00 2.394089e-23
2.565289e+00 2.367595e-23
2.571205e+00 2.350745e-23
2.577134e+00 2.336829e-23
2.583077e+00 2.323054e-23
2.589034e+00 2.309418e-23
2.595004e+00 2.295910e-23
2.600988e+00 2.282524e-23
2.606986e+00 2.269259e-23
2.612998e+00 2.256111e-23
2.619023e+00 2.239056e-23
2.625063e+00 2.216269e-23
2.631116e+00 2.203557e-23
2.637184e+00 2.190943e-23
2.643265e+00 2.178426e-23
2.649360e+00 2.166003e-23
2.655470e+00 2.153674e-23
2.661593e+00 2.141434e-23
2.667731e+00 2.129281e-23
2.673883e+00 2.117215e-23
2.680049e+00 2.105234e-23
2.686229e+00 2.093333e-23
2.692424e+00 2.081510e-23
2.698632e+00 2.069768e-23
2.704855e+00 2.058103e-23
2.711093e+00 2.046512e-23
2.717345e+00 2.034994e-23
2.723611e+00 2.023551e-23
2.729891e+00 2.012180e-23
2.736187e+00 2.000878e-23
2.742496e+00 1.988589e-23
2.748821e+00 1.969597e-23
2.755159e+00 1.957156e-23
2.761513e+00 1.946211e-23
2.767881e+00 1.935331e-23
2.774264e+00 1.924517e-23
2.780661e+00 1.913768e-23
2.787073e+00 1.903081e-23
2.793500e+00 1.892456e-23
2.799942e+00 1.881892e-23
2.806399e+00 1.871392e-23
2.812870e+00 1.860951e-23
2.819357e+00 1.850570e-23
2.825858e+00 1.840248e-23
2.832375e+00 1.829985e-23
2.838906e+00 1.814362e-23
2.845453e+00 1.801660e-23
2.852014e+00 1.791636e-23
2.858591e+00 1.781669e-23
2.865183e+00 1.771759e-23
2.871790e+00 1.761904e-23
2.878413e+00 1.752104e-23
2.885050e+00 1.742358e-23
2.891703e+00 1.732637e-23
2.898372e+00 1.717755e-23
2.905055e+00 1.706975e-23
2.911754e+00 1.697497e-23
2.918469e+00 1.688072e-23
2.925199e+00 1.678698e-23
2.931944e+00 1.669377e-23
2.938705e+00 1.660107e-23
2.945482e+00 1.650888e-23
2.952274e+00 1.641719e-23
2.959082e+00 1.632600e-23
2.965906e+00 1.623532e-23
2.972745e+00 1.614513e-23
2.979601e+00 1.605543e-23
2.986472e+00 1.594665e-23
2.993358e+00 1.582672e-23
3.000261e+00 1.573890e-23
3.007180e+00 1.565156e-23
3.014114e+00 1.556470e-23
3.021065e+00 1.547830e-23
3.028031e+00 1.539237e-23
3.035014e+00 1.530690e-23
3.042013e+00 1.522190e-23
3.049028e+00 1.513736e-23
3.056059e+00 1.502315e-23
3.063106e+00 1.492883e-23
3.070170e+00 1.484599e-23
3.077250e+00 1.476359e-23
3.084346e+00 1.468164e-23
3.091458e+00 1.460012e-23
3.098587e+00 1.451905e-23
3.105733e+00 1.443841e-23
3.112894e+00 1.437890e-23
3.120073e+00 1.430079e-23
3.127268e+00 1.419909e-23
3.134479e+00 1.412016e-23
3.141707e+00 1.404150e-23
3.148952e+00 1.393530e-23
3.156214e+00 1.387754e-23
3.163492e+00 1.380869e-23
3.170787e+00 1.373186e-23
3.178099e+00 1.364365e-23
3.185427e+00 1.354848e-23
3.192773e+00 1.347313e-23
3.200136e+00 1.339819e-23
3.207515e+00 1.332364e-23
3.214912e+00 1.324950e-23
3.222325e+00 1.317575e-23
3.229756e+00 1.310239e-23
3.237204e+00 1.302942e-23
3.244669e+00 1.295684e-23
3.252151e+00 1.288465e-23
3.259651e+00 1.281284e-23
3.267167e+00 1.273990e-23
3.274702e+00 1.264677e-23
3.282253e+00 1.257545e-23
3.289822e+00 1.250536e-23
3.297408e+00 1.243564e-23
3.305012e+00 1.236629e-23
3.312634e+00 1.229731e-23
3.320272e+00 1.222869e-23
3.327929e+00 1.216044e-23
3.335603e+00 1.209255e-23
3.343295e+00 1.202932e-23
3.351005e+00 1.198038e-23
3.358732e+00 1.191338e-23
3.366478e+00 1.184674e-23
3.374241e+00 1.178045e-23
3.382022e+00 1.171452e-23
3.389821e+00 1.164893e-23
3.397638e+00 1.158369e-23
3.405473e+00 1.151880e-23
3.413326e+00 1.145425e-23
3.421197e+00 1.139004e-23
3.429086e+00 1.132618e-23
3.436994e+00 1.126265e-23
3.444919e+00 1.119946e-23
3.452863e+00 1.113661e-23
3.460826e+00 1.107408e-23
3.468806e+00 1.100668e-23
3.476805e+00 1.093028e-23
3.484823e+00 1.086890e-23
3.492859e+00 1.080786e-23
3.500914e+00 1.074713e-23
3.508987e+00 1.068673e-23
3.517078e+00 1.062581e-23
3.525189e+00 1.055048e-23
3.533318e+00 1.049116e-23
3.541466e+00 1.043216e-23
3.549633e+00 1.037347e-23
3.557818e+00 1.030209e-23
3.566022e+00 1.024330e-23
3.574246e+00 1.018564e-23
3.582488e+00 1.012829e-23
3.590749e+00 1.007124e-23
3.599029e+00 1.002617e-23
3.607329e+00 9.971219e-24
3.615647e+00 9.903457e-24
3.623985e+00 9.846044e-24
3.632342e+00 9.801753e-24
3.640718e+00 9.736634e-24
3.649114e+00 9.680243e-24
3.657529e+00 9.625558e-24
3.665963e+00 9.571162e-24
3.674417e+00 9.507033e-24
3.682890e+00 9.452563e-24
3.691383e+00 9.399109e-24
3.699895e+00 9.345938e-24
3.708427e+00 9.293046e-24
3.716979e+00 9.240434e-24
3.725550e+00 9.188099e-24
3.734141e+00 9.136040e-24
3.742752e+00 9.084255e-24
3.751383e+00 9.032744e-24
3.760034e+00 8.981504e-24
3.768704e+00 8.930535e-24
3.777395e+00 8.879835e-24
3.786106e+00 8.829402e-24
3.794836e+00 8.779235e-24
3.803587e+00 8.729333e-24
3.812358e+00 8.679694e-24
3.821150e+00 8.630318e-24
3.829961e+00 8.581202e-24
3.838793e+00 8.532346e-24
3.847646e+00 8.477989e-24
3.856518e+00 8.427507e-24
3.865411e+00 8.379485e-24
3.874325e+00 8.331716e-24
3.883259e+00 8.284200e-24
3.892214e+00 8.236935e-24
3.901190e+00 8.189920e-24
3.910186e+00 8.143154e-24
3.919203e+00 8.096634e-24
3.928240e+00 8.050361e-24
3.937299e+00 8.004333e-24
3.946378e+00 7.958548e-24
3.955479e+00 7.913005e-24
3.964600e+00 7.867704e-24
3.973743e+00 7.822643e-24
3.982906e+00 7.777820e-24
3.992091e+00 7.733235e-24
4.001296e+00 7.688887e-24
4.010524e+00 7.644774e-24
4.019772e+00 7.600895e-24
4.029041e+00 7.557248e-24
4.038332e+00 7.513834e-24
4.047645e+00 7.470650e-24
4.056979e+00 7.427695e-24
4.066334e+00 7.384969e-24
4.075711e+00 7.342470e-24
4.085110e+00 7.300198e-24
4.094530e+00 7.258150e-24
4.103972e+00 7.216326e-24
4.113436e+00 7.174725e-24
4.122922e+00 7.133346e-24
4.132429e+00 7.092187e-24
4.141958e+00 7.051248e-24
4.151510e+00 7.010527e-24
4.161083e+00 6.970024e-24
4.170679e+00 6.929737e-24
4.180296e+00 6.886334e-24
4.189936e+00 6.844662e-24
4.199598e+00 6.805059e-24
4.209282e+00 6.765668e-24
4.218989e+00 6.726488e-24
4.228718e+00 6.689692e-24
4.238470e+00 6.653702e-24
4.248244e+00 6.619515e-24
4.258040e+00 6.576914e-24
4.267859e+00 6.538543e-24
4.277701e+00 6.500569e-24
4.287565e+00 6.460353e-24
4.297452e+00 6.420520e-24
4.307362e+00 6.383193e-24
4.317295e+00 6.350706e-24
4.327251e+00 6.313743e-24
4.337230e+00 6.276980e-24
4.347231e+00 6.240416e-24
4.357256e+00 6.204049e-24
4.367304e+00 6.167879e-24
4.377375e+00 6.131905e-24
4.387469e+00 6.096125e-24
4.397587e+00 6.060540e-24
4.407728e+00 6.025147e-24
4.417892e+00 5.989947e-24
4.428079e+00 5.954938e-24
4.438291e+00 5.920119e-24
4.448525e+00 5.885489e-24
4.458784e+00 5.851049e-24
4.469066e+00 5.818117e-24
4.479371e+00 5.787417e-24
4.489701e+00 5.757541e-24
4.500054e+00 5.725029e-24
4.510431e+00 5.685044e-24
4.520832e+00 5.646311e-24
4.531257e+00 5.611248e-24
4.541707e+00 5.578334e-24
4.552180e+00 5.549428e-24
4.562677e+00 5.514801e-24
4.573199e+00 5.480603e-24
4.583745e+00 5.448389e-24
4.594315e+00 5.416353e-24
4.604909e+00 5.384493e-24
4.615528e+00 5.352809e-24
4.626172e+00 5.324954e-24
4.636840e+00 5.293591e-24
4.647532e+00 5.262401e-24
4.658249e+00 5.231384e-24
4.668991e+00 5.197001e-24
4.679758e+00 5.168326e-24
4.690550e+00 5.136336e-24
4.701366e+00 5.105576e-24
4.712208e+00 5.075440e-24
4.723074e+00 5.045472e-24
4.733965e+00 5.015442e-24
4.744882e+00 4.983120e-24
4.755824e+00 4.957922e-24
4.766791e+00 4.938624e-24
4.777783e+00 4.903874e-24
4.788800e+00 4.872396e-24
4.799843e+00 4.843559e-24
4.810912e+00 4.813876e-24
4.822006e+00 4.781416e-24
4.833126e+00 4.752137e-24
4.844271e+00 4.726707e-24
4.855442e+00 4.698699e-24
4.866638e+00 4.670850e-24
4.877861e+00 4.643158e-24
4.889109e+00 4.615624e-24
4.900384e+00 4.588246e-24
4.911684e+00 4.561025e-24
4.923010e+00 4.533958e-24
4.934363e+00 4.507395e-24
4.945741e+00 4.483191e-24
4.957146e+00 4.456563e-24
4.968578e+00 4.433369e-24
4.980035e+00 4.407019e-24
4.991519e+00 4.380821e-24
5.003030e+00 4.354773e-24
5.014567e+00 4.328875e-24
5.026130e+00 4.303127e-24
5.037721e+00 4.277527e-24
5.049338e+00 4.252075e-24
5.060981e+00 4.225773e-24
5.072652e+00 4.198557e-24
5.084350e+00 4.173569e-24
5.096074e+00 4.147322e-24
5.107826e+00 4.121430e-24
5.119605e+00 4.096896e-24
5.131410e+00 4.072505e-24
5.143243e+00 4.048256e-24
5.155104e+00 4.024149e-24
5.166991e+00 4.000183e-24
5.178907e+00 3.977495e-24
5.190849e+00 3.957665e-24
5.202819e+00 3.931563e-24
5.214817e+00 3.906240e-24
5.226842e+00 3.882445e-24
5.238896e+00 3.859311e-24
5.250977e+00 3.836314e-24
5.263085e+00 3.813452e-24
5.275222e+00 3.790786e-24
5.287387e+00 3.770440e-24
5.299580e+00 3.747964e-24
5.311800e+00 3.728226e-24
5.324049e+00 3.705995e-24
5.336327e+00 3.683897e-24
5.348632e+00 3.659794e-24
5.360966e+00 3.636864e-24
5.373329e+00 3.613708e-24
5.385720e+00 3.592171e-24
5.398139e+00 3.570763e-24
5.410587e+00 3.549484e-24
5.423064e+00 3.526913e-24
5.435570e+00 3.505487e-24
5.448104e+00 3.484606e-24
5.460668e+00 3.463851e-24
5.473260e+00 3.443222e-24
5.485881e+00 3.422718e-24
5.498532e+00 3.402340e-24
5.511212e+00 3.382086e-24
5.523920e+00 3.361957e-24
5.536659e+00 3.341951e-24
5.549426e+00 3.325438e-24
5.562223e+00 3.306131e-24
5.575050e+00 3.284329e-24
5.587906e+00 3.263162e-24
5.600792e+00 3.243771e-24
5.613707e+00 3.224502e-24
5.626652e+00 3.205355e-24
5.639627e+00 3.186330e-24
5.652632e+00 3.167426e-24
5.665668e+00 3.147436e-24
5.678733e+00 3.128627e-24
5.691828e+00 3.110124e-24
5.704953e+00 3.093025e-24
5.718109e+00 3.074728e-24
5.731295e+00 3.055554e-24
5.744511e+00 3.037196e-24
5.757758e+00 3.019274e-24
5.771036e+00 3.001472e-24
5.784344e+00 2.985059e-24
5.797682e+00 2.967490e-24
5.811052e+00 2.949628e-24
5.824452e+00 2.932632e-24
5.837883e+00 2.915512e-24
5.851346e+00 2.898430e-24
5.864839e+00 2.883752e-24
5.878363e+00 2.866344e-24
5.891919e+00 2.846735e-24
5.905506e+00 2.830154e-24
5.919124e+00 2.813695e-24
5.932773e+00 2.797359e-24
5.946454e+00 2.781146e-24
5.960167e+00 2.765056e-24
5.973911e+00 2.749090e-24
5.987687e+00 2.734361e-24
6.001495e+00 2.718632e-24
6.015334e+00 2.703026e-24
6.029206e+00 2.686988e-24
6.043109e+00 2.671110e-24
6.057044e+00 2.655884e-24
6.071012e+00 2.640782e-24
6.085012e+00 2.625802e-24
6.099044e+00 2.610946e-24
6.113108e+00 2.597241e-24
6.127205e+00 2.582621e-24
6.141335e+00 2.568123e-24
6.155496e+00 2.553747e-24
6.169691e+00 2.541098e-24
6.183918e+00 2.527609e-24
6.198179e+00 2.511347e-24
6.212472e+00 2.497455e-24
6.226798e+00 2.484784e-24
6.241157e+00 2.473641e-24
6.255549e+00 2.462736e-24
6.269974e+00 2.443079e-24
6.284433e+00 2.429655e-24
6.298925e+00 2.415680e-24
6.313450e+00 2.402623e-24
6.328009e+00 2.389681e-24
6.342601e+00 2.376853e-24
6.357228e+00 2.364140e-24
6.371887e+00 2.351540e-24
6.386581e+00 2.339053e-24
6.401308e+00 2.326677e-24
6.416070e+00 2.314412e-24
6.430865e+00 2.302257e-24
6.445695e+00 2.290211e-24
6.460559e+00 2.278274e-24
6.475457e+00 2.266444e-24
6.490389e+00 2.254721e-24
6.505356e+00 2.243617e-24
6.520358e+00 2.232394e-24
6.535394e+00 2.220978e-24
6.550464e+00 2.208876e-24
6.565570e+00 2.198348e-24
6.580710e+00 2.186570e-24
6.595885e+00 2.175567e-24
6.611095e+00 2.164664e-24
6.626341e+00 2.153859e-24
6.641621e+00 2.143894e-24
6.656937e+00 2.133280e-24
6.672288e+00 2.122758e-24
6.687674e+00 2.113165e-24
6.703096e+00 2.101994e-24
6.718553e+00 2.091751e-24
6.734046e+00 2.080892e-24
6.749575e+00 2.070838e-24
6.765140e+00 2.060872e-24
6.780740e+00 2.050995e-24
6.796376e+00 2.041205e-24
6.812049e+00 2.031501e-24
6.827758e+00 2.021882e-24
6.843502e+00 2.012347e-24
6.859284e+00 2.002894e-24
6.875101e+00 1.993524e-24
6.890955e+00 1.984234e-24
6.906846e+00 1.975024e-24
6.922773e+00 1.965484e-24
6.938737e+00 1.956291e-24
6.954738e+00 1.947317e-24
6.970775e+00 1.938678e-24
6.986850e+00 1.930125e-24
7.002962e+00 1.921368e-24
7.019111e+00 1.912683e-24
7.035297e+00 1.904068e-24
7.051520e+00 1.895626e-24
7.067781e+00 1.887626e-24
7.084080e+00 1.879209e-24
7.100415e+00 1.870830e-24
7.116789e+00 1.862008e-24
7.133200e+00 1.853791e-24
7.149650e+00 1.846216e-24
7.166137e+00 1.837542e-24
7.182662e+00 1.829508e-24
7.199225e+00 1.821533e-24
7.215827e+00 1.813616e-24
7.232466e+00 1.805341e-24
7.249145e+00 1.797494e-24
7.265861e+00 1.789747e-24
7.282616e+00 1.782054e-24
7.299410e+00 1.774412e-24
7.316243e+00 1.766822e-24
7.333114e+00 1.759281e-24
7.350024e+00 1.751790e-24
7.366973e+00 1.744347e-24
7.383962e+00 1.736981e-24
7.400989e+00 1.730018e-24
7.418056e+00 1.722709e-24
7.435162e+00 1.715035e-24
7.452307e+00 1.707818e-24
7.469493e+00 1.700643e-24
7.486717e+00 1.693511e-24
7.503982e+00 1.686420e-24
7.521286e+00 1.679370e-24
7.538630e+00 1.672143e-24
7.556014e+00 1.665055e-24
7.573438e+00 1.658126e-24
7.590903e+00 1.651235e-24
7.608407e+00 1.644382e-24
7.625953e+00 1.637566e-24
7.643538e+00 1.630788e-24
7.661164e+00 1.624046e-24
7.678831e+00 1.617341e-24
7.696538e+00 1.610671e-24
7.714287e+00 1.604038e-24
7.732076e+00 1.597441e-24
7.749906e+00 1.590880e-24
7.767777e+00 1.584355e-24
7.785690e+00 1.577866e-24
7.803644e+00 1.571537e-24
7.821639e+00 1.565284e-24
7.839676e+00 1.559228e-24
7.857754e+00 1.552554e-24
7.875874e+00 1.546214e-24
7.894036e+00 1.539695e-24
7.912240e+00 1.533463e-24
7.930485e+00 1.527268e-24
7.948773e+00 1.521112e-24
7.967103e+00 1.514995e-24
7.985475e+00 1.508917e-24
8.003890e+00 1.502878e-24
8.022347e+00 1.496880e-24
8.040846e+00 1.490923e-24
8.059389e+00 1.485007e-24
8.077974e+00 1.479133e-24
8.096602e+00 1.473302e-24
8.115272e+00 1.467514e-24
8.133986e+00 1.461770e-24
8.152743e+00 1.456071e-24
8.171544e+00 1.450416e-24
8.190387e+00 1.444808e-24
8.209274e+00 1.439480e-24
8.228205e+00 1.433963e-24
8.247179e+00 1.428494e-24
8.266197e+00 1.423074e-24
8.285259e+00 1.417703e-24
8.304365e+00 1.412514e-24
8.323515e+00 1.409876e-24
8.342709e+00 1.405513e-24
8.361947e+00 1.396974e-24
8.381230e+00 1.391857e-24
8.400557e+00 1.386793e-24
8.419929e+00 1.382059e-24
8.439346e+00 1.376828e-24
8.458807e+00 1.371928e-24
8.478313e+00 1.367084e-24
8.497864e+00 1.362295e-24
8.517460e+00 1.357564e-24
8.537101e+00 1.352889e-24
8.556788e+00 1.348529e-24
8.576520e+00 1.344205e-24
8.596298e+00 1.339326e-24
8.616121e+00 1.334575e-24
8.635989e+00 1.330184e-24
8.655904e+00 1.325867e-24
8.675865e+00 1.321611e-24
8.695871e+00 1.317417e-24
8.715924e+00 1.313122e-24
8.736023e+00 1.309038e-24
8.756168e+00 1.305033e-24
8.776360e+00 1.301265e-24
8.796599e+00 1.297283e-24
8.816884e+00 1.293567e-24
8.837215e+00 1.289822e-24
8.857594e+00 1.285988e-24
8.878020e+00 1.282523e-24
8.898493e+00 1.278973e-24
8.919012e+00 1.275492e-24
8.939580e+00 1.271960e-24
8.960195e+00 1.268614e-24
8.980857e+00 1.265354e-24
9.001567e+00 1.262264e-24
9.022324e+00 1.259135e-24
9.043130e+00 1.256081e-24
9.063984e+00 1.253101e-24
9.084885e+00 1.250197e-24
9.105835e+00 1.247371e-24
9.126833e+00 1.244623e-24
9.147880e+00 1.241956e-24
9.168975e+00 1.239370e-24
9.190118e+00 1.236868e-24
9.211311e+00 1.234506e-24
9.232552e+00 1.232277e-24
9.253843e+00 1.230303e-24
9.275182e+00 1.228494e-24
9.296571e+00 1.226524e-24
9.318009e+00 1.224209e-24
9.339496e+00 1.222125e-24
9.361033e+00 1.220162e-24
9.382620e+00 1.218326e-24
9.404256e+00 1.216699e-24
9.425942e+00 1.215154e-24
9.447679e+00 1.213593e-24
9.469465e+00 1.212336e-24
9.491302e+00 1.211019e-24
9.513189e+00 1.209754e-24
9.535126e+00 1.208528e-24
9.557114e+00 1.207326e-24
9.579153e+00 1.206132e-24
9.601243e+00 1.204927e-24
9.623383e+00 1.203692e-24
9.645575e+00 1.202407e-24
9.667817e+00 1.201055e-24
9.690112e+00 1.199620e-24
9.712457e+00 1.198088e-24
9.734854e+00 1.196342e-24
9.757303e+00 1.194685e-24
9.779803e+00 1.192837e-24
9.802355e+00 1.190836e-24
9.824960e+00 1.188693e-24
9.847616e+00 1.186635e-24
9.870325e+00 1.184398e-24
9.893086e+00 1.182194e-24
9.915899e+00 1.179759e-24
9.938766e+00 1.177388e-24
9.961684e+00 1.175002e-24
9.984656e+00 1.172616e-24
1.000768e+01 1.170248e-24
1.003076e+01 1.167797e-24
1.005389e+01 1.165475e-24
1.007707e+01 1.163190e-24
1.010031e+01 1.160948e-24
1.012360e+01 1.158752e-24
1.014695e+01 1.156606e-24
1.017035e+01 1.154511e-24
1.019380e+01 1.152468e-24
1.021731e+01 1.150478e-24
1.024087e+01 1.148539e-24
1.026448e+01 1.146652e-24
1.028815e+01 1.144815e-24
1.031188e+01 1.143027e-24
1.033566e+01 1.141222e-24
1.035949e+01 1.139528e-24
1.038338e+01 1.137877e-24
1.040732e+01 1.136531e-24
1.043132e+01 1.134786e-24
1.045538e+01 1.133209e-24
1.047949e+01 1.131737e-24
1.050365e+01 1.130278e-24
1.052788e+01 1.128853e-24
1.055215e+01 1.127404e-24
1.057649e+01 1.126096e-24
1.060088e+01 1.124761e-24
1.062532e+01 1.123401e-24
1.064982e+01 1.122120e-24
1.067438e+01 1.120864e-24
1.069900e+01 1.119631e-24
1.072367e+01 1.118420e-24
1.074840e+01 1.117230e-24
1.077318e+01 1.116060e-24
1.079803e+01 1.114909e-24
1.082293e+01 1.113822e-24
1.084789e+01 1.112669e-24
1.087290e+01 1.111556e-24
1.089797e+01 1.110469e-24
1.092311e+01 1.109397e-24
1.094829e+01 1.108307e-24
1.097354e+01 1.107252e-24
1.099885e+01 1.106249e-24
1.102421e+01 1.105193e-24
1.104963e+01 1.104179e-24
1.107511e+01 1.103175e-24
1.110065e+01 1.102182e-24
1.112625e+01 1.101192e-24
1.115191e+01 1.100212e-24
1.117762e+01 1.099239e-24
1.120340e+01 1.098272e-24
1.122923e+01 1.097311e-24
1.125513e+01 1.096356e-24
1.128108e+01 1.095405e-24
1.130710e+01 1.094459e-24
1.133317e+01 1.093516e-24
1.135931e+01 1.092577e-24
1.138550e+01 1.091641e-24
1.141176e+01 1.090707e-24
1.143807e+01 1.089761e-24
1.146445e+01 1.088846e-24
1.149088e+01 1.087895e-24
1.151738e+01 1.086965e-24
1.154394e+01 1.086038e-24
1.157056e+01 1.085111e-24
1.159724e+01 1.084184e-24
1.162399e+01 1.083257e-24
1.165079e+01 1.082329e-24
1.167766e+01 1.081399e-24
1.170459e+01 1.080490e-24
1.173158e+01 1.079557e-24
1.175863e+01 1.078622e-24
1.178575e+01 1.077685e-24
1.181293e+01 1.076745e-24
1.184017e+01 1.075782e-24
1.186747e+01 1.074836e-24
1.189484e+01 1.073907e-24
1.192227e+01 1.072954e-24
1.194976e+01 1.071998e-24
1.197731e+01 1.071059e-24
1.200493e+01 1.070118e-24
1.203262e+01 1.069124e-24
1.206037e+01 1.068129e-24
1.208818e+01 1.067150e-24
1.211605e+01 1.066166e-24
1.214399e+01 1.065177e-24
1.217200e+01 1.064183e-24
1.220006e+01 1.063183e-24
1.222820e+01 1.062167e-24
1.225640e+01 1.061166e-24
1.228466e+01 1.060149e-24
1.231299e+01 1.059152e-24
1.234138e+01 1.058095e-24
1.236984e+01 1.057059e-24
1.239837e+01 1.056016e-24
1.242696e+01 1.054993e-24
1.245561e+01 1.054121e-24
1.248434e+01 1.053018e-24
1.251313e+01 1.051802e-24
1.254198e+01 1.050701e-24
1.257090e+01 1.049617e-24
1.259989e+01 1.048526e-24
1.262895e+01 1.047427e-24
1.265807e+01 1.046321e-24
1.268726e+01 1.045208e-24
1.271652e+01 1.044087e-24
1.274584e+01 1.042958e-24
1.277523e+01 1.041822e-24
1.280469e+01 1.040679e-24
1.283422e+01 1.039527e-24
1.286382e+01 1.038368e-24
1.289348e+01 1.037201e-24
1.292321e+01 1.036026e-24
1.295301e+01 1.034843e-24
1.298288e+01 1.033653e-24
1.301282e+01 1.032454e-24
1.304283e+01 1.031248e-24
1.307291e+01 1.030034e-24
1.310305e+01 1.028812e-24
1.313327e+01 1.027582e-24
1.316355e+01 1.026344e-24
1.319391e+01 1.025109e-24
1.322433e+01 1.023855e-24
1.325483e+01 1.022594e-24
1.328539e+01 1.021324e-24
1.331603e+01 1.020046e-24
1.334674e+01 1.018761e-24
1.337752e+01 1.017468e-24
1.340836e+01 1.016167e-24
1.343928e+01 1.014858e-24
1.347027e+01 1.013542e-24
1.350134e+01 1.012228e-24
1.353247e+01 1.010886e-24
1.356368e+01 1.009547e-24
1.359496e+01 1.008201e-24
1.362631e+01 1.006847e-24
1.365773e+01 1.005486e-24
1.368922e+01 1.004117e-24
1.372079e+01 1.002741e-24
1.375243e+01 1.001358e-24
1.378414e+01 9.999685e-25
1.381593e+01 9.985715e-25
1.384779e+01 9.971677e-25
1.387972e+01 9.957571e-25
1.391173e+01 9.943398e-25
1.394381e+01 9.929158e-25
1.397596e+01 9.914853e-25
1.400819e+01 9.900484e-25
1.404050e+01 9.886052e-25
1.407287e+01 9.871558e-25
1.410533e+01 9.857003e-25
1.413785e+01 9.842387e-25
1.417045e+01 9.827713e-25
1.420313e+01 9.812982e-25
1.423588e+01 9.798194e-25
1.426871e+01 9.783351e-25
1.430162e+01 9.768455e-25
1.433460e+01 9.753506e-25
1.436765e+01 9.738506e-25
1.440078e+01 9.723456e-25
1.443399e+01 9.708357e-25
1.446728e+01 9.693212e-25
1.450064e+01 9.678022e-25
1.453408e+01 9.662861e-25
1.456759e+01 9.647510e-25
1.460119e+01 9.632192e-25
1.463486e+01 9.616835e-25
1.466860e+01 9.601440e-25
1.470243e+01 9.586009e-25
1.473633e+01 9.570544e-25
1.477032e+01 9.555046e-25
1.480438e+01 9.539517e-25
1.483852e+01 9.523958e-25
1.487273e+01 9.508372e-25
1.490703e+01 9.492714e-25
1.494141e+01 9.477123e-25
1.497586e+01 9.461467e-25
1.501040e+01 9.445789e-25
1.504501e+01 9.430092e-25
1.507970e+01 9.414379e-25
1.511448e+01 9.398652e-25
1.514933e+01 9.382912e-25
1.518427e+01 9.367113e-25
1.521928e+01 9.351354e-25
1.525438e+01 9.335589e-25
1.528955e+01 9.319819e-25
1.532481e+01 9.304047e-25
1.536015e+01 9.288275e-25
1.539557e+01 9.272504e-25
1.543107e+01 9.256781e-25
1.546666e+01 9.241020e-25
1.550232e+01 9.225254e-25
1.553807e+01 9.209481e-25
1.557390e+01 9.193788e-25
1.560982e+01 9.178037e-25
1.564581e+01 9.162339e-25
1.568189e+01 9.146660e-25
1.571805e+01 9.131003e-25
1.575430e+01 9.115370e-25
1.579063e+01 9.099762e-25
1.582704e+01 9.084184e-25
1.586354e+01 9.068636e-25
1.590012e+01 9.053121e-25
1.593679e+01 9.037642e-25
1.597354e+01 9.022200e-25
1.601037e+01 9.006799e-25
1.604729e+01 8.991440e-25
1.608430e+01 8.976126e-25
1.612139e+01 8.960860e-25
1.615857e+01 8.945643e-25
1.619583e+01 8.930479e-25
1.623317e+01 8.915369e-25
1.627061e+01 8.900316e-25
1.630813e+01 8.885322e-25
1.634574e+01 8.870391e-25
1.638343e+01 8.855523e-25
1.642121e+01 8.840722e-25
1.645908e+01 8.825991e-25
1.649703e+01 8.811330e-25
1.653507e+01 8.796739e-25
1.657320e+01 8.782209e-25
1.661142e+01 8.767803e-25
1.664973e+01 8.753585e-25
1.668812e+01 8.739213e-25
1.672661e+01 8.725005e-25
1.676518e+01 8.710889e-25
1.680384e+01 8.696887e-25
1.684259e+01 8.682978e-25
1.688143e+01 8.669164e-25
1.692035e+01 8.655447e-25
1.695937e+01 8.641830e-25
1.699848e+01 8.628315e-25
1.703768e+01 8.614905e-25
1.707697e+01 8.601600e-25
1.711635e+01 8.588404e-25
1.715582e+01 8.575319e-25
1.719538e+01 8.562347e-25
1.723503e+01 8.549489e-25
1.727478e+01 8.536749e-25
1.731461e+01 8.524127e-25
1.735454e+01 8.511626e-25
1.739456e+01 8.499249e-25
1.743467e+01 8.486996e-25
1.747488e+01 8.474870e-25
1.751517e+01 8.462873e-25
1.755556e+01 8.451006e-25
1.759605e+01 8.439271e-25
1.763662e+01 8.427670e-25
1.767729e+01 8.416205e-25
1.771806e+01 8.404876e-25
1.775892e+01 8.393687e-25
1.779987e+01 8.382638e-25
1.784092e+01 8.371731e-25
1.788206e+01 8.360967e-25
1.792329e+01 8.350347e-25
1.796462e+01 8.339874e-25
1.800605e+01 8.329548e-25
1.804757e+01 8.319370e-25
1.808919e+01 8.309343e-25
1.813090e+01 8.299466e-25
1.817271e+01 8.289741e-25
1.821462e+01 8.280169e-25
1.825662e+01 8.270751e-25
1.829872e+01 8.261488e-25
1.834092e+01 8.252394e-25
1.838322e+01 8.243443e-25
1.842561e+01 8.234650e-25
1.846810e+01 8.226015e-25
1.851068e+01 8.217538e-25
1.855337e+01 8.209222e-25
1.859615e+01 8.201065e-25
1.863904e+01 8.193068e-25
1.868202e+01 8.185233e-25
1.872510e+01 8.177559e-25
1.876828e+01 8.170048e-25
1.881156e+01 8.162698e-25
1.885494e+01 8.155510e-25
1.889842e+01 8.148486e-25
1.894200e+01 8.141624e-25
1.898568e+01 8.134925e-25
1.902946e+01 8.128389e-25
1.907334e+01 8.122016e-25
1.911733e+01 8.115806e-25
1.916141e+01 8.109760e-25
1.920560e+01 8.103876e-25
1.924989e+01 8.098155e-25
1.929428e+01 8.092596e-25
1.933877e+01 8.087200e-25
1.938336e+01 8.081965e-25
1.942806e+01 8.076893e-25
1.947286e+01 8.071981e-25
1.951777e+01 8.067230e-25
1.956278e+01 8.062639e-25
1.960789e+01 8.058207e-25
1.965310e+01 8.053935e-25
1.969842e+01 8.049820e-25
1.974385e+01 8.045863e-25
1.978938e+01 8.042063e-25
1.983501e+01 8.038418e-25
1.988075e+01 8.034927e-25
1.992660e+01 8.031590e-25
1.997255e+01 8.028406e-25
2.001861e+01 8.025372e-25
2.006477e+01 8.022489e-25
2.011104e+01 8.019754e-25
2.015741e+01 8.017165e-25
2.020390e+01 8.014722e-25
2.025049e+01 8.012423e-25
2.029719e+01 8.010265e-25
2.034399e+01 8.008248e-25
2.039090e+01 8.006368e-25
2.043793e+01 8.004625e-25
2.048506e+01 8.003015e-25
2.053229e+01 8.001536e-25
2.057964e+01 8.000186e-25
2.062710e+01 7.998963e-25
2.067466e+01 7.997863e-25
2.072234e+01 7.996884e-25
2.077013e+01 7.996023e-25
2.081802e+01 7.995278e-25
2.086603e+01 7.994643e-25
2.091415e+01 7.994117e-25
2.096237e+01 7.993696e-25
2.101071e+01 7.993377e-25
2.105916e+01 7.993155e-25
2.110773e+01 7.993028e-25
2.115640e+01 7.992990e-25
2.120519e+01 7.993039e-25
2.125409e+01 7.993170e-25
2.130310e+01 7.993378e-25
2.135223e+01 7.993659e-25
2.140146e+01 7.994010e-25
2.145082e+01 7.994425e-25
2.150028e+01 7.994899e-25
2.154986e+01 7.995428e-25
2.159956e+01 7.996007e-25
2.164936e+01 7.996631e-25
2.169929e+01 7.997294e-25
2.174933e+01 7.997993e-25
2.179948e+01 7.998722e-25
2.184975e+01 7.999474e-25
2.190014e+01 8.000246e-25
2.195064e+01 8.001032e-25
2.200126e+01 8.001827e-25
2.205199e+01 8.002624e-25
2.210284e+01 8.003419e-25
2.215381e+01 8.004206e-25
2.220490e+01 8.004980e-25
2.225610e+01 8.005735e-25
2.230743e+01 8.006467e-25
2.235887e+01 8.007168e-25
2.241043e+01 8.007835e-25
2.246211e+01 8.008461e-25
2.251390e+01 8.009041e-25
2.256582e+01 8.009571e-25
2.261786e+01 8.010044e-25
2.267002e+01 8.010456e-25
2.272229e+01 8.010801e-25
2.277469e+01 8.011075e-25
2.282721e+01 8.011274e-25
2.287985e+01 8.011389e-25
2.293261e+01 8.011417e-25
2.298549e+01 8.011359e-25
2.303850e+01 8.011202e-25
2.309162e+01 8.010946e-25
2.314487e+01 8.010585e-25
2.319825e+01 8.010116e-25
2.325174e+01 8.009534e-25
2.330536e+01 8.008836e-25
2.335910e+01 8.008017e-25
2.341297e+01 8.007075e-25
2.346696e+01 8.006005e-25
2.352107e+01 8.004804e-25
2.357531e+01 8.003470e-25
2.362968e+01 8.001998e-25
2.368417e+01 8.000386e-25
2.373878e+01 7.998631e-25
2.379353e+01 7.996731e-25
2.384839e+01 7.994684e-25
2.390339e+01 7.992489e-25
2.395851e+01 7.990135e-25
2.401376e+01 7.987634e-25
2.406914e+01 7.984974e-25
2.412464e+01 7.982152e-25
2.418027e+01 7.979175e-25
2.423603e+01 7.976037e-25
2.429192e+01 7.972738e-25
2.434794e+01 7.969275e-25
2.440408e+01 7.965650e-25
2.446036e+01 7.961860e-25
2.451676e+01 7.957905e-25
2.457330e+01 7.953786e-25
2.462997e+01 7.949503e-25
2.468676e+01 7.945052e-25
2.474369e+01 7.940436e-25
2.480075e+01 7.935654e-25
2.485794e+01 7.930707e-25
2.491526e+01 7.925594e-25
2.497272e+01 7.920318e-25
2.503031e+01 7.914878e-25
2.508803e+01 7.909276e-25
2.514588e+01 7.903510e-25
2.520387e+01 7.897584e-25
2.526199e+01 7.891500e-25
2.532024e+01 7.885253e-25
2.537863e+01 7.878855e-25
2.543715e+01 7.872298e-25
2.549581e+01 7.865586e-25
2.555460e+01 7.858721e-25
2.561353e+01 7.851705e-25
2.567260e+01 7.844540e-25
2.573180e+01 7.837227e-25
2.579114e+01 7.829768e-25
2.585061e+01 7.822165e-25
2.591022e+01 7.814420e-25
2.596997e+01 7.806535e-25
2.602986e+01 7.798513e-25
2.608988e+01 7.790355e-25
2.615005e+01 7.782063e-25
2.621035e+01 7.773641e-25
2.627079e+01 7.765089e-25
2.633137e+01 7.756411e-25
2.639209e+01 7.747609e-25
2.645295e+01 7.738685e-25
2.651395e+01 7.729642e-25
2.657509e+01 7.720481e-25
2.663638e+01 7.711206e-25
2.669780e+01 7.701820e-25
2.675937e+01 7.692323e-25
2.682107e+01 7.682720e-25
2.688292e+01 7.673012e-25
2.694492e+01 7.663203e-25
2.700705e+01 7.653293e-25
2.706933e+01 7.643287e-25
2.713175e+01 7.633186e-25
2.719432e+01 7.622994e-25
2.725703e+01 7.612712e-25
2.731988e+01 7.602343e-25
2.738288e+01 7.591890e-25
2.744603e+01 7.581354e-25
2.750932e+01 7.570740e-25
2.757275e+01 7.560048e-25
2.763634e+01 7.549282e-25
2.770007e+01 7.538443e-25
2.776394e+01 7.527535e-25
2.782797e+01 7.516560e-25
2.789214e+01 7.505519e-25
2.795646e+01 7.494416e-25
2.802093e+01 7.483253e-25
2.808554e+01 7.472031e-25
2.815031e+01 7.460754e-25
2.821522e+01 7.449423e-25
2.828029e+01 7.438041e-25
2.834550e+01 7.426610e-25
2.841087e+01 7.415132e-25
2.847638e+01 7.403609e-25
2.854205e+01 7.392044e-25
2.860787e+01 7.380440e-25
2.867384e+01 7.368795e-25
2.873996e+01 7.357114e-25
2.880623e+01 7.345398e-25
2.887266e+01 7.333650e-25
2.893924e+01 7.321870e-25
2.900598e+01 7.310062e-25
2.907286e+01 7.298227e-25
2.913991e+01 7.286367e-25
2.920710e+01 7.274483e-25
2.927446e+01 7.262578e-25
2.934196e+01 7.250653e-25
2.940963e+01 7.238710e-25
2.947744e+01 7.226750e-25
2.954542e+01 7.214775e-25
2.961355e+01 7.202787e-25
2.968184e+01 7.190787e-25
2.975029e+01 7.178777e-25
2.981889e+01 7.166758e-25
2.988765e+01 7.154732e-25
2.995658e+01 7.142701e-25
3.002566e+01 7.130665e-25
3.009489e+01 7.118625e-25
3.016429e+01 7.106585e-25
3.023385e+01 7.094543e-25
3.030357e+01 7.082503e-25
3.037345e+01 7.070465e-25
3.044349e+01 7.058430e-25
3.051370e+01 7.046400e-25
3.058406e+01 7.034376e-25
3.065459e+01 7.022359e-25
3.072528e+01 7.010349e-25
3.079613e+01 6.998349e-25
3.086715e+01 6.986359e-25
3.093833e+01 6.974381e-25
3.100967e+01 6.962414e-25
3.108118e+01 6.950461e-25
3.115285e+01 6.938521e-25
3.122469e+01 6.926597e-25
3.129670e+01 6.914689e-25
3.136887e+01 6.902798e-25
3.144120e+01 6.890924e-25
3.151371e+01 6.879069e-25
3.158638e+01 6.867234e-25
3.165922e+01 6.855418e-25
3.173222e+01 6.843623e-25
3.180540e+01 6.831850e-25
3.187874e+01 6.820100e-25
3.195225e+01 6.808372e-25
3.202594e+01 6.796668e-25
3.209979e+01 6.784989e-25
3.217381e+01 6.773334e-25
3.224800e+01 6.761707e-25
3.232237e+01 6.750104e-25
3.239690e+01 6.738528e-25
3.247161e+01 6.726979e-25
3.254649e+01 6.715459e-25
3.262154e+01 6.703966e-25
3.269677e+01 6.692503e-25
3.277217e+01 6.681069e-25
3.284774e+01 6.669665e-25
3.292349e+01 6.658291e-25
3.299941e+01 6.646948e-25
3.307551e+01 6.635636e-25
3.315178e+01 6.624356e-25
3.322823e+01 6.613107e-25
3.330485e+01 6.601891e-25
3.338165e+01 6.590708e-25
3.345863e+01 6.579557e-25
3.353579e+01 6.568440e-25
3.361312e+01 6.557357e-25
3.369063e+01 6.546308e-25
3.376832e+01 6.535293e-25
3.384619e+01 6.524312e-25
3.392424e+01 6.513366e-25
3.400247e+01 6.502455e-25
3.408088e+01 6.491580e-25
3.415947e+01 6.480740e-25
3.423825e+01 6.469936e-25
3.431720e+01 6.459168e-25
3.439634e+01 6.448436e-25
3.447565e+01 6.437740e-25
3.455515e+01 6.427081e-25
3.463484e+01 6.416459e-25
3.471471e+01 6.405873e-25
3.479476e+01 6.395324e-25
3.487500e+01 6.384813e-25
3.495542e+01 6.374338e-25
3.503603e+01 6.363901e-25
3.511682e+01 6.353502e-25
3.519780e+01 6.343140e-25
3.527897e+01 6.332815e-25
3.536032e+01 6.322529e-25
3.544186e+01 6.312280e-25
3.552359e+01 6.302069e-25
3.560551e+01 6.291896e-25
3.568761e+01 6.281761e-25
3.576991e+01 6.271664e-25
3.585240e+01 6.261605e-25
3.593507e+01 6.251586e-25
3.601794e+01 6.241603e-25
3.610100e+01 6.231659e-25
3.618424e+01 6.221753e-25
3.626769e+01 6.211884e-25
3.635132e+01 6.202055e-25
3.643515e+01 6.192263e-25
3.651917e+01 6.182509e-25
3.660338e+01 6.172794e-25
3.668779e+01 6.163117e-25
3.677239e+01 6.153478e-25
3.685719e+01 6.143877e-25
3.694218e+01 6.134314e-25
3.702737e+01 6.124789e-25
3.711275e+01 6.115302e-25
3.719834e+01 6.105853e-25
3.728412e+01 6.096442e-25
3.737009e+01 6.087069e-25
3.745627e+01 6.077733e-25
3.754264e+01 6.068435e-25
3.762922e+01 6.059175e-25
3.771599e+01 6.049953e-25
3.780296e+01 6.040767e-25
3.789014e+01 6.031620e-25
3.797751e+01 6.022509e-25
3.806509e+01 6.013436e-25
3.815287e+01 6.004400e-25
3.824085e+01 5.995401e-25
3.832903e+01 5.986439e-25
3.841742e+01 5.977514e-25
3.850601e+01 5.968625e-25
3.859480e+01 5.959774e-25
3.868380e+01 5.950960e-25
3.877301e+01 5.942180e-25
3.886242e+01 5.933438e-25
3.895204e+01 5.924733e-25
3.904186e+01 5.916063e-25
3.913189e+01 5.907430e-25
3.922213e+01 5.898833e-25
3.931258e+01 5.890271e-25
3.940323e+01 5.881746e-25
3.949410e+01 5.873258e-25
3.958517e+01 5.864806e-25
3.967645e+01 5.856393e-25
3.976795e+01 5.848023e-25
3.985965e+01 5.839710e-25
3.995157e+01 5.831536e-25
4.004370e+01 5.825395e-25
4.013604e+01 5.815899e-25
4.022859e+01 5.806731e-25
4.032136e+01 5.798455e-25
4.041434e+01 5.790284e-25
4.050754e+01 5.782163e-25
4.060095e+01 5.774081e-25
4.069457e+01 5.766036e-25
4.078842e+01 5.758026e-25
4.088247e+01 5.750050e-25
4.097675e+01 5.742107e-25
4.107124e+01 5.734198e-25
4.116595e+01 5.726323e-25
4.126088e+01 5.718480e-25
4.135603e+01 5.710670e-25
4.145140e+01 5.702893e-25
4.154698e+01 5.695148e-25
4.164279e+01 5.687436e-25
4.173882e+01 5.679756e-25
4.183507e+01 5.672107e-25
4.193154e+01 5.664491e-25
4.202824e+01 5.656906e-25
4.212516e+01 5.649353e-25
4.222230e+01 5.641831e-25
4.231966e+01 5.634341e-25
4.241725e+01 5.626881e-25
4.251507e+01 5.619453e-25
4.261311e+01 5.612055e-25
4.271137e+01 5.604688e-25
4.280986e+01 5.597351e-25
4.290858e+01 5.590044e-25
4.300753e+01 5.582768e-25
4.310671e+01 5.575522e-25
4.320611e+01 5.568305e-25
4.330575e+01 5.561119e-25
4.340561e+01 5.553962e-25
4.350570e+01 5.546834e-25
4.360603e+01 5.539735e-25
4.370658e+01 5.532666e-25
4.380737e+01 5.525625e-25
4.390839e+01 5.518613e-25
4.400964e+01 5.511630e-25
4.411113e+01 5.504675e-25
4.421285e+01 5.497748e-25
4.431481e+01 5.490850e-25
4.441700e+01 5.483980e-25
4.451942e+01 5.477137e-25
4.462208e+01 5.470322e-25
4.472498e+01 5.463535e-25
4.482812e+01 5.456775e-25
4.493149e+01 5.450042e-25
4.503511e+01 5.443337e-25
4.513896e+01 5.436658e-25
4.524305e+01 5.430006e-25
4.534738e+01 5.423381e-25
4.545195e+01 5.416782e-25
4.555676e+01 5.410210e-25
4.566182e+01 5.403663e-25
4.576711e+01 5.397143e-25
4.587265e+01 5.390649e-25
4.597843e+01 5.384180e-25
4.608446e+01 5.377737e-25
4.619073e+01 5.371320e-25
4.629725e+01 5.364927e-25
4.640401e+01 5.358560e-25
4.651102e+01 5.352218e-25
4.661827e+01 5.345901e-25
4.672578e+01 5.339608e-25
4.683353e+01 5.333340e-25
4.694152e+01 5.327097e-25
4.704977e+01 5.320878e-25
4.715827e+01 5.314683e-25
4.726702e+01 5.308511e-25
4.737601e+01 5.302364e-25
4.748526e+01 5.296241e-25
4.759476e+01 5.290141e-25
4.770452e+01 5.284065e-25
4.781453e+01 5.278011e-25
4.792479e+01 5.271981e-25
4.803530e+01 5.265975e-25
4.814607e+01 5.259991e-25
4.825710e+01 5.254029e-25
4.836838e+01 5.248091e-25
4.847992e+01 5.242175e-25
4.859171e+01 5.236281e-25
4.870376e+01 5.230409e-25
4.881607e+01 5.224560e-25
4.892864e+01 5.218732e-25
4.904147e+01 5.212927e-25
4.915456e+01 5.207143e-25
4.926792e+01 5.201380e-25
4.938153e+01 5.195640e-25
4.949540e+01 5.189920e-25
4.960954e+01 5.184222e-25
4.972394e+01 5.178544e-25
4.983860e+01 5.172888e-25
4.995353e+01 5.167252e-25
5.006872e+01 5.161637e-25
5.018418e+01 5.156043e-25
5.029991e+01 5.150469e-25
5.041590e+01 5.144915e-25
5.053216e+01 5.139382e-25
5.064869e+01 5.133869e-25
5.076548e+01 5.128375e-25
5.088255e+01 5.122902e-25
5.099988e+01 5.117448e-25
5.111749e+01 5.112013e-25
5.123537e+01 5.106599e-25
5.135352e+01 5.101203e-25
5.147194e+01 5.095827e-25
5.159063e+01 5.090470e-25
5.170960e+01 5.085132e-25
5.182884e+01 5.079813e-25
5.194836e+01 5.074512e-25
5.206816e+01 5.069231e-25
5.218822e+01 5.063967e-25
5.230857e+01 5.058723e-25
5.242920e+01 5.053496e-25
5.255010e+01 5.048288e-25
5.267128e+01 5.043098e-25
5.279274e+01 5.037926e-25
5.291448e+01 5.032772e-25
5.303650e+01 5.027635e-25
5.315880e+01 5.022517e-25
5.328139e+01 5.017415e-25
5.340425e+01 5.012332e-25
5.352741e+01 5.007265e-25
5.365084e+01 5.002216e-25
5.377456e+01 4.997184e-25
5.389856e+01 4.992170e-25
5.402285e+01 4.987172e-25
5.414743e+01 4.982191e-25
5.427230e+01 4.977226e-25
5.439745e+01 4.972279e-25
5.452289e+01 4.967348e-25
5.464862e+01 4.962433e-25
5.477464e+01 4.957535e-25
5.490095e+01 4.952653e-25
5.502755e+01 4.947787e-25
5.515445e+01 4.942937e-25
5.528163e+01 4.938103e-25
5.540911e+01 4.933285e-25
5.553689e+01 4.928483e-25
5.566495e+01 4.923696e-25
5.579332e+01 4.918926e-25
5.592198e+01 4.914170e-25
5.605093e+01 4.909430e-25
5.618019e+01 4.904706e-25
5.630974e+01 4.899996e-25
5.643959e+01 4.895300e-25
5.656974e+01 4.890624e-25
5.670019e+01 4.885959e-25
5.683094e+01 4.881310e-25
5.696200e+01 4.876676e-25
5.709335e+01 4.872057e-25
5.722501e+01 4.867454e-25
5.735697e+01 4.862867e-25
5.748923e+01 4.858304e-25
5.762181e+01 4.853821e-25
5.775468e+01 4.850643e-25
5.788786e+01 4.844689e-25
5.802135e+01 4.840133e-25
5.815515e+01 4.835620e-25
5.828926e+01 4.831125e-25
5.842367e+01 4.826646e-25
5.855840e+01 4.822182e-25
5.869344e+01 4.817731e-25
5.882878e+01 4.813295e-25
5.896444e+01 4.808872e-25
5.910041e+01 4.804462e-25
5.923670e+01 4.800066e-25
5.937330e+01 4.795683e-25
5.951022e+01 4.791314e-25
5.964745e+01 4.786958e-25
5.978500e+01 4.782614e-25
5.992286e+01 4.778284e-25
6.006104e+01 4.773967e-25
6.019954e+01 4.769663e-25
6.033836e+01 4.765371e-25
6.047750e+01 4.761093e-25
6.061697e+01 4.756827e-25
6.075675e+01 4.752573e-25
6.089686e+01 4.748332e-25
6.103728e+01 4.744104e-25
6.117804e+01 4.739888e-25
6.131911e+01 4.735684e-25
6.146052e+01 4.731493e-25
6.160224e+01 4.727313e-25
6.174430e+01 4.723146e-25
6.188668e+01 4.718991e-25
6.202939e+01 4.714848e-25
6.217243e+01 4.710717e-25
6.231580e+01 4.706597e-25
6.245950e+01 4.702490e-25
6.260354e+01 4.698394e-25
6.274790e+01 4.694310e-25
6.289260e+01 4.690237e-25
6.303763e+01 4.686176e-25
6.318299e+01 4.682127e-25
6.332869e+01 4.678088e-25
6.347473e+01 4.674062e-25
6.362110e+01 4.670046e-25
6.376781e+01 4.666042e-25
6.391486e+01 4.662049e-25
6.406225e+01 4.658067e-25
6.420998e+01 4.654096e-25
6.435805e+01 4.650136e-25
6.450646e+01 4.646187e-25
6.465521e+01 4.642249e-25
6.480431e+01 4.638322e-25
6.495375e+01 4.634405e-25
6.510353e+01 4.630500e-25
6.525366e+01 4.626605e-25
6.540413e+01 4.622720e-25
6.555496e+01 4.618846e-25
6.570613e+01 4.614983e-25
6.585765e+01 4.611130e-25
6.600951e+01 4.607287e-25
6.616173e+01 4.603455e-25
6.631430e+01 4.599633e-25
6.646722e+01 4.595821e-25
6.662050e+01 4.592020e-25
6.677412e+01 4.588228e-25
6.692811e+01 4.584447e-25
6.708244e+01 4.580676e-25
6.723714e+01 4.576914e-25
6.739218e+01 4.573163e-25
6.754759e+01 4.569421e-25
6.770336e+01 4.565690e-25
6.785948e+01 4.561968e-25
6.801597e+01 4.558256e-25
6.817281e+01 4.554553e-25
6.833002e+01 4.550861e-25
6.848759e+01 4.547177e-25
6.864552e+01 4.543504e-25
6.880382e+01 4.539840e-25
6.896248e+01 4.536185e-25
6.912151e+01 4.532540e-25
6.928090e+01 4.528904e-25
6.944067e+01 4.525277e-25
6.960080e+01 4.521660e-25
6.976130e+01 4.518052e-25
6.992217e+01 4.514453e-25
7.008341e+01 4.510863e-25
7.024502e+01 4.507283e-25
7.040701e+01 4.503711e-25
7.056936e+01 4.500148e-25
7.073210e+01 4.496595e-25
7.089521e+01 4.493050e-25
7.105869e+01 4.489515e-25
7.122255e+01 4.485988e-25
7.138679e+01 4.482470e-25
7.155141e+01 4.478961e-25
7.171641e+01 4.475460e-25
7.188179e+01 4.471968e-25
7.204755e+01 4.468485e-25
7.221369e+01 4.465011e-25
7.238022e+01 4.461545e-25
7.254713e+01 4.458087e-25
7.271442e+01 4.454638e-25
7.288210e+01 4.451198e-25
7.305017e+01 4.447766e-25
7.321862e+01 4.444342e-25
7.338746e+01 4.440927e-25
7.355669e+01 4.437520e-25
7.372632e+01 4.434122e-25
7.389633e+01 4.430731e-25
7.406674e+01 4.427349e-25
7.423753e+01 4.423975e-25
7.440873e+01 4.420609e-25
7.458031e+01 4.417252e-25
7.475230e+01 4.413902e-25
7.492468e+01 4.410560e-25
7.509745e+01 4.407227e-25
7.527063e+01 4.403901e-25
7.544420e+01 4.400584e-25
7.561818e+01 4.397274e-25
7.579255e+01 4.393972e-25
7.596733e+01 4.390678e-25
7.614251e+01 4.387392e-25
7.631810e+01 4.384113e-25
7.649409e+01 4.380843e-25
7.667048e+01 4.377580e-25
7.684729e+01 4.374325e-25
7.702450e+01 4.371077e-25
7.720212e+01 4.367837e-25
7.738015e+01 4.364605e-25
7.755858e+01 4.361380e-25
7.773744e+01 4.358163e-25
7.791670e+01 4.354953e-25
7.809638e+01 4.351750e-25
7.827647e+01 4.348556e-25
7.845697e+01 4.345368e-25
7.863789e+01 4.342188e-25
7.881923e+01 4.339016e-25
7.900099e+01 4.335850e-25
7.918317e+01 4.332692e-25
7.936577e+01 4.329542e-25
7.954878e+01 4.326398e-25
7.973222e+01 4.323262e-25
7.991609e+01 4.320133e-25
8.010037e+01 4.317011e-25
8.028509e+01 4.313896e-25
8.047022e+01 4.310789e-25
8.065579e+01 4.307688e-25
8.084178e+01 4.304595e-25
8.102820e+01 4.301508e-25
8.121506e+01 4.298429e-25
8.140234e+01 4.295357e-25
8.159005e+01 4.292291e-25
8.177820e+01 4.289233e-25
8.196678e+01 4.286181e-25
8.215580e+01 4.283136e-25
8.234525e+01 4.280099e-25
8.253514e+01 4.277068e-25
8.272546e+01 4.274044e-25
8.291623e+01 4.271026e-25
8.310744e+01 4.268016e-25
8.329908e+01 4.265012e-25
8.349117e+01 4.262015e-25
8.368370e+01 4.259025e-25
8.387668e+01 4.256041e-25
8.407010e+01 4.253064e-25
8.426396e+01 4.250094e-25
8.445828e+01 4.247130e-25
8.465304e+01 4.244173e-25
8.484825e+01 4.241222e-25
8.504391e+01 4.238278e-25
8.524002e+01 4.235341e-25
8.543659e+01 4.232410e-25
8.563360e+01 4.229485e-25
8.583107e+01 4.226567e-25
8.602900e+01 4.223656e-25
8.622738e+01 4.220751e-25
8.642623e+01 4.217852e-25
8.662553e+01 4.214960e-25
8.682528e+01 4.212074e-25
8.702550e+01 4.209194e-25
8.722619e+01 4.206321e-25
8.742733e+01 4.203454e-25
8.762894e+01 4.200593e-25
8.783101e+01 4.197739e-25
8.803355e+01 4.194891e-25
8.823656e+01 4.192049e-25
8.844003e+01 4.189213e-25
8.864397e+01 4.186384e-25
8.884839e+01 4.183560e-25
8.905327e+01 4.180743e-25
8.925863e+01 4.177932e-25
8.946446e+01 4.175127e-25
8.967077e+01 4.172329e-25
8.987755e+01 4.169536e-25
9.008481e+01 4.166750e-25
9.029254e+01 4.163969e-25
9.050076e+01 4.161195e-25
9.070945e+01 4.158426e-25
9.091863e+01 4.155664e-25
9.112829e+01 4.152907e-25
9.133843e+01 4.150157e-25
9.154906e+01 4.147412e-25
9.176017e+01 4.144674e-25
9.197177e+01 4.141941e-25
9.218386e+01 4.139214e-25
9.239644e+01 4.136493e-25
9.260950e+01 4.133778e-25
9.282306e+01 4.131069e-25
9.303711e+01 4.128366e-25
9.325166e+01 4.125669e-25
9.346669e+01 4.122977e-25
9.368223e+01 4.120291e-25
9.389826e+01 4.117611e-25
9.411479e+01 4.114937e-25
9.433182e+01 4.112269e-25
9.454935e+01 4.109606e-25
9.476738e+01 4.106949e-25
9.498592e+01 4.104298e-25
9.520496e+01 4.101652e-25
9.542450e+01 4.099012e-25
9.564455e+01 4.096378e-25
9.586511e+01 4.093750e-25
9.608617e+01 4.091127e-25
9.630775e+01 4.088510e-25
9.652983e+01 4.085898e-25
9.675243e+01 4.083292e-25
9.697554e+01 4.080692e-25
9.719917e+01 4.078097e-25
9.742331e+01 4.075507e-25
9.764797e+01 4.072924e-25
9.787315e+01 4.070346e-25
9.809884e+01 4.067773e-25
9.832506e+01 4.065206e-25
9.855180e+01 4.062644e-25
9.877906e+01 4.060088e-25
9.900685e+01 4.057538e-25
9.923516e+01 4.054993e-25
9.946399e+01 4.052453e-25
9.969336e+01 4.049919e-25
9.992325e+01 4.047390e-25
1.001537e+02 4.044867e-25
1.003846e+02 4.042349e-25
1.006161e+02 4.039836e-25
1.008481e+02 4.037329e-25
1.010807e+02 4.034827e-25
1.013138e+02 4.032331e-25
1.015474e+02 4.029840e-25
1.017816e+02 4.027354e-25
1.020163e+02 4.024874e-25
1.022515e+02 4.022399e-25
1.024873e+02 4.019930e-25
1.027237e+02 4.017465e-25
1.029606e+02 4.015006e-25
1.031980e+02 4.012552e-25
1.034360e+02 4.010104e-25
1.036745e+02 4.007661e-25
1.039136e+02 4.005223e-25
1.041532e+02 4.002790e-25
1.043934e+02 4.000363e-25
1.046341e+02 3.997940e-25
1.048754e+02 3.995523e-25
1.051172e+02 3.993112e-25
1.053596e+02 3.990705e-25
1.056026e+02 3.988304e-25
1.058461e+02 3.985908e-25
1.060902e+02 3.983517e-25
1.063348e+02 3.981131e-25
1.065800e+02 3.978750e-25
1.068258e+02 3.976374e-25
1.070722e+02 3.974004e-25
1.073191e+02 3.971639e-25
1.075665e+02 3.969279e-25
1.078146e+02 3.966924e-25
1.080632e+02 3.964574e-25
1.083124e+02 3.962229e-25
1.085622e+02 3.959889e-25
1.088125e+02 3.957555e-25
1.090634e+02 3.955225e-25
1.093149e+02 3.952901e-25
1.095670e+02 3.950581e-25
1.098197e+02 3.948267e-25
1.100729e+02 3.945958e-25
1.103268e+02 3.943653e-25
1.105812e+02 3.941354e-25
1.108362e+02 3.939060e-25
1.110918e+02 3.936771e-25
1.113480e+02 3.934486e-25
1.116047e+02 3.932207e-25
1.118621e+02 3.929933e-25
1.121200e+02 3.927664e-25
1.123786e+02 3.925400e-25
1.126377e+02 3.923140e-25
1.128975e+02 3.920886e-25
1.131578e+02 3.918637e-25
1.134188e+02 3.916393e-25
1.136803e+02 3.914153e-25
1.139425e+02 3.911919e-25
1.142052e+02 3.909689e-25
1.144686e+02 3.907465e-25
1.147325e+02 3.905245e-25
1.149971e+02 3.903030e-25
1.152623e+02 3.900820e-25
1.155281e+02 3.898615e-25
1.157945e+02 3.896415e-25
1.160615e+02 3.894220e-25
1.163292e+02 3.892030e-25
1.165974e+02 3.889845e-25
1.168663e+02 3.887664e-25
1.171358e+02 3.885489e-25
1.174059e+02 3.883318e-25
1.176766e+02 3.881152e-25
1.179480e+02 3.878991e-25
1.182200e+02 3.876835e-25
1.184926e+02 3.874684e-25
1.187658e+02 3.872538e-25
1.190397e+02 3.870396e-25
1.193142e+02 3.868259e-25
1.195894e+02 3.866127e-25
1.198651e+02 3.864000e-25
1.201416e+02 3.861878e-25
1.204186e+02 3.859760e-25
1.206963e+02 3.857648e-25
1.209746e+02 3.855540e-25
1.212536e+02 3.853437e-25
1.215332e+02 3.851339e-25
1.218134e+02 3.849245e-25
1.220943e+02 3.847157e-25
1.223759e+02 3.845073e-25
1.226581e+02 3.842994e-25
1.229410e+02 3.840919e-25
1.232245e+02 3.838850e-25
1.235086e+02 3.836785e-25
1.237934e+02 3.834725e-25
1.240789e+02 3.832670e-25
1.243650e+02 3.830619e-25
1.246518e+02 3.828574e-25
1.249393e+02 3.826533e-25
1.252274e+02 3.824497e-25
1.255161e+02 3.822465e-25
1.258056e+02 3.820438e-25
1.260957e+02 3.818416e-25
1.263865e+02 3.816399e-25
1.266779e+02 3.814387e-25
1.269700e+02 3.812379e-25
1.272628e+02 3.810376e-25
1.275563e+02 3.808377e-25
1.278504e+02 3.806384e-25
1.281453e+02 3.804395e-25
1.284408e+02 3.802411e-25
1.287370e+02 3.800431e-25
1.290338e+02 3.798457e-25
1.293314e+02 3.796487e-25
1.296296e+02 3.794521e-25
1.299285e+02 3.792561e-25
1.302282e+02 3.790605e-25
1.305285e+02 3.788654e-25
1.308295e+02 3.786707e-25
1.311312e+02 3.784765e-25
1.314335e+02 3.782828e-25
1.317366e+02 3.780896e-25
1.320404e+02 3.778968e-25
1.323449e+02 3.777045e-25
1.326501e+02 3.775126e-25
1.329560e+02 3.773213e-25
1.332626e+02 3.771304e-25
1.335699e+02 3.769399e-25
1.338779e+02 3.767500e-25
1.341866e+02 3.765605e-25
1.344961e+02 3.763715e-25
1.348062e+02 3.761829e-25
1.351171e+02 3.759948e-25
1.354287e+02 3.758072e-25
1.357410e+02 3.756200e-25
1.360540e+02 3.754333e-25
1.363677e+02 3.752471e-25
1.366822e+02 3.750613e-25
1.369974e+02 3.748760e-25
1.373133e+02 3.746912e-25
1.376299e+02 3.745068e-25
1.379473e+02 3.743229e-25
1.382654e+02 3.741395e-25
1.385843e+02 3.739566e-25
1.389038e+02 3.737741e-25
1.392241e+02 3.735920e-25
1.395452e+02 3.734105e-25
1.398670e+02 3.732294e-25
1.401895e+02 3.730487e-25
1.405128e+02 3.728686e-25
1.408368e+02 3.726889e-25
1.411616e+02 3.725096e-25
1.414871e+02 3.723309e-25
1.418134e+02 3.721526e-25
1.421404e+02 3.719747e-25
1.424682e+02 3.717973e-25
1.427967e+02 3.716204e-25
1.431260e+02 3.714440e-25
1.434561e+02 3.712680e-25
1.437869e+02 3.710925e-25
1.441184e+02 3.709175e-25
1.444508e+02 3.707429e-25
1.447839e+02 3.705688e-25
1.451178e+02 3.703951e-25
1.454524e+02 3.702219e-25
1.457878e+02 3.700492e-25
1.461240e+02 3.698770e-25
1.464610e+02 3.697052e-25
1.467987e+02 3.695339e-25
1.471372e+02 3.693630e-25
1.474765e+02 3.691927e-25
1.478166e+02 3.690227e-25
1.481575e+02 3.688533e-25
1.484991e+02 3.686843e-25
1.488416e+02 3.685158e-25
1.491848e+02 3.683477e-25
1.495288e+02 3.681801e-25
1.498736e+02 3.680130e-25
1.502192e+02 3.678464e-25
1.505657e+02 3.676802e-25
1.509129e+02 3.675145e-25
1.512609e+02 3.673492e-25
1.516097e+02 3.671845e-25
1.519593e+02 3.670201e-25
1.523097e+02 3.668563e-25
1.526609e+02 3.666929e-25
1.530130e+02 3.665300e-25
1.533658e+02 3.663676e-25
1.537195e+02 3.662056e-25
1.540740e+02 3.660441e-25
1.544293e+02 3.658831e-25
1.547854e+02 3.657225e-25
1.551423e+02 3.655624e-25
1.555001e+02 3.654028e-25
1.558587e+02 3.652436e-25
1.562181e+02 3.650849e-25
1.565783e+02 3.649267e-25
1.569394e+02 3.647690e-25
1.573013e+02 3.646117e-25
1.576640e+02 3.644549e-25
1.580276e+02 3.642986e-25
1.583920e+02 3.641427e-25
1.587573e+02 3.639873e-25
1.591233e+02 3.638324e-25
1.594903e+02 3.636780e-25
1.598581e+02 3.635240e-25
1.602267e+02 3.633705e-25
1.605962e+02 3.632175e-25
1.609665e+02 3.630649e-25
1.613377e+02 3.629128e-25
1.617098e+02 3.627612e-25
1.620827e+02 3.626101e-25
1.624564e+02 3.624594e-25
1.628311e+02 3.623093e-25
1.632065e+02 3.621596e-25
1.635829e+02 3.620103e-25
1.639601e+02 3.618616e-25
1.643382e+02 3.617133e-25
1.647172e+02 3.615655e-25
1.650970e+02 3.614182e-25
1.654777e+02 3.612713e-25
1.658593e+02 3.611249e-25
1.662418e+02 3.609791e-25
1.666252e+02 3.608336e-25
1.670094e+02 3.606887e-25
1.673945e+02 3.605442e-25
1.677805e+02 3.604003e-25
1.681674e+02 3.602568e-25
1.685552e+02 3.601137e-25
1.689439e+02 3.599712e-25
1.693335e+02 3.598292e-25
1.697240e+02 3.596876e-25
1.701154e+02 3.595465e-25
1.705077e+02 3.594059e-25
1.709009e+02 3.592657e-25
1.712950e+02 3.591261e-25
1.716900e+02 3.589869e-25
1.720859e+02 3.588483e-25
1.724827e+02 3.587101e-25
1.728805e+02 3.585724e-25
1.732791e+02 3.584351e-25
1.736787e+02 3.582984e-25
1.740792e+02 3.581621e-25
1.744806e+02 3.580264e-25
1.748830e+02 3.578911e-25
1.752863e+02 3.577563e-25
1.756905e+02 3.576220e-25
1.760956e+02 3.574882e-25
1.765017e+02 3.573549e-25
1.769087e+02 3.572220e-25
1.773167e+02 3.570897e-25
1.777256e+02 3.569578e-25
1.781354e+02 3.568265e-25
1.785462e+02 3.566956e-25
1.789579e+02 3.565652e-25
1.793706e+02 3.564353e-25
1.797842e+02 3.563059e-25
1.801988e+02 3.561770e-25
1.806143e+02 3.560486e-25
1.810308e+02 3.559207e-25
1.814483e+02 3.557933e-25
1.818667e+02 3.556664e-25
1.822861e+02 3.555400e-25
1.827065e+02 3.554141e-25
1.831278e+02 3.552886e-25
1.835501e+02 3.551637e-25
1.839734e+02 3.550393e-25
1.843976e+02 3.549154e-25
1.848228e+02 3.547919e-25
1.852490e+02 3.546690e-25
1.856762e+02 3.545466e-25
1.861044e+02 3.544247e-25
1.865335e+02 3.543033e-25
1.869637e+02 3.541823e-25
1.873948e+02 3.540619e-25
1.878270e+02 3.539420e-25
1.882601e+02 3.538226e-25
1.886942e+02 3.537037e-25
1.891293e+02 3.535854e-25
1.895655e+02 3.534675e-25
1.900026e+02 3.533501e-25
1.904408e+02 3.532332e-25
1.908799e+02 3.531169e-25
1.913201e+02 3.530011e-25
1.917613e+02 3.528857e-25
1.922035e+02 3.527709e-25
1.926467e+02 3.526566e-25
1.930910e+02 3.525428e-25
1.935362e+02 3.524295e-25
1.939825e+02 3.523168e-25
1.944298e+02 3.522045e-25
1.948782e+02 3.520928e-25
1.953276e+02 3.519816e-25
1.957780e+02 3.518709e-25
1.962295e+02 3.517607e-25
1.966820e+02 3.516511e-25
1.971355e+02 3.515419e-25
1.975901e+02 3.514333e-25
1.980458e+02 3.513252e-25
1.985025e+02 3.512176e-25
1.989602e+02 3.511106e-25
1.994190e+02 3.510041e-25
1.998789e+02 3.508981e-25
2.003398e+02 3.507926e-25
2.008018e+02 3.506876e-25
2.012648e+02 3.505832e-25
2.017290e+02 3.504793e-25
2.021942e+02 3.503760e-25
2.026604e+02 3.502731e-25
2.031277e+02 3.501708e-25
2.035962e+02 3.500691e-25
2.040657e+02 3.499678e-25
2.045362e+02 3.498671e-25
2.050079e+02 3.497669e-25
2.054806e+02 3.496673e-25
2.059545e+02 3.495682e-25
2.064294e+02 3.494697e-25
2.069054e+02 3.493716e-25
2.073826e+02 3.492742e-25
2.078608e+02 3.491772e-25
2.083401e+02 3.490808e-25
2.088206e+02 3.489849e-25
2.093021e+02 3.488896e-25
2.097848e+02 3.487948e-25
2.102685e+02 3.487006e-25
2.107534e+02 3.486069e-25
2.112394e+02 3.485138e-25
2.117265e+02 3.484212e-25
2.122148e+02 3.483292e-25
2.127041e+02 3.482377e-25
2.131946e+02 3.481467e-25
2.136863e+02 3.480563e-25
2.141790e+02 3.479665e-25
2.146729e+02 3.478772e-25
2.151680e+02 3.477885e-25
2.156641e+02 3.477003e-25
2.161615e+02 3.476127e-25
2.166599e+02 3.475256e-25
2.171595e+02 3.474391e-25
2.176603e+02 3.473532e-25
2.181622e+02 3.472678e-25
2.186653e+02 3.471830e-25
2.191696e+02 3.470987e-25
2.196750e+02 3.470150e-25
2.201816e+02 3.469319e-25
2.206893e+02 3.468493e-25
2.211982e+02 3.467673e-25
2.217083e+02 3.466859e-25
2.222195e+02 3.466050e-25
2.227320e+02 3.465247e-25
2.232456e+02 3.464450e-25
2.237604e+02 3.463659e-25
2.242764e+02 3.462873e-25
2.247936e+02 3.462093e-25
2.253120e+02 3.461319e-25
2.258315e+02 3.460550e-25
2.263523e+02 3.459788e-25
2.268743e+02 3.459031e-25
2.273975e+02 3.458280e-25
2.279218e+02 3.457535e-25
2.284474e+02 3.456795e-25
2.289742e+02 3.456062e-25
2.295022e+02 3.455334e-25
2.300315e+02 3.454612e-25
2.305619e+02 3.453896e-25
2.310936e+02 3.453186e-25
2.316265e+02 3.452482e-25
2.321606e+02 3.451784e-25
2.326960e+02 3.451091e-25
2.332326e+02 3.450405e-25
2.337704e+02 3.449725e-25
2.343095e+02 3.449050e-25
2.348498e+02 3.448382e-25
2.353914e+02 3.447719e-25
2.359342e+02 3.447063e-25
2.364783e+02 3.446412e-25
2.370236e+02 3.445768e-25
2.375702e+02 3.445129e-25
2.381180e+02 3.444497e-25
2.386671e+02 3.443871e-25
2.392175e+02 3.443251e-25
2.397691e+02 3.442637e-25
2.403220e+02 3.442029e-25
2.408762e+02 3.441427e-25
2.414317e+02 3.440831e-25
2.419884e+02 3.440241e-25
2.425465e+02 3.439658e-25
2.431058e+02 3.439081e-25
2.436664e+02 3.438510e-25
2.442283e+02 3.437945e-25
2.447915e+02 3.437386e-25
2.453560e+02 3.436834e-25
2.459217e+02 3.436288e-25
2.464888e+02 3.435748e-25
2.470572e+02 3.435214e-25
2.476270e+02 3.434687e-25
2.481980e+02 3.434166e-25
2.487703e+02 3.433651e-25
2.493440e+02 3.433143e-25
2.499190e+02 3.432641e-25
2.504953e+02 3.432145e-25
2.510730e+02 3.431656e-25
2.516519e+02 3.431173e-25
2.522322e+02 3.430697e-25
2.528139e+02 3.430227e-25
2.533969e+02 3.429763e-25
2.539812e+02 3.429306e-25
2.545669e+02 3.428855e-25
2.551539e+02 3.428411e-25
2.557423e+02 3.427973e-25
2.563321e+02 3.427542e-25
2.569232e+02 3.427117e-25
2.575156e+02 3.426699e-25
2.581095e+02 3.426288e-25
2.587047e+02 3.425883e-25
2.593012e+02 3.425484e-25
2.598992e+02 3.425093e-25
2.604985e+02 3.424707e-25
2.610992e+02 3.424329e-25
2.617013e+02 3.423957e-25
2.623048e+02 3.423592e-25
2.629097e+02 3.423233e-25
2.635160e+02 3.422881e-25
2.641236e+02 3.422536e-25
2.647327e+02 3.422198e-25
2.653432e+02 3.421866e-25
2.659551e+02 3.421541e-25
2.665684e+02 3.421223e-25
2.671831e+02 3.420912e-25
2.677992e+02 3.420608e-25
2.684167e+02 3.420310e-25
2.690357e+02 3.420019e-25
2.696561e+02 3.419735e-25
2.702779e+02 3.419458e-25
2.709012e+02 3.419188e-25
2.715259e+02 3.418925e-25
2.721520e+02 3.418669e-25
2.727796e+02 3.418419e-25
2.734087e+02 3.418177e-25
2.740391e+02 3.417942e-25
2.746711e+02 3.417713e-25
2.753045e+02 3.417492e-25
2.759393e+02 3.417278e-25
2.765756e+02 3.417071e-25
2.772134e+02 3.416870e-25
2.778527e+02 3.416677e-25
2.784934e+02 3.416492e-25
2.791356e+02 3.416313e-25
2.797793e+02 3.416141e-25
2.804245e+02 3.415977e-25
2.810712e+02 3.415819e-25
2.817193e+02 3.415669e-25
2.823690e+02 3.415526e-25
2.830201e+02 3.415391e-25
2.836727e+02 3.415263e-25
2.843269e+02 3.415141e-25
2.849826e+02 3.415028e-25
2.856397e+02 3.414921e-25
2.862984e+02 3.414822e-25
2.869586e+02 3.414730e-25
2.876203e+02 3.414646e-25
2.882836e+02 3.414569e-25
2.889484e+02 3.414500e-25
2.896147e+02 3.414437e-25
2.902826e+02 3.414383e-25
2.909520e+02 3.414335e-25
2.916229e+02 3.414296e-25
2.922954e+02 3.414264e-25
2.929694e+02 3.414239e-25
2.936450e+02 3.414222e-25
2.943221e+02 3.414212e-25
2.950009e+02 3.414210e-25
2.956811e+02 3.414216e-25
2.963630e+02 3.414229e-25
2.970464e+02 3.414250e-25
2.977314e+02 3.414279e-25
2.984179e+02 3.414315e-25
2.991061e+02 3.414359e-25
2.997958e+02 3.414411e-25
3.004872e+02 3.414470e-25
3.011801e+02 3.414538e-25
3.018746e+02 3.414613e-25
3.025708e+02 3.414696e-25
3.032685e+02 3.414786e-25
3.039678e+02 3.414885e-25
3.046688e+02 3.414991e-25
3.053713e+02 3.415106e-25
3.060755e+02 3.415228e-25
3.067813e+02 3.415358e-25
3.074888e+02 3.415496e-25
3.081979e+02 3.415643e-25
3.089086e+02 3.415797e-25
3.096209e+02 3.415959e-25
3.103349e+02 3.416129e-25
3.110505e+02 3.416308e-25
3.117678e+02 3.416494e-25
3.124868e+02 3.416689e-25
3.132073e+02 3.416891e-25
3.139296e+02 3.417102e-25
3.146535e+02 3.417321e-25
3.153791e+02 3.417549e-25
3.161064e+02 3.417784e-25
3.168353e+02 3.418028e-25
3.175660e+02 3.418280e-25
3.182983e+02 3.418540e-25
3.190323e+02 3.418809e-25
3.197680e+02 3.419086e-25
3.205053e+02 3.419371e-25
3.212444e+02 3.419665e-25
3.219852e+02 3.419967e-25
3.227277e+02 3.420278e-25
3.234719e+02 3.420597e-25
3.242179e+02 3.420924e-25
3.249655e+02 3.421260e-25
3.257149e+02 3.421605e-25
3.264660e+02 3.421958e-25
3.272188e+02 3.422320e-25
3.279734e+02 3.422690e-25
3.287297e+02 3.423069e-25
3.294878e+02 3.423457e-25
3.302476e+02 3.423853e-25
3.310091e+02 3.424258e-25
3.317724e+02 3.424671e-25
3.325375e+02 3.425094e-25
3.333043e+02 3.425525e-25
3.340729e+02 3.425965e-25
3.348433e+02 3.426414e-25
3.356155e+02 3.426872e-25
3.363894e+02 3.427338e-25
3.371651e+02 3.427814e-25
3.379426e+02 3.428298e-25
3.387219e+02 3.428791e-25
3.395030e+02 3.429294e-25
3.402859e+02 3.429805e-25
3.410706e+02 3.430325e-25
3.418571e+02 3.430855e-25
3.426454e+02 3.431393e-25
3.434356e+02 3.431941e-25
3.442275e+02 3.432498e-25
3.450213e+02 3.433063e-25
3.458170e+02 3.433639e-25
3.466144e+02 3.434223e-25
3.474137e+02 3.434816e-25
3.482148e+02 3.435419e-25
3.490178e+02 3.436031e-25
3.498227e+02 3.436653e-25
3.506294e+02 3.437283e-25
3.514379e+02 3.437923e-25
3.522483e+02 3.438573e-25
3.530606e+02 3.439232e-25
3.538748e+02 3.439900e-25
3.546908e+02 3.440578e-25
3.555087e+02 3.441266e-25
3.563285e+02 3.441962e-25
3.571502e+02 3.442669e-25
3.579738e+02 3.443385e-25
3.587993e+02 3.444111e-25
3.596267e+02 3.444846e-25
3.604560e+02 3.445591e-25
3.612872e+02 3.446346e-25
3.621204e+02 3.447111e-25
3.629554e+02 3.447885e-25
3.637924e+02 3.448670e-25
3.646313e+02 3.449464e-25
3.654721e+02 3.450268e-25
3.663149e+02 3.451081e-25
3.671597e+02 3.451905e-25
3.680063e+02 3.452739e-25
3.688550e+02 3.453583e-25
3.697055e+02 3.454437e-25
3.705581e+02 3.455301e-25
3.714126e+02 3.456175e-25
3.722691e+02 3.457059e-25
3.731275e+02 3.457953e-25
3.739880e+02 3.458858e-25
3.748504e+02 3.459773e-25
3.757148e+02 3.460698e-25
3.765812e+02 3.461634e-25
3.774496e+02 3.462580e-25
3.783200e+02 3.463536e-25
3.791924e+02 3.464503e-25
3.800668e+02 3.465480e-25
3.809433e+02 3.466468e-25
3.818217e+02 3.467467e-25
3.827022e+02 3.468476e-25
3.835847e+02 3.469496e-25
3.844693e+02 3.470527e-25
3.853558e+02 3.471568e-25
3.862445e+02 3.472621e-25
3.871352e+02 3.473684e-25
3.880279e+02 3.474759e-25
3.889227e+02 3.475845e-25
3.898196e+02 3.476942e-25
3.907185e+02 3.478050e-25
3.916195e+02 3.479169e-25
3.925226e+02 3.480300e-25
3.934277e+02 3.481443e-25
3.943350e+02 3.482597e-25
3.952443e+02 3.483763e-25
3.961557e+02 3.484941e-25
3.970693e+02 3.486131e-25
3.979849e+02 3.487333e-25
3.989027e+02 3.488548e-25
3.998226e+02 3.489776e-25
4.007445e+02 3.491017e-25
4.016687e+02 3.492270e-25
4.025949e+02 3.493538e-25
4.035233e+02 3.494819e-25
4.044538e+02 3.496115e-25
4.053865e+02 3.497426e-25
4.063213e+02 3.498752e-25
4.072583e+02 3.500094e-25
4.081975e+02 3.501454e-25
4.091388e+02 3.502831e-25
4.100822e+02 3.504229e-25
4.110279e+02 3.505647e-25
4.119757e+02 3.507088e-25
4.129257e+02 3.508555e-25
4.138780e+02 3.510050e-25
4.148324e+02 3.511578e-25
4.157890e+02 3.513144e-25
4.167478e+02 3.514755e-25
4.177088e+02 3.516422e-25
4.186720e+02 3.518156e-25
4.196375e+02 3.519978e-25
4.206052e+02 3.521916e-25
4.215751e+02 3.524011e-25
4.225473e+02 3.526330e-25
4.235217e+02 3.528980e-25
4.244983e+02 3.532151e-25
4.254772e+02 3.536190e-25
4.264584e+02 3.541810e-25
4.274418e+02 3.550656e-25
4.284275e+02 3.567276e-25
4.294154e+02 3.608432e-25
4.304056e+02 3.781661e-25
4.313982e+02 8.879925e-25
4.323930e+02 4.055457e-25
4.333901e+02 3.646109e-25
4.343895e+02 3.584579e-25
4.353912e+02 3.565736e-25
4.363952e+02 3.558311e-25
4.374015e+02 3.555186e-25
4.384102e+02 3.554034e-25
4.394212e+02 3.553917e-25
4.404345e+02 3.554396e-25
4.414501e+02 3.555244e-25
4.424681e+02 3.556334e-25
4.434884e+02 3.557592e-25
4.445111e+02 3.558970e-25
4.455362e+02 3.560439e-25
4.465636e+02 3.561977e-25
4.475934e+02 3.563570e-25
4.486255e+02 3.565209e-25
4.496600e+02 3.566887e-25
4.506970e+02 3.568597e-25
4.517363e+02 3.570336e-25
4.527780e+02 3.572100e-25
4.538221e+02 3.573889e-25
4.548686e+02 3.575698e-25
4.559175e+02 3.577528e-25
4.569689e+02 3.579377e-25
4.580227e+02 3.581244e-25
4.590789e+02 3.583128e-25
4.601375e+02 3.585029e-25
4.611986e+02 3.586946e-25
4.622621e+02 3.588879e-25
4.633281e+02 3.590827e-25
4.643965e+02 3.592790e-25
4.654674e+02 3.594769e-25
4.665408e+02 3.596762e-25
4.676166e+02 3.598770e-25
4.686950e+02 3.600792e-25
4.697758e+02 3.602829e-25
4.708591e+02 3.604879e-25
4.719449e+02 3.606945e-25
4.730332e+02 3.609024e-25
4.741240e+02 3.611117e-25
4.752174e+02 3.613224e-25
4.763132e+02 3.615346e-25
4.774116e+02 3.617481e-25
4.785125e+02 3.619631e-25
4.796160e+02 3.621794e-25
4.807220e+02 3.623971e-25
4.818305e+02 3.626163e-25
4.829416e+02 3.628368e-25
4.840553e+02 3.630588e-25
4.851715e+02 3.632821e-25
4.862903e+02 3.635068e-25
4.874117e+02 3.637330e-25
4.885357e+02 3.639605e-25
4.896623e+02 3.641895e-25
4.907914e+02 3.644199e-25
4.919232e+02 3.646517e-25
4.930576e+02 3.648849e-25
4.941946e+02 3.651196e-25
4.953342e+02 3.653559e-25
4.964764e+02 3.655920e-25
4.976213e+02 3.658315e-25
4.987688e+02 3.660719e-25
4.999190e+02 3.663137e-25
5.010718e+02 3.665569e-25
5.022273e+02 3.668015e-25
5.033854e+02 3.670475e-25
5.045462e+02 3.672950e-25
5.057097e+02 3.675440e-25
5.068759e+02 3.677943e-25
5.080447e+02 3.680462e-25
5.092163e+02 3.682995e-25
5.103906e+02 3.685542e-25
5.115675e+02 3.688105e-25
5.127472e+02 3.690681e-25
5.139296e+02 3.693273e-25
5.151147e+02 3.695879e-25
5.163026e+02 3.698500e-25
5.174932e+02 3.701136e-25
5.186865e+02 3.703787e-25
5.198826e+02 3.706453e-25
5.210815e+02 3.709133e-25
5.222831e+02 3.711829e-25
5.234875e+02 3.714539e-25
5.246946e+02 3.717265e-25
5.259046e+02 3.720005e-25
5.271173e+02 3.722761e-25
5.283329e+02 3.725532e-25
5.295512e+02 3.728318e-25
5.307724e+02 3.731119e-25
5.319963e+02 3.733935e-25
5.332231e+02 3.736767e-25
5.344527e+02 3.739614e-25
5.356852e+02 3.742477e-25
5.369205e+02 3.745355e-25
5.381586e+02 3.748248e-25
5.393996e+02 3.751157e-25
5.406435e+02 3.754081e-25
5.418902e+02 3.757021e-25
5.431398e+02 3.759976e-25
5.443923e+02 3.762948e-25
5.456477e+02 3.765934e-25
5.469059e+02 3.768937e-25
5.481671e+02 3.771955e-25
5.494312e+02 3.774989e-25
5.506982e+02 3.778039e-25
5.519681e+02 3.781105e-25
5.532409e+02 3.784187e-25
5.545167e+02 3.787285e-25
5.557954e+02 3.790398e-25
5.570771e+02 3.793528e-25
5.583617e+02 3.796674e-25
5.596493e+02 3.799836e-25
5.609399e+02 3.803014e-25
5.622334e+02 3.806208e-25
5.635299e+02 3.809419e-25
5.648294e+02 3.812646e-25
5.661319e+02 3.815889e-25
5.674374e+02 3.819148e-25
5.687459e+02 3.822424e-25
5.700575e+02 3.825717e-25
5.713720e+02 3.829026e-25
5.726896e+02 3.832351e-25
5.740102e+02 3.835693e-25
5.753339e+02 3.839051e-25
5.766606e+02 3.842427e-25
5.779904e+02 3.845819e-25
5.793233e+02 3.849227e-25
5.806592e+02 3.852652e-25
5.819982e+02 3.856095e-25
5.833403e+02 3.859554e-25
5.846855e+02 3.863030e-25
5.860338e+02 3.866523e-25
5.873852e+02 3.870032e-25
5.887397e+02 3.873559e-25
5.900973e+02 3.877103e-25
5.914581e+02 3.880664e-25
5.928220e+02 3.884242e-25
5.941890e+02 3.887838e-25
5.955593e+02 3.891451e-25
5.969326e+02 3.895080e-25
5.983091e+02 3.898728e-25
5.996889e+02 3.902392e-25
6.010717e+02 3.906074e-25
6.024578e+02 3.909774e-25
6.038471e+02 3.913490e-25
6.052396e+02 3.917225e-25
6.066353e+02 3.920977e-25
6.080342e+02 3.924746e-25
6.094363e+02 3.928534e-25
6.108417e+02 3.932339e-25
6.122503e+02 3.936161e-25
6.136621e+02 3.940002e-25
6.150772e+02 3.943860e-25
6.164956e+02 3.947736e-25
6.179172e+02 3.951631e-25
6.193422e+02 3.955543e-25
6.207704e+02 3.959473e-25
6.222019e+02 3.963421e-25
6.236367e+02 3.967387e-25
6.250748e+02 3.971371e-25
6.265162e+02 3.975374e-25
6.279610e+02 3.979395e-25
6.294090e+02 3.983434e-25
6.308605e+02 3.987491e-25
6.323152e+02 3.991566e-25
6.337734e+02 3.995661e-25
6.352348e+02 3.999773e-25
6.366997e+02 4.003904e-25
6.381679e+02 4.008053e-25
6.396396e+02 4.012222e-25
6.411146e+02 4.016408e-25
6.425930e+02 4.020614e-25
6.440748e+02 4.024838e-25
6.455600e+02 4.029080e-25
6.470487e+02 4.033342e-25
6.485408e+02 4.037622e-25
6.500364e+02 4.041922e-25
6.515353e+02 4.046240e-25
6.530378e+02 4.050577e-25
6.545437e+02 4.054933e-25
6.560531e+02 4.059309e-25
6.575659e+02 4.063703e-25
6.590823e+02 4.068117e-25
6.606021e+02 4.072549e-25
6.621255e+02 4.077001e-25
6.636524e+02 4.081473e-25
6.651828e+02 4.085963e-25
6.667167e+02 4.090473e-25
6.682541e+02 4.095003e-25
6.697951e+02 4.099552e-25
6.713397e+02 4.104120e-25
6.728878e+02 4.108708e-25
6.744395e+02 4.113316e-25
6.759947e+02 4.117943e-25
6.775536e+02 4.122590e-25
6.791160e+02 4.127256e-25
6.806821e+02 4.131943e-25
6.822517e+02 4.136649e-25
6.838250e+02 4.141375e-25
6.854019e+02 4.146122e-25
6.869825e+02 4.150888e-25
6.885666e+02 4.155674e-25
6.901545e+02 4.160480e-25
6.917460e+02 4.165306e-25
6.933412e+02 4.170153e-25
6.949400e+02 4.175020e-25
6.965425e+02 4.179907e-25
6.981488e+02 4.184814e-25
6.997587e+02 4.189741e-25
7.013724e+02 4.194689e-25
7.029897e+02 4.199658e-25
7.046108e+02 4.204647e-25
7.062357e+02 4.209656e-25
7.078643e+02 4.214687e-25
7.094966e+02 4.219737e-25
7.111327e+02 4.224809e-25
7.127726e+02 4.229901e-25
7.144162e+02 4.235014e-25
7.160637e+02 4.240148e-25
7.177149e+02 4.245302e-25
7.193700e+02 4.250478e-25
7.210289e+02 4.255674e-25
7.226916e+02 4.260892e-25
7.243581e+02 4.266131e-25
7.260285e+02 4.271390e-25
7.277027e+02 4.276671e-25
7.293808e+02 4.281974e-25
7.310627e+02 4.287297e-25
7.327486e+02 4.292642e-25
7.344383e+02 4.298008e-25
7.361319e+02 4.303395e-25
7.378294e+02 4.308804e-25
7.395309e+02 4.314235e-25
7.412363e+02 4.319687e-25
7.429455e+02 4.325161e-25
7.446588e+02 4.330656e-25
7.463760e+02 4.336173e-25
7.480971e+02 4.341712e-25
7.498222e+02 4.347272e-25
7.515513e+02 4.352855e-25
7.532844e+02 4.358459e-25
7.550215e+02 4.364086e-25
7.567626e+02 4.369734e-25
7.585077e+02 4.375405e-25
7.602568e+02 4.381097e-25
7.620100e+02 4.386812e-25
7.637672e+02 4.392549e-25
7.655284e+02 4.398308e-25
7.672937e+02 4.404090e-25
7.690631e+02 4.409894e-25
7.708366e+02 4.415720e-25
7.726141e+02 4.421569e-25
7.743958e+02 4.427440e-25
7.761816e+02 4.433334e-25
7.779714e+02 4.439251e-25
7.797654e+02 4.445190e-25
7.815636e+02 4.451152e-25
7.833659e+02 4.457137e-25
7.851723e+02 4.463145e-25
7.869829e+02 4.469176e-25
7.887977e+02 4.475230e-25
7.906167e+02 4.481306e-25
7.924399e+02 4.487406e-25
7.942672e+02 4.493529e-25
7.960988e+02 4.499676e-25
7.979346e+02 4.505846e-25
7.997747e+02 4.512039e-25
8.016190e+02 4.518255e-25
8.034675e+02 4.524496e-25
8.053203e+02 4.530759e-25
8.071774e+02 4.537047e-25
8.090387e+02 4.543359e-25
8.109044e+02 4.549694e-25
8.127744e+02 4.556054e-25
8.146486e+02 4.562438e-25
8.165272e+02 4.568847e-25
8.184101e+02 4.575280e-25
8.202974e+02 4.581739e-25
8.221890e+02 4.588223e-25
8.240850e+02 4.594733e-25
8.259853e+02 4.601270e-25
8.278900e+02 4.607835e-25
8.297992e+02 4.614430e-25
8.317127e+02 4.621056e-25
8.336306e+02 4.627718e-25
8.355530e+02 4.634422e-25
8.374798e+02 4.641180e-25
8.394110e+02 4.648011e-25
8.413467e+02 4.654964e-25
8.432868e+02 4.662153e-25
8.452315e+02 4.669941e-25
8.471806e+02 4.679997e-25
8.491342e+02 4.711977e-25
8.510923e+02 4.891783e-25
8.530549e+02 4.704584e-25
8.550221e+02 4.704857e-25
8.569938e+02 4.710213e-25
8.589700e+02 4.716555e-25
8.609508e+02 4.723230e-25
8.629361e+02 4.730057e-25
8.649261e+02 4.736972e-25
8.669206e+02 4.743945e-25
8.689197e+02 4.750964e-25
8.709235e+02 4.758020e-25
8.729318e+02 4.765110e-25
8.749448e+02 4.772231e-25
8.769624e+02 4.779382e-25
8.789847e+02 4.786560e-25
8.810117e+02 4.793767e-25
8.830433e+02 4.801000e-25
8.850796e+02 4.808261e-25
8.871206e+02 4.815548e-25
8.891663e+02 4.822861e-25
8.912167e+02 4.830201e-25
8.932719e+02 4.837568e-25
8.953318e+02 4.844960e-25
8.973964e+02 4.852380e-25
8.994658e+02 4.859825e-25
9.015400e+02 4.867297e-25
9.036189e+02 4.874795e-25
9.057027e+02 4.882319e-25
9.077913e+02 4.889870e-25
9.098846e+02 4.897447e-25
9.119828e+02 4.905051e-25
9.140859e+02 4.912681e-25
9.161938e+02 4.920338e-25
9.183065e+02 4.928022e-25
9.204241e+02 4.935732e-25
9.225466e+02 4.943469e-25
9.246740e+02 4.951233e-25
9.268063e+02 4.959023e-25
9.289436e+02 4.966841e-25
9.310857e+02 4.974685e-25
9.332328e+02 4.982556e-25
9.353848e+02 4.990455e-25
9.375419e+02 4.998381e-25
9.397038e+02 5.006333e-25
9.418708e+02 5.014313e-25
9.440428e+02 5.022321e-25
9.462197e+02 5.030356e-25
9.484017e+02 5.038418e-25
9.505887e+02 5.046507e-25
9.527808e+02 5.054624e-25
9.549779e+02 5.062769e-25
9.571801e+02 5.070942e-25
9.593874e+02 5.079142e-25
9.615997e+02 5.087370e-25
9.638172e+02 5.095626e-25
9.660398e+02 5.103909e-25
9.682674e+02 5.112221e-25
9.705003e+02 5.120561e-25
9.727383e+02 5.128929e-25
9.749814e+02 5.137325e-25
9.772297e+02 5.145749e-25
9.794832e+02 5.154201e-25
9.817419e+02 5.162682e-25
9.840058e+02 5.171191e-25
9.862749e+02 5.179729e-25
9.885493e+02 5.188295e-25
9.908289e+02 5.196890e-25
9.931138e+02 5.205514e-25
9.954039e+02 5.214166e-25
9.976993e+02 5.222847e-25
1.000000e+03 nan
