1.000000e+00 4.456561e-17
1.002306e+00 4.633447e-17
1.004617e+00 4.822452e-17
1.006934e+00 5.024345e-17
1.009256e+00 5.239952e-17
1.011583e+00 5.485166e-17
1.013916e+00 5.746851e-17
1.016254e+00 6.019770e-17
1.018598e+00 6.297553e-17
1.020947e+00 6.564834e-17
1.023301e+00 6.864845e-17
1.025661e+00 7.183307e-17
1.028026e+00 7.503024e-17
1.030396e+00 7.728870e-17
1.032773e+00 7.836481e-17
1.035154e+00 7.849514e-17
1.037541e+00 7.796011e-17
1.039934e+00 7.692547e-17
1.042332e+00 7.566587e-17
1.044735e+00 7.420969e-17
1.047145e+00 7.258555e-17
1.049559e+00 6.953977e-17
1.051980e+00 6.582339e-17
1.054406e+00 6.179736e-17
1.056837e+00 5.776715e-17
1.059274e+00 5.426547e-17
1.061717e+00 5.101977e-17
1.064165e+00 4.796111e-17
1.066619e+00 4.503387e-17
1.069079e+00 4.231146e-17
1.071544e+00 3.983257e-17
1.074015e+00 3.756769e-17
1.076492e+00 3.549120e-17
1.078974e+00 3.358199e-17
1.081462e+00 3.181417e-17
1.083956e+00 3.017870e-17
1.086456e+00 2.866712e-17
1.088961e+00 2.728545e-17
1.091472e+00 2.600012e-17
1.093989e+00 2.480301e-17
1.096512e+00 2.368678e-17
1.099040e+00 2.265576e-17
1.101575e+00 2.169104e-17
1.104115e+00 2.078739e-17
1.106661e+00 1.994006e-17
1.109213e+00 1.915199e-17
1.111771e+00 1.840945e-17
1.114335e+00 1.770924e-17
1.116904e+00 1.704838e-17
1.119480e+00 1.643028e-17
1.122062e+00 1.584526e-17
1.124649e+00 1.529087e-17
1.127242e+00 1.476490e-17
1.129842e+00 1.426938e-17
1.132447e+00 1.379850e-17
1.135059e+00 1.335063e-17
1.137676e+00 1.292426e-17
1.140300e+00 1.252076e-17
1.142929e+00 1.213565e-17
1.145565e+00 1.176833e-17
1.148207e+00 1.141871e-17
1.150854e+00 1.109102e-17
1.153508e+00 1.080551e-17
1.156168e+00 4.551406e-17
1.158834e+00 1.020946e-17
1.161507e+00 9.889837e-18
1.164185e+00 9.613319e-18
1.166870e+00 9.351959e-18
1.169560e+00 9.101878e-18
1.172257e+00 8.863037e-18
1.174961e+00 8.633377e-18
1.177670e+00 8.412341e-18
1.180386e+00 8.199452e-18
1.183108e+00 7.995294e-18
1.185836e+00 7.798269e-18
1.188571e+00 7.608106e-18
1.191312e+00 7.424548e-18
1.194059e+00 7.248158e-18
1.196812e+00 7.077635e-18
1.199572e+00 6.912713e-18
1.202338e+00 6.753143e-18
1.205111e+00 6.599496e-18
1.207890e+00 6.450746e-18
1.210675e+00 6.306679e-18
1.213467e+00 6.167096e-18
1.216265e+00 6.032362e-18
1.219070e+00 5.901725e-18
1.221881e+00 5.775028e-18
1.224699e+00 5.652122e-18
1.227523e+00 5.533333e-18
1.230354e+00 5.417976e-18
1.233191e+00 5.305937e-18
1.236035e+00 5.197107e-18
1.238885e+00 5.091792e-18
1.241742e+00 4.989422e-18
1.244605e+00 4.889889e-18
1.247475e+00 4.793094e-18
1.250352e+00 4.699291e-18
1.253235e+00 4.608020e-18
1.256125e+00 4.519200e-18
1.259022e+00 4.432751e-18
1.261925e+00 4.348913e-18
1.264835e+00 4.267260e-18
1.267752e+00 4.187722e-18
1.270676e+00 4.110232e-18
1.273606e+00 4.035013e-18
1.276543e+00 3.961709e-18
1.279486e+00 3.890261e-18
1.282437e+00 3.820611e-18
1.285394e+00 3.752912e-18
1.288358e+00 3.686773e-18
1.291329e+00 3.622087e-18
1.294307e+00 3.558860e-18
1.297292e+00 3.497512e-18
1.300283e+00 3.437565e-18
1.303282e+00 3.378908e-18
1.306287e+00 3.321429e-18
1.309300e+00 3.265034e-18
1.312319e+00 3.209553e-18
1.315345e+00 3.154981e-18
1.318378e+00 3.101303e-18
1.321418e+00 3.048613e-18
1.324466e+00 2.996797e-18
1.327520e+00 2.945782e-18
1.330581e+00 2.895489e-18
1.333649e+00 2.845902e-18
1.336725e+00 2.796900e-18
1.339807e+00 2.748416e-18
1.342897e+00 2.701021e-18
1.345994e+00 2.654736e-18
1.349098e+00 2.608965e-18
1.352209e+00 2.563629e-18
1.355327e+00 2.518645e-18
1.358452e+00 2.474036e-18
1.361585e+00 2.429586e-18
1.364725e+00 2.385194e-18
1.367872e+00 2.340750e-18
1.371026e+00 2.296230e-18
1.374188e+00 2.251404e-18
1.377356e+00 2.206144e-18
1.380533e+00 2.160316e-18
1.383716e+00 2.113865e-18
1.386907e+00 2.066569e-18
1.390105e+00 2.018292e-18
1.393311e+00 1.971725e-18
1.396524e+00 1.924753e-18
1.399744e+00 1.877027e-18
1.402972e+00 1.828489e-18
1.406207e+00 1.779095e-18
1.409450e+00 1.728866e-18
1.412700e+00 1.677738e-18
1.415958e+00 1.625722e-18
1.419223e+00 1.572853e-18
1.422496e+00 1.519231e-18
1.425776e+00 1.464903e-18
1.429064e+00 1.409984e-18
1.432359e+00 1.354615e-18
1.435662e+00 1.298981e-18
1.438973e+00 1.243238e-18
1.442291e+00 1.188448e-18
1.445617e+00 1.137173e-18
1.448951e+00 1.086447e-18
1.452292e+00 1.036400e-18
1.455641e+00 9.871802e-19
1.458998e+00 9.389283e-19
1.462362e+00 8.917854e-19
1.465735e+00 8.458591e-19
1.469115e+00 8.012547e-19
1.472502e+00 7.580626e-19
1.475898e+00 7.163631e-19
1.479301e+00 6.762088e-19
1.482713e+00 6.376432e-19
1.486132e+00 6.006946e-19
1.489559e+00 5.653795e-19
1.492994e+00 5.316955e-19
1.496437e+00 5.006118e-19
1.499888e+00 4.719584e-19
1.503346e+00 4.446972e-19
1.506813e+00 4.187937e-19
1.510288e+00 3.942112e-19
1.513770e+00 3.709093e-19
1.517261e+00 3.488459e-19
1.520760e+00 3.279745e-19
1.524267e+00 3.082485e-19
1.527782e+00 2.896204e-19
1.531305e+00 2.720427e-19
1.534836e+00 2.554670e-19
1.538375e+00 2.398461e-19
1.541923e+00 2.251333e-19
1.545479e+00 2.112832e-19
1.549043e+00 1.982512e-19
1.552615e+00 1.864711e-19
1.556195e+00 1.754862e-19
1.559784e+00 1.651299e-19
1.563380e+00 1.553688e-19
1.566986e+00 1.461710e-19
1.570599e+00 1.375059e-19
1.574221e+00 1.293446e-19
1.577851e+00 1.216591e-19
1.581490e+00 1.144231e-19
1.585137e+00 1.076112e-19
1.588792e+00 1.011995e-19
1.592456e+00 9.516535e-20
1.596128e+00 8.948718e-20
1.599809e+00 8.414453e-20
1.603498e+00 7.911809e-20
1.607195e+00 7.440530e-20
1.610902e+00 7.013655e-20
1.614616e+00 6.611117e-20
1.618340e+00 6.231548e-20
1.622072e+00 5.873654e-20
1.625812e+00 5.536218e-20
1.629561e+00 5.218089e-20
1.633319e+00 4.918172e-20
1.637085e+00 4.635432e-20
1.640861e+00 4.368896e-20
1.644644e+00 4.117640e-20
1.648437e+00 3.880797e-20
1.652238e+00 3.657544e-20
1.656048e+00 3.447107e-20
1.659867e+00 3.248757e-20
1.663695e+00 3.061806e-20
1.667531e+00 2.887828e-20
1.671377e+00 2.727276e-20
1.675231e+00 2.575640e-20
1.679094e+00 2.432429e-20
1.682966e+00 2.297174e-20
1.686847e+00 2.169441e-20
1.690737e+00 2.048809e-20
1.694636e+00 1.934880e-20
1.698544e+00 1.827285e-20
1.702460e+00 1.725682e-20
1.706386e+00 1.629736e-20
1.710321e+00 1.539117e-20
1.714265e+00 1.453527e-20
1.718218e+00 1.372701e-20
1.722181e+00 1.296376e-20
1.726152e+00 1.224297e-20
1.730132e+00 1.157534e-20
1.734122e+00 1.095052e-20
1.738121e+00 1.035960e-20
1.742129e+00 9.800620e-21
1.746147e+00 9.271812e-21
1.750173e+00 8.771588e-21
1.754209e+00 8.298373e-21
1.758254e+00 7.850736e-21
1.762309e+00 7.427383e-21
1.766373e+00 7.026928e-21
1.770446e+00 6.648011e-21
1.774529e+00 6.289564e-21
1.778621e+00 5.950679e-21
1.782722e+00 5.630161e-21
1.786833e+00 5.326802e-21
1.790954e+00 5.039808e-21
1.795084e+00 4.775023e-21
1.799223e+00 4.524584e-21
1.803372e+00 4.287476e-21
1.807531e+00 4.062928e-21
1.811699e+00 3.850011e-21
1.815877e+00 3.648266e-21
1.820064e+00 3.457265e-21
1.824261e+00 3.276373e-21
1.828468e+00 3.105217e-21
1.832684e+00 2.943165e-21
1.836911e+00 2.789454e-21
1.841147e+00 2.643814e-21
1.845392e+00 2.506039e-21
1.849648e+00 2.375583e-21
1.853913e+00 2.251728e-21
1.858188e+00 2.134988e-21
1.862473e+00 2.026525e-21
1.866768e+00 1.923692e-21
1.871073e+00 1.826366e-21
1.875388e+00 1.734098e-21
1.879712e+00 1.646575e-21
1.884047e+00 1.563567e-21
1.888391e+00 1.484683e-21
1.892746e+00 1.409874e-21
1.897111e+00 1.338925e-21
1.901486e+00 1.271712e-21
1.905870e+00 1.208123e-21
1.910265e+00 1.147840e-21
1.914670e+00 1.090691e-21
1.919086e+00 1.036446e-21
1.923511e+00 9.849531e-22
1.927947e+00 9.367014e-22
1.932393e+00 8.913829e-22
1.936849e+00 8.485444e-22
1.941315e+00 8.079531e-22
1.945792e+00 7.696115e-22
1.950279e+00 7.332676e-22
1.954776e+00 6.986440e-22
1.959284e+00 6.657159e-22
1.963802e+00 6.341293e-22
1.968331e+00 6.042614e-22
1.972870e+00 5.761464e-22
1.977419e+00 5.493552e-22
1.981979e+00 5.238159e-22
1.986549e+00 4.999572e-22
1.991130e+00 4.775080e-22
1.995722e+00 4.562527e-22
2.000324e+00 4.364160e-22
2.004937e+00 4.179761e-22
2.009560e+00 4.003979e-22
2.014194e+00 3.835019e-22
2.018839e+00 3.675526e-22
2.023495e+00 3.525347e-22
2.028161e+00 3.382042e-22
2.032838e+00 3.245511e-22
2.037525e+00 3.120321e-22
2.042224e+00 3.001400e-22
2.046933e+00 2.881949e-22
2.051654e+00 2.768775e-22
2.056385e+00 2.662243e-22
2.061127e+00 2.558999e-22
2.065880e+00 2.459190e-22
2.070644e+00 2.371648e-22
2.075419e+00 2.291509e-22
2.080205e+00 2.219904e-22
2.085001e+00 2.146579e-22
2.089810e+00 2.065758e-22
2.094629e+00 1.995517e-22
2.099459e+00 1.933185e-22
2.104300e+00 1.868921e-22
2.109153e+00 1.807296e-22
2.114016e+00 1.751064e-22
2.118891e+00 1.697916e-22
2.123778e+00 1.647847e-22
2.128675e+00 1.597935e-22
2.133584e+00 1.549492e-22
2.138504e+00 1.505778e-22
2.143435e+00 1.463626e-22
2.148378e+00 1.422856e-22
2.153332e+00 1.387539e-22
2.158298e+00 1.355550e-22
2.163275e+00 1.324051e-22
2.168263e+00 1.295699e-22
2.173263e+00 1.272565e-22
2.178275e+00 1.244278e-22
2.183298e+00 1.213604e-22
2.188333e+00 1.183629e-22
2.193379e+00 1.156596e-22
2.198437e+00 1.134494e-22
2.203507e+00 1.113095e-22
2.208588e+00 1.092415e-22
2.213681e+00 1.072673e-22
2.218786e+00 1.054344e-22
2.223902e+00 1.037706e-22
2.229031e+00 1.022830e-22
2.234171e+00 1.008373e-22
2.239323e+00 9.920579e-23
2.244487e+00 9.706033e-23
2.249663e+00 9.448607e-23
2.254850e+00 9.368574e-23
2.260050e+00 9.275075e-23
2.265262e+00 9.124322e-23
2.270485e+00 8.998756e-23
2.275721e+00 8.878079e-23
2.280969e+00 8.721482e-23
2.286229e+00 8.586686e-23
2.291501e+00 8.470064e-23
2.296785e+00 8.346274e-23
2.302082e+00 8.227081e-23
2.307390e+00 8.114390e-23
2.312711e+00 8.006705e-23
2.318044e+00 7.908168e-23
2.323390e+00 7.831346e-23
2.328747e+00 7.723884e-23
2.334117e+00 7.604384e-23
2.339500e+00 7.489760e-23
2.344895e+00 7.359979e-23
2.350302e+00 7.221597e-23
2.355722e+00 7.107530e-23
2.361154e+00 7.020538e-23
2.366599e+00 6.958716e-23
2.372057e+00 6.785963e-23
2.377527e+00 6.650979e-23
2.383009e+00 6.561457e-23
2.388504e+00 6.471429e-23
2.394012e+00 6.377355e-23
2.399533e+00 6.277747e-23
2.405066e+00 6.192966e-23
2.410612e+00 6.115001e-23
2.416171e+00 6.044745e-23
2.421743e+00 5.926955e-23
2.427327e+00 5.845086e-23
2.432925e+00 5.819959e-23
2.438535e+00 5.765224e-23
2.444159e+00 5.695260e-23
2.449795e+00 5.609028e-23
2.455444e+00 5.582844e-23
2.461106e+00 5.526993e-23
2.466782e+00 5.437748e-23
2.472470e+00 5.347205e-23
2.478172e+00 5.275292e-23
2.483886e+00 5.219224e-23
2.489614e+00 5.172366e-23
2.495355e+00 5.115387e-23
2.501110e+00 5.050037e-23
2.506877e+00 4.973208e-23
2.512658e+00 4.944149e-23
2.518452e+00 4.920009e-23
2.524260e+00 4.870584e-23
2.530081e+00 4.820391e-23
2.535915e+00 4.785844e-23
2.541763e+00 4.770202e-23
2.547624e+00 4.694088e-23
2.553499e+00 4.641760e-23
2.559388e+00 4.599772e-23
2.565289e+00 4.531163e-23
2.571205e+00 4.481372e-23
2.577134e+00 4.423586e-23
2.583077e+00 4.341487e-23
2.589034e+00 4.280561e-23
2.595004e+00 4.248423e-23
2.600988e+00 4.228531e-23
2.606986e+00 4.159264e-23
2.612998e+00 4.111247e-23
2.619023e+00 4.069087e-23
2.625063e+00 4.026654e-23
2.631116e+00 3.998334e-23
2.637184e+00 3.956825e-23
2.643265e+00 3.907809e-23
2.649360e+00 3.859040e-23
2.655470e+00 3.819717e-23
2.661593e+00 3.772042e-23
2.667731e+00 3.723801e-23
2.673883e+00 3.712364e-23
2.680049e+00 3.709002e-23
2.686229e+00 3.685811e-23
2.692424e+00 3.642490e-23
2.698632e+00 3.631301e-23
2.704855e+00 3.591453e-23
2.711093e+00 3.554569e-23
2.717345e+00 3.533826e-23
2.723611e+00 3.531444e-23
2.729891e+00 3.505195e-23
2.736187e+00 3.450838e-23
2.742496e+00 3.376158e-23
2.748821e+00 3.335718e-23
2.755159e+00 3.292524e-23
2.761513e+00 3.254296e-23
2.767881e+00 3.221539e-23
2.774264e+00 3.188363e-23
2.780661e+00 3.131252e-23
2.787073e+00 3.090735e-23
2.793500e+00 3.061166e-23
2.799942e+00 3.023957e-23
2.806399e+00 3.004159e-23
2.812870e+00 2.970261e-23
2.819357e+00 2.932585e-23
2.825858e+00 2.897452e-23
2.832375e+00 2.857843e-23
2.838906e+00 2.828035e-23
2.845453e+00 2.786190e-23
2.852014e+00 2.736380e-23
2.858591e+00 2.691549e-23
2.865183e+00 2.660662e-23
2.871790e+00 2.641828e-23
2.878413e+00 2.616410e-23
2.885050e+00 2.580453e-23
2.891703e+00 2.541440e-23
2.898372e+00 2.506756e-23
2.905055e+00 2.481083e-23
2.911754e+00 2.446253e-23
2.918469e+00 2.405215e-23
2.925199e+00 2.378449e-23
2.931944e+00 2.356355e-23
2.938705e+00 2.316676e-23
2.945482e+00 2.279421e-23
2.952274e+00 2.253036e-23
2.959082e+00 2.237637e-23
2.965906e+00 2.222112e-23
2.972745e+00 2.192135e-23
2.979601e+00 2.164754e-23
2.986472e+00 2.142051e-23
2.993358e+00 2.126299e-23
3.000261e+00 2.121680e-23
3.007180e+00 2.091509e-23
3.014114e+00 2.065420e-23
3.021065e+00 2.048123e-23
3.028031e+00 2.034826e-23
3.035014e+00 2.020853e-23
3.042013e+00 2.006831e-23
3.049028e+00 1.984398e-23
3.056059e+00 1.967594e-23
3.063106e+00 1.953337e-23
3.070170e+00 1.934952e-23
3.077250e+00 1.915908e-23
3.084346e+00 1.904629e-23
3.091458e+00 1.884579e-23
3.098587e+00 1.879137e-23
3.105733e+00 1.889377e-23
3.112894e+00 1.908679e-23
3.120073e+00 1.915219e-23
3.127268e+00 1.891382e-23
3.134479e+00 1.841983e-23
3.141707e+00 1.799461e-23
3.148952e+00 1.788589e-23
3.156214e+00 1.744573e-23
3.163492e+00 1.719447e-23
3.170787e+00 1.699030e-23
3.178099e+00 1.679431e-23
3.185427e+00 1.667081e-23
3.192773e+00 1.657464e-23
3.200136e+00 1.649678e-23
3.207515e+00 1.636256e-23
3.214912e+00 1.618851e-23
3.222325e+00 1.606841e-23
3.229756e+00 1.593763e-23
3.237204e+00 1.579532e-23
3.244669e+00 1.563914e-23
3.252151e+00 1.545397e-23
3.259651e+00 1.527629e-23
3.267167e+00 1.516327e-23
3.274702e+00 1.510480e-23
3.282253e+00 1.498947e-23
3.289822e+00 1.488097e-23
3.297408e+00 1.473977e-23
3.305012e+00 1.463927e-23
3.312634e+00 1.453702e-23
3.320272e+00 1.444001e-23
3.327929e+00 1.437287e-23
3.335603e+00 1.432531e-23
3.343295e+00 1.431962e-23
3.351005e+00 1.428294e-23
3.358732e+00 1.421794e-23
3.366478e+00 1.418598e-23
3.374241e+00 1.408515e-23
3.382022e+00 1.404145e-23
3.389821e+00 1.396149e-23
3.397638e+00 1.389374e-23
3.405473e+00 1.381136e-23
3.413326e+00 1.376496e-23
3.421197e+00 1.372362e-23
3.429086e+00 1.367998e-23
3.436994e+00 1.367497e-23
3.444919e+00 1.368604e-23
3.452863e+00 1.364132e-23
3.460826e+00 1.355260e-23
3.468806e+00 1.349407e-23
3.476805e+00 1.340562e-23
3.484823e+00 1.327677e-23
3.492859e+00 1.311111e-23
3.500914e+00 1.302423e-23
3.508987e+00 1.282000e-23
3.517078e+00 1.261087e-23
3.525189e+00 1.244029e-23
3.533318e+00 1.229599e-23
3.541466e+00 1.211301e-23
3.549633e+00 1.195479e-23
3.557818e+00 1.177948e-23
3.566022e+00 1.162959e-23
3.574246e+00 1.153367e-23
3.582488e+00 1.140380e-23
3.590749e+00 1.126884e-23
3.599029e+00 1.117469e-23
3.607329e+00 1.104884e-23
3.615647e+00 1.094423e-23
3.623985e+00 1.083738e-23
3.632342e+00 1.075392e-23
3.640718e+00 1.066402e-23
3.649114e+00 1.058491e-23
3.657529e+00 1.049879e-23
3.665963e+00 1.044084e-23
3.674417e+00 1.039235e-23
3.682890e+00 1.029251e-23
3.691383e+00 1.021048e-23
3.699895e+00 1.013481e-23
3.708427e+00 1.008569e-23
3.716979e+00 1.001789e-23
3.725550e+00 9.959215e-24
3.734141e+00 9.906286e-24
3.742752e+00 9.840977e-24
3.751383e+00 9.764749e-24
3.760034e+00 9.707929e-24
3.768704e+00 9.642826e-24
3.777395e+00 9.568230e-24
3.786106e+00 9.524161e-24
3.794836e+00 9.454683e-24
3.803587e+00 9.379358e-24
3.812358e+00 9.335658e-24
3.821150e+00 9.278006e-24
3.829961e+00 9.211074e-24
3.838793e+00 9.152373e-24
3.847646e+00 9.092513e-24
3.856518e+00 9.030044e-24
3.865411e+00 8.972197e-24
3.874325e+00 8.911546e-24
3.883259e+00 8.860254e-24
3.892214e+00 8.782310e-24
3.901190e+00 8.726419e-24
3.910186e+00 8.666398e-24
3.919203e+00 8.607843e-24
3.928240e+00 8.570150e-24
3.937299e+00 8.518074e-24
3.946378e+00 8.449908e-24
3.955479e+00 8.399460e-24
3.964600e+00 8.349472e-24
3.973743e+00 8.294873e-24
3.982906e+00 8.231167e-24
3.992091e+00 8.180929e-24
4.001296e+00 8.130952e-24
4.010524e+00 8.071464e-24
4.019772e+00 8.012406e-24
4.029041e+00 7.968398e-24
4.038332e+00 7.932705e-24
4.047645e+00 7.918424e-24
4.056979e+00 7.867550e-24
4.066334e+00 7.792297e-24
4.075711e+00 7.750908e-24
4.085110e+00 7.683171e-24
4.094530e+00 7.640042e-24
4.103972e+00 7.601132e-24
4.113436e+00 7.545074e-24
4.122922e+00 7.493275e-24
4.132429e+00 7.457608e-24
4.141958e+00 7.438209e-24
4.151510e+00 7.436582e-24
4.161083e+00 7.406362e-24
4.170679e+00 7.338475e-24
4.180296e+00 7.227768e-24
4.189936e+00 7.148718e-24
4.199598e+00 7.092057e-24
4.209282e+00 7.057193e-24
4.218989e+00 7.004092e-24
4.228718e+00 6.971072e-24
4.238470e+00 6.957316e-24
4.248244e+00 6.927780e-24
4.258040e+00 6.870054e-24
4.267859e+00 6.805394e-24
4.277701e+00 6.760696e-24
4.287565e+00 6.735627e-24
4.297452e+00 6.694379e-24
4.307362e+00 6.634291e-24
4.317295e+00 6.590578e-24
4.327251e+00 6.554486e-24
4.337230e+00 6.508927e-24
4.347231e+00 6.473796e-24
4.357256e+00 6.447109e-24
4.367304e+00 6.418522e-24
4.377375e+00 6.394709e-24
4.387469e+00 6.361005e-24
4.397587e+00 6.351184e-24
4.407728e+00 6.334066e-24
4.417892e+00 6.259787e-24
4.428079e+00 6.216403e-24
4.438291e+00 6.180744e-24
4.448525e+00 6.130346e-24
4.458784e+00 6.098580e-24
4.469066e+00 6.069079e-24
4.479371e+00 6.029572e-24
4.489701e+00 6.026284e-24
4.500054e+00 6.054819e-24
4.510431e+00 5.928267e-24
4.520832e+00 5.848457e-24
4.531257e+00 5.804478e-24
4.541707e+00 5.769654e-24
4.552180e+00 5.725326e-24
4.562677e+00 5.686895e-24
4.573199e+00 5.652348e-24
4.583745e+00 5.622913e-24
4.594315e+00 5.587118e-24
4.604909e+00 5.550678e-24
4.615528e+00 5.529308e-24
4.626172e+00 5.485417e-24
4.636840e+00 5.452697e-24
4.647532e+00 5.408589e-24
4.658249e+00 5.380675e-24
4.668991e+00 5.356349e-24
4.679758e+00 5.340250e-24
4.690550e+00 5.306813e-24
4.701366e+00 5.241654e-24
4.712208e+00 5.201166e-24
4.723074e+00 5.168098e-24
4.733965e+00 5.132399e-24
4.744882e+00 5.101872e-24
4.755824e+00 5.076205e-24
4.766791e+00 5.046108e-24
4.777783e+00 5.018670e-24
4.788800e+00 4.987099e-24
4.799843e+00 4.955610e-24
4.810912e+00 4.925232e-24
4.822006e+00 4.897412e-24
4.833126e+00 4.868387e-24
4.844271e+00 4.847745e-24
4.855442e+00 4.815046e-24
4.866638e+00 4.787852e-24
4.877861e+00 4.760172e-24
4.889109e+00 4.735464e-24
4.900384e+00 4.709012e-24
4.911684e+00 4.686401e-24
4.923010e+00 4.666710e-24
4.934363e+00 4.649299e-24
4.945741e+00 4.628446e-24
4.957146e+00 4.613402e-24
4.968578e+00 4.593976e-24
4.980035e+00 4.571582e-24
4.991519e+00 4.544705e-24
5.003030e+00 4.516013e-24
5.014567e+00 4.481452e-24
5.026130e+00 4.463565e-24
5.037721e+00 4.446527e-24
5.049338e+00 4.423839e-24
5.060981e+00 4.404877e-24
5.072652e+00 4.378693e-24
5.084350e+00 4.346909e-24
5.096074e+00 4.303838e-24
5.107826e+00 4.266330e-24
5.119605e+00 4.233453e-24
5.131410e+00 4.203489e-24
5.143243e+00 4.173901e-24
5.155104e+00 4.148641e-24
5.166991e+00 4.121912e-24
5.178907e+00 4.104650e-24
5.190849e+00 4.116594e-24
5.202819e+00 4.089872e-24
5.214817e+00 4.057086e-24
5.226842e+00 3.994073e-24
5.238896e+00 3.952860e-24
5.250977e+00 3.927837e-24
5.263085e+00 3.902905e-24
5.275222e+00 3.878255e-24
5.287387e+00 3.854825e-24
5.299580e+00 3.829796e-24
5.311800e+00 3.808352e-24
5.324049e+00 3.786481e-24
5.336327e+00 3.764575e-24
5.348632e+00 3.740084e-24
5.360966e+00 3.717041e-24
5.373329e+00 3.692639e-24
5.385720e+00 3.669152e-24
5.398139e+00 3.653875e-24
5.410587e+00 3.630639e-24
5.423064e+00 3.606217e-24
5.435570e+00 3.584635e-24
5.448104e+00 3.563884e-24
5.460668e+00 3.543622e-24
5.473260e+00 3.518770e-24
5.485881e+00 3.497293e-24
5.498532e+00 3.477133e-24
5.511212e+00 3.456420e-24
5.523920e+00 3.434497e-24
5.536659e+00 3.417737e-24
5.549426e+00 3.408415e-24
5.562223e+00 3.396319e-24
5.575050e+00 3.382187e-24
5.587906e+00 3.347140e-24
5.600792e+00 3.314710e-24
5.613707e+00 3.290978e-24
5.626652e+00 3.266804e-24
5.639627e+00 3.244833e-24
5.652632e+00 3.226751e-24
5.665668e+00 3.202546e-24
5.678733e+00 3.181033e-24
5.691828e+00 3.165450e-24
5.704953e+00 3.152172e-24
5.718109e+00 3.127386e-24
5.731295e+00 3.101978e-24
5.744511e+00 3.083902e-24
5.757758e+00 3.065723e-24
5.771036e+00 3.046609e-24
5.784344e+00 3.027087e-24
5.797682e+00 3.009747e-24
5.811052e+00 2.992714e-24
5.824452e+00 2.975898e-24
5.837883e+00 2.959318e-24
5.851346e+00 2.944661e-24
5.864839e+00 2.931938e-24
5.878363e+00 2.910059e-24
5.891919e+00 2.890656e-24
5.905506e+00 2.873295e-24
5.919124e+00 2.857304e-24
5.932773e+00 2.841319e-24
5.946454e+00 2.825378e-24
5.960167e+00 2.810190e-24
5.973911e+00 2.794063e-24
5.987687e+00 2.779492e-24
6.001495e+00 2.762317e-24
6.015334e+00 2.746577e-24
6.029206e+00 2.728763e-24
6.043109e+00 2.712972e-24
6.057044e+00 2.695883e-24
6.071012e+00 2.681676e-24
6.085012e+00 2.665452e-24
6.099044e+00 2.648968e-24
6.113108e+00 2.631689e-24
6.127205e+00 2.616913e-24
6.141335e+00 2.603787e-24
6.155496e+00 2.589274e-24
6.169691e+00 2.584504e-24
6.183918e+00 2.571819e-24
6.198179e+00 2.548748e-24
6.212472e+00 2.536948e-24
6.226798e+00 2.530748e-24
6.241157e+00 2.519038e-24
6.255549e+00 2.506915e-24
6.269974e+00 2.483250e-24
6.284433e+00 2.467682e-24
6.298925e+00 2.454595e-24
6.313450e+00 2.442138e-24
6.328009e+00 2.431388e-24
6.342601e+00 2.421100e-24
6.357228e+00 2.410203e-24
6.371887e+00 2.396534e-24
6.386581e+00 2.379590e-24
6.401308e+00 2.365529e-24
6.416070e+00 2.353384e-24
6.430865e+00 2.338719e-24
6.445695e+00 2.322546e-24
6.460559e+00 2.310631e-24
6.475457e+00 2.298052e-24
6.490389e+00 2.286521e-24
6.505356e+00 2.274981e-24
6.520358e+00 2.265723e-24
6.535394e+00 2.254324e-24
6.550464e+00 2.241115e-24
6.565570e+00 2.232045e-24
6.580710e+00 2.223669e-24
6.595885e+00 2.213150e-24
6.611095e+00 2.202303e-24
6.626341e+00 2.192324e-24
6.641621e+00 2.182785e-24
6.656937e+00 2.174038e-24
6.672288e+00 2.163623e-24
6.687674e+00 2.152900e-24
6.703096e+00 2.143450e-24
6.718553e+00 2.132160e-24
6.734046e+00 2.123105e-24
6.749575e+00 2.114642e-24
6.765140e+00 2.100397e-24
6.780740e+00 2.088962e-24
6.796376e+00 2.076863e-24
6.812049e+00 2.065166e-24
6.827758e+00 2.053656e-24
6.843502e+00 2.041629e-24
6.859284e+00 2.030616e-24
6.875101e+00 2.019854e-24
6.890955e+00 2.008519e-24
6.906846e+00 1.997771e-24
6.922773e+00 1.987891e-24
6.938737e+00 1.978596e-24
6.954738e+00 1.970838e-24
6.970775e+00 1.960818e-24
6.986850e+00 1.951656e-24
7.002962e+00 1.942658e-24
7.019111e+00 1.933374e-24
7.035297e+00 1.925227e-24
7.051520e+00 1.918325e-24
7.067781e+00 1.910720e-24
7.084080e+00 1.900740e-24
7.100415e+00 1.892334e-24
7.116789e+00 1.882895e-24
7.133200e+00 1.878681e-24
7.149650e+00 1.876042e-24
7.166137e+00 1.859512e-24
7.182662e+00 1.851576e-24
7.199225e+00 1.843652e-24
7.215827e+00 1.835249e-24
7.232466e+00 1.826198e-24
7.249145e+00 1.817615e-24
7.265861e+00 1.808961e-24
7.282616e+00 1.801176e-24
7.299410e+00 1.793123e-24
7.316243e+00 1.784673e-24
7.333114e+00 1.776662e-24
7.350024e+00 1.769043e-24
7.366973e+00 1.760890e-24
7.383962e+00 1.752801e-24
7.400989e+00 1.745531e-24
7.418056e+00 1.738713e-24
7.435162e+00 1.736151e-24
7.452307e+00 1.751432e-24
7.469493e+00 1.726898e-24
7.486717e+00 1.710094e-24
7.503982e+00 1.702631e-24
7.521286e+00 1.694301e-24
7.538630e+00 1.686574e-24
7.556014e+00 1.679819e-24
7.573438e+00 1.673893e-24
7.590903e+00 1.667097e-24
7.608407e+00 1.660208e-24
7.625953e+00 1.652585e-24
7.643538e+00 1.645579e-24
7.661164e+00 1.639374e-24
7.678831e+00 1.632138e-24
7.696538e+00 1.625411e-24
7.714287e+00 1.618844e-24
7.732076e+00 1.611994e-24
7.749906e+00 1.604868e-24
7.767777e+00 1.598468e-24
7.785690e+00 1.591915e-24
7.803644e+00 1.586378e-24
7.821639e+00 1.580820e-24
7.839676e+00 1.575008e-24
7.857754e+00 1.567767e-24
7.875874e+00 1.561403e-24
7.894036e+00 1.554612e-24
7.912240e+00 1.548263e-24
7.930485e+00 1.540812e-24
7.948773e+00 1.533593e-24
7.967103e+00 1.527340e-24
7.985475e+00 1.521081e-24
8.003890e+00 1.515764e-24
8.022347e+00 1.509455e-24
8.040846e+00 1.501605e-24
8.059389e+00 1.495409e-24
8.077974e+00 1.489074e-24
8.096602e+00 1.483423e-24
8.115272e+00 1.477218e-24
8.133986e+00 1.471921e-24
8.152743e+00 1.466219e-24
8.171544e+00 1.460509e-24
8.190387e+00 1.454982e-24
8.209274e+00 1.448906e-24
8.228205e+00 1.443984e-24
8.247179e+00 1.438027e-24
8.266197e+00 1.432520e-24
8.285259e+00 1.427441e-24
8.304365e+00 1.422603e-24
8.323515e+00 1.436698e-24
8.342709e+00 1.434780e-24
8.361947e+00 1.407039e-24
8.381230e+00 1.400743e-24
8.400557e+00 1.395715e-24
8.419929e+00 1.391491e-24
8.439346e+00 1.386107e-24
8.458807e+00 1.380656e-24
8.478313e+00 1.375854e-24
8.497864e+00 1.371094e-24
8.517460e+00 1.366589e-24
8.537101e+00 1.361557e-24
8.556788e+00 1.357436e-24
8.576520e+00 1.353771e-24
8.596298e+00 1.348207e-24
8.616121e+00 1.342914e-24
8.635989e+00 1.337699e-24
8.655904e+00 1.332997e-24
8.675865e+00 1.328797e-24
8.695871e+00 1.324414e-24
8.715924e+00 1.320246e-24
8.736023e+00 1.316487e-24
8.756168e+00 1.312338e-24
8.776360e+00 1.308185e-24
8.796599e+00 1.304106e-24
8.816884e+00 1.300928e-24
8.837215e+00 1.296077e-24
8.857594e+00 1.292310e-24
8.878020e+00 1.289103e-24
8.898493e+00 1.285210e-24
8.919012e+00 1.281626e-24
8.939580e+00 1.278244e-24
8.960195e+00 1.274821e-24
8.980857e+00 1.271882e-24
9.001567e+00 1.268590e-24
9.022324e+00 1.265474e-24
9.043130e+00 1.262289e-24
9.063984e+00 1.259348e-24
9.084885e+00 1.256136e-24
9.105835e+00 1.253104e-24
9.126833e+00 1.250588e-24
9.147880e+00 1.248169e-24
9.168975e+00 1.245686e-24
9.190118e+00 1.243035e-24
9.211311e+00 1.240819e-24
9.232552e+00 1.239377e-24
9.253843e+00 1.237466e-24
9.275182e+00 1.238805e-24
9.296571e+00 1.235685e-24
9.318009e+00 1.232721e-24
9.339496e+00 1.230125e-24
9.361033e+00 1.227240e-24
9.382620e+00 1.224847e-24
9.404256e+00 1.222734e-24
9.425942e+00 1.220935e-24
9.447679e+00 1.219662e-24
9.469465e+00 1.218413e-24
9.491302e+00 1.217434e-24
9.513189e+00 1.215998e-24
9.535126e+00 1.214458e-24
9.557114e+00 1.213118e-24
9.579153e+00 1.211391e-24
9.601243e+00 1.210132e-24
9.623383e+00 1.208951e-24
9.645575e+00 1.207856e-24
9.667817e+00 1.206188e-24
9.690112e+00 1.204468e-24
9.712457e+00 1.202651e-24
9.734854e+00 1.200795e-24
9.757303e+00 1.199023e-24
9.779803e+00 1.197120e-24
9.802355e+00 1.194957e-24
9.824960e+00 1.192529e-24
9.847616e+00 1.190567e-24
9.870325e+00 1.188197e-24
9.893086e+00 1.185871e-24
9.915899e+00 1.183287e-24
9.938766e+00 1.181160e-24
9.961684e+00 1.178802e-24
9.984656e+00 1.178912e-24
1.000768e+01 1.207362e-24
1.003076e+01 1.171269e-24
1.005389e+01 1.168763e-24
1.007707e+01 1.166482e-24
1.010031e+01 1.164345e-24
1.012360e+01 1.161764e-24
1.014695e+01 1.159546e-24
1.017035e+01 1.157429e-24
1.019380e+01 1.155316e-24
1.021731e+01 1.153251e-24
1.024087e+01 1.151369e-24
1.026448e+01 1.149487e-24
1.028815e+01 1.147647e-24
1.031188e+01 1.145695e-24
1.033566e+01 1.143847e-24
1.035949e+01 1.142169e-24
1.038338e+01 1.140382e-24
1.040732e+01 1.141840e-24
1.043132e+01 1.137961e-24
1.045538e+01 1.135729e-24
1.047949e+01 1.134306e-24
1.050365e+01 1.132754e-24
1.052788e+01 1.131346e-24
1.055215e+01 1.130054e-24
1.057649e+01 1.128920e-24
1.060088e+01 1.127603e-24
1.062532e+01 1.125794e-24
1.064982e+01 1.124727e-24
1.067438e+01 1.123613e-24
1.069900e+01 1.122170e-24
1.072367e+01 1.120741e-24
1.074840e+01 1.119399e-24
1.077318e+01 1.118284e-24
1.079803e+01 1.117291e-24
1.082293e+01 1.115957e-24
1.084789e+01 1.114679e-24
1.087290e+01 1.113444e-24
1.089797e+01 1.112322e-24
1.092311e+01 1.111315e-24
1.094829e+01 1.110191e-24
1.097354e+01 1.109139e-24
1.099885e+01 1.107969e-24
1.102421e+01 1.106915e-24
1.104963e+01 1.105832e-24
1.107511e+01 1.104802e-24
1.110065e+01 1.103812e-24
1.112625e+01 1.102739e-24
1.115191e+01 1.101786e-24
1.117762e+01 1.100766e-24
1.120340e+01 1.099784e-24
1.122923e+01 1.098758e-24
1.125513e+01 1.097753e-24
1.128108e+01 1.096796e-24
1.130710e+01 1.095832e-24
1.133317e+01 1.094854e-24
1.135931e+01 1.093950e-24
1.138550e+01 1.093023e-24
1.141176e+01 1.092016e-24
1.143807e+01 1.091066e-24
1.146445e+01 1.090102e-24
1.149088e+01 1.089147e-24
1.151738e+01 1.088230e-24
1.154394e+01 1.087307e-24
1.157056e+01 1.086349e-24
1.159724e+01 1.085400e-24
1.162399e+01 1.084482e-24
1.165079e+01 1.083567e-24
1.167766e+01 1.082610e-24
1.170459e+01 1.081696e-24
1.173158e+01 1.080760e-24
1.175863e+01 1.079840e-24
1.178575e+01 1.078818e-24
1.181293e+01 1.077828e-24
1.184017e+01 1.076890e-24
1.186747e+01 1.075943e-24
1.189484e+01 1.075017e-24
1.192227e+01 1.074085e-24
1.194976e+01 1.073212e-24
1.197731e+01 1.072301e-24
1.200493e+01 1.071395e-24
1.203262e+01 1.070308e-24
1.206037e+01 1.069272e-24
1.208818e+01 1.068384e-24
1.211605e+01 1.067413e-24
1.214399e+01 1.066412e-24
1.217200e+01 1.065348e-24
1.220006e+01 1.064364e-24
1.222820e+01 1.063367e-24
1.225640e+01 1.062320e-24
1.228466e+01 1.061346e-24
1.231299e+01 1.060591e-24
1.234138e+01 1.059294e-24
1.236984e+01 1.058216e-24
1.239837e+01 1.057236e-24
1.242696e+01 1.056512e-24
1.245561e+01 1.063731e-24
1.248434e+01 1.054806e-24
1.251313e+01 1.053346e-24
1.254198e+01 1.051890e-24
1.257090e+01 1.050680e-24
1.259989e+01 1.049542e-24
1.262895e+01 1.048369e-24
1.265807e+01 1.047253e-24
1.268726e+01 1.046140e-24
1.271652e+01 1.044998e-24
1.274584e+01 1.043858e-24
1.277523e+01 1.042696e-24
1.280469e+01 1.041532e-24
1.283422e+01 1.040425e-24
1.286382e+01 1.039223e-24
1.289348e+01 1.038021e-24
1.292321e+01 1.036820e-24
1.295301e+01 1.035612e-24
1.298288e+01 1.034390e-24
1.301282e+01 1.033184e-24
1.304283e+01 1.031971e-24
1.307291e+01 1.030713e-24
1.310305e+01 1.029484e-24
1.313327e+01 1.028250e-24
1.316355e+01 1.027018e-24
1.319391e+01 1.025780e-24
1.322433e+01 1.024573e-24
1.325483e+01 1.023257e-24
1.328539e+01 1.021935e-24
1.331603e+01 1.020646e-24
1.334674e+01 1.019376e-24
1.337752e+01 1.018087e-24
1.340836e+01 1.016791e-24
1.343928e+01 1.015465e-24
1.347027e+01 1.014163e-24
1.350134e+01 1.012860e-24
1.353247e+01 1.011494e-24
1.356368e+01 1.010166e-24
1.359496e+01 1.008808e-24
1.362631e+01 1.007459e-24
1.365773e+01 1.006060e-24
1.368922e+01 1.004704e-24
1.372079e+01 1.003315e-24
1.375243e+01 1.001915e-24
1.378414e+01 1.000517e-24
1.381593e+01 9.991148e-25
1.384779e+01 9.977201e-25
1.387972e+01 9.962912e-25
1.391173e+01 9.948522e-25
1.394381e+01 9.934265e-25
1.397596e+01 9.919626e-25
1.400819e+01 9.905273e-25
1.404050e+01 9.890644e-25
1.407287e+01 9.876273e-25
1.410533e+01 9.861499e-25
1.413785e+01 9.846958e-25
1.417045e+01 9.831887e-25
1.420313e+01 9.817288e-25
1.423588e+01 9.802657e-25
1.426871e+01 9.787706e-25
1.430162e+01 9.772723e-25
1.433460e+01 9.757742e-25
1.436765e+01 9.742871e-25
1.440078e+01 9.728030e-25
1.443399e+01 9.712996e-25
1.446728e+01 9.697882e-25
1.450064e+01 9.682653e-25
1.453408e+01 9.667531e-25
1.456759e+01 9.651999e-25
1.460119e+01 9.636477e-25
1.463486e+01 9.620832e-25
1.466860e+01 9.605364e-25
1.470243e+01 9.589572e-25
1.473633e+01 9.573882e-25
1.477032e+01 9.558314e-25
1.480438e+01 9.542761e-25
1.483852e+01 9.527137e-25
1.487273e+01 9.511553e-25
1.490703e+01 9.496052e-25
1.494141e+01 9.480360e-25
1.497586e+01 9.464770e-25
1.501040e+01 9.449460e-25
1.504501e+01 9.433388e-25
1.507970e+01 9.417640e-25
1.511448e+01 9.401717e-25
1.514933e+01 9.386133e-25
1.518427e+01 9.370166e-25
1.521928e+01 9.354181e-25
1.525438e+01 9.338331e-25
1.528955e+01 9.322529e-25
1.532481e+01 9.306758e-25
1.536015e+01 9.290803e-25
1.539557e+01 9.275099e-25
1.543107e+01 9.259154e-25
1.546666e+01 9.243364e-25
1.550232e+01 9.227506e-25
1.553807e+01 9.211672e-25
1.557390e+01 9.195882e-25
1.560982e+01 9.180139e-25
1.564581e+01 9.164446e-25
1.568189e+01 9.148725e-25
1.571805e+01 9.132965e-25
1.575430e+01 9.117371e-25
1.579063e+01 9.101657e-25
1.582704e+01 9.086103e-25
1.586354e+01 9.070562e-25
1.590012e+01 9.055032e-25
1.593679e+01 9.039583e-25
1.597354e+01 9.024149e-25
1.601037e+01 9.008682e-25
1.604729e+01 8.993260e-25
1.608430e+01 8.978019e-25
1.612139e+01 8.962707e-25
1.615857e+01 8.947493e-25
1.619583e+01 8.932336e-25
1.623317e+01 8.917217e-25
1.627061e+01 8.902160e-25
1.630813e+01 8.887075e-25
1.634574e+01 8.872164e-25
1.638343e+01 8.857315e-25
1.642121e+01 8.842517e-25
1.645908e+01 8.827878e-25
1.649703e+01 8.813204e-25
1.653507e+01 8.798595e-25
1.657320e+01 8.784099e-25
1.661142e+01 8.769686e-25
1.664973e+01 8.755885e-25
1.668812e+01 8.740971e-25
1.672661e+01 8.726607e-25
1.676518e+01 8.712408e-25
1.680384e+01 8.698371e-25
1.684259e+01 8.684424e-25
1.688143e+01 8.670560e-25
1.692035e+01 8.656854e-25
1.695937e+01 8.643215e-25
1.699848e+01 8.629698e-25
1.703768e+01 8.616258e-25
1.707697e+01 8.602951e-25
1.711635e+01 8.589777e-25
1.715582e+01 8.576721e-25
1.719538e+01 8.563757e-25
1.723503e+01 8.550886e-25
1.727478e+01 8.538189e-25
1.731461e+01 8.525564e-25
1.735454e+01 8.513076e-25
1.739456e+01 8.500694e-25
1.743467e+01 8.488464e-25
1.747488e+01 8.476362e-25
1.751517e+01 8.464416e-25
1.755556e+01 8.452530e-25
1.759605e+01 8.440765e-25
1.763662e+01 8.429153e-25
1.767729e+01 8.417654e-25
1.771806e+01 8.406269e-25
1.775892e+01 8.395078e-25
1.779987e+01 8.384015e-25
1.784092e+01 8.373046e-25
1.788206e+01 8.362273e-25
1.792329e+01 8.351616e-25
1.796462e+01 8.341122e-25
1.800605e+01 8.330789e-25
1.804757e+01 8.320612e-25
1.808919e+01 8.310566e-25
1.813090e+01 8.300648e-25
1.817271e+01 8.290900e-25
1.821462e+01 8.281355e-25
1.825662e+01 8.271925e-25
1.829872e+01 8.262614e-25
1.834092e+01 8.253526e-25
1.838322e+01 8.244553e-25
1.842561e+01 8.235762e-25
1.846810e+01 8.227074e-25
1.851068e+01 8.218607e-25
1.855337e+01 8.210278e-25
1.859615e+01 8.202100e-25
1.863904e+01 8.194076e-25
1.868202e+01 8.186231e-25
1.872510e+01 8.178590e-25
1.876828e+01 8.171015e-25
1.881156e+01 8.163601e-25
1.885494e+01 8.156385e-25
1.889842e+01 8.149353e-25
1.894200e+01 8.142453e-25
1.898568e+01 8.135747e-25
1.902946e+01 8.129192e-25
1.907334e+01 8.122798e-25
1.911733e+01 8.116564e-25
1.916141e+01 8.110512e-25
1.920560e+01 8.104605e-25
1.924989e+01 8.098869e-25
1.929428e+01 8.093293e-25
1.933877e+01 8.087894e-25
1.938336e+01 8.082643e-25
1.942806e+01 8.077566e-25
1.947286e+01 8.072622e-25
1.951777e+01 8.067851e-25
1.956278e+01 8.063271e-25
1.960789e+01 8.058833e-25
1.965310e+01 8.054554e-25
1.969842e+01 8.050443e-25
1.974385e+01 8.046466e-25
1.978938e+01 8.042672e-25
1.983501e+01 8.039002e-25
1.988075e+01 8.035520e-25
1.992660e+01 8.032175e-25
1.997255e+01 8.028971e-25
2.001861e+01 8.025911e-25
2.006477e+01 8.023022e-25
2.011104e+01 8.020264e-25
2.015741e+01 8.017669e-25
2.020390e+01 8.015226e-25
2.025049e+01 8.012924e-25
2.029719e+01 8.010753e-25
2.034399e+01 8.008725e-25
2.039090e+01 8.006837e-25
2.043793e+01 8.005090e-25
2.048506e+01 8.003482e-25
2.053229e+01 8.001986e-25
2.057964e+01 8.000626e-25
2.062710e+01 7.999411e-25
2.067466e+01 7.998291e-25
2.072234e+01 7.997311e-25
2.077013e+01 7.996449e-25
2.081802e+01 7.995705e-25
2.086603e+01 7.995061e-25
2.091415e+01 7.994521e-25
2.096237e+01 7.994087e-25
2.101071e+01 7.993772e-25
2.105916e+01 7.993530e-25
2.110773e+01 7.993408e-25
2.115640e+01 7.993368e-25
2.120519e+01 7.993406e-25
2.125409e+01 7.993526e-25
2.130310e+01 7.993735e-25
2.135223e+01 7.994021e-25
2.140146e+01 7.994363e-25
2.145082e+01 7.994766e-25
2.150028e+01 7.995226e-25
2.154986e+01 7.995753e-25
2.159956e+01 7.996335e-25
2.164936e+01 7.996949e-25
2.169929e+01 7.997605e-25
2.174933e+01 7.998306e-25
2.179948e+01 7.999032e-25
2.184975e+01 7.999780e-25
2.190014e+01 8.000548e-25
2.195064e+01 8.001335e-25
2.200126e+01 8.002127e-25
2.205199e+01 8.002919e-25
2.210284e+01 8.003711e-25
2.215381e+01 8.004496e-25
2.220490e+01 8.005263e-25
2.225610e+01 8.006017e-25
2.230743e+01 8.006748e-25
2.235887e+01 8.007445e-25
2.241043e+01 8.008106e-25
2.246211e+01 8.008731e-25
2.251390e+01 8.009312e-25
2.256582e+01 8.009835e-25
2.261786e+01 8.010300e-25
2.267002e+01 8.010715e-25
2.272229e+01 8.011058e-25
2.277469e+01 8.011332e-25
2.282721e+01 8.011526e-25
2.287985e+01 8.011638e-25
2.293261e+01 8.011661e-25
2.298549e+01 8.011601e-25
2.303850e+01 8.011445e-25
2.309162e+01 8.011183e-25
2.314487e+01 8.010818e-25
2.319825e+01 8.010346e-25
2.325174e+01 8.009764e-25
2.330536e+01 8.009066e-25
2.335910e+01 8.008250e-25
2.341297e+01 8.007303e-25
2.346696e+01 8.006236e-25
2.352107e+01 8.005042e-25
2.357531e+01 8.003692e-25
2.362968e+01 8.002220e-25
2.368417e+01 8.000610e-25
2.373878e+01 7.998850e-25
2.379353e+01 7.996948e-25
2.384839e+01 7.994900e-25
2.390339e+01 7.992700e-25
2.395851e+01 7.990351e-25
2.401376e+01 7.987850e-25
2.406914e+01 7.985185e-25
2.412464e+01 7.982363e-25
2.418027e+01 7.979388e-25
2.423603e+01 7.976246e-25
2.429192e+01 7.972944e-25
2.434794e+01 7.969482e-25
2.440408e+01 7.965857e-25
2.446036e+01 7.962067e-25
2.451676e+01 7.958106e-25
2.457330e+01 7.953988e-25
2.462997e+01 7.949705e-25
2.468676e+01 7.945257e-25
2.474369e+01 7.940647e-25
2.480075e+01 7.935873e-25
2.485794e+01 7.930910e-25
2.491526e+01 7.925798e-25
2.497272e+01 7.920524e-25
2.503031e+01 7.915083e-25
2.508803e+01 7.909478e-25
2.514588e+01 7.903707e-25
2.520387e+01 7.897786e-25
2.526199e+01 7.891699e-25
2.532024e+01 7.885448e-25
2.537863e+01 7.879045e-25
2.543715e+01 7.872485e-25
2.549581e+01 7.865778e-25
2.555460e+01 7.858914e-25
2.561353e+01 7.851895e-25
2.567260e+01 7.844729e-25
2.573180e+01 7.837413e-25
2.579114e+01 7.829954e-25
2.585061e+01 7.822356e-25
2.591022e+01 7.814607e-25
2.596997e+01 7.806727e-25
2.602986e+01 7.798699e-25
2.608988e+01 7.790542e-25
2.615005e+01 7.782248e-25
2.621035e+01 7.773828e-25
2.627079e+01 7.765274e-25
2.633137e+01 7.756591e-25
2.639209e+01 7.747789e-25
2.645295e+01 7.738868e-25
2.651395e+01 7.729815e-25
2.657509e+01 7.720657e-25
2.663638e+01 7.711389e-25
2.669780e+01 7.701994e-25
2.675937e+01 7.692500e-25
2.682107e+01 7.682895e-25
2.688292e+01 7.673185e-25
2.694492e+01 7.663379e-25
2.700705e+01 7.653472e-25
2.706933e+01 7.643462e-25
2.713175e+01 7.633358e-25
2.719432e+01 7.623170e-25
2.725703e+01 7.612884e-25
2.731988e+01 7.602516e-25
2.738288e+01 7.592065e-25
2.744603e+01 7.581525e-25
2.750932e+01 7.570913e-25
2.757275e+01 7.560217e-25
2.763634e+01 7.549454e-25
2.770007e+01 7.538617e-25
2.776394e+01 7.527711e-25
2.782797e+01 7.516736e-25
2.789214e+01 7.505697e-25
2.795646e+01 7.494594e-25
2.802093e+01 7.483433e-25
2.808554e+01 7.472215e-25
2.815031e+01 7.460940e-25
2.821522e+01 7.449610e-25
2.828029e+01 7.438229e-25
2.834550e+01 7.426802e-25
2.841087e+01 7.415326e-25
2.847638e+01 7.403808e-25
2.854205e+01 7.392246e-25
2.860787e+01 7.380645e-25
2.867384e+01 7.369000e-25
2.873996e+01 7.357324e-25
2.880623e+01 7.345602e-25
2.887266e+01 7.333850e-25
2.893924e+01 7.322063e-25
2.900598e+01 7.310253e-25
2.907286e+01 7.298410e-25
2.913991e+01 7.286551e-25
2.920710e+01 7.274661e-25
2.927446e+01 7.262754e-25
2.934196e+01 7.250828e-25
2.940963e+01 7.238877e-25
2.947744e+01 7.226914e-25
2.954542e+01 7.214938e-25
2.961355e+01 7.202951e-25
2.968184e+01 7.190948e-25
2.975029e+01 7.178937e-25
2.981889e+01 7.166919e-25
2.988765e+01 7.154889e-25
2.995658e+01 7.142859e-25
3.002566e+01 7.130828e-25
3.009489e+01 7.118783e-25
3.016429e+01 7.106742e-25
3.023385e+01 7.094701e-25
3.030357e+01 7.082656e-25
3.037345e+01 7.070612e-25
3.044349e+01 7.058576e-25
3.051370e+01 7.046545e-25
3.058406e+01 7.034519e-25
3.065459e+01 7.022495e-25
3.072528e+01 7.010486e-25
3.079613e+01 6.998481e-25
3.086715e+01 6.986490e-25
3.093833e+01 6.974510e-25
3.100967e+01 6.962540e-25
3.108118e+01 6.950585e-25
3.115285e+01 6.938647e-25
3.122469e+01 6.926717e-25
3.129670e+01 6.914808e-25
3.136887e+01 6.902914e-25
3.144120e+01 6.891041e-25
3.151371e+01 6.879184e-25
3.158638e+01 6.867347e-25
3.165922e+01 6.855535e-25
3.173222e+01 6.843736e-25
3.180540e+01 6.831962e-25
3.187874e+01 6.820207e-25
3.195225e+01 6.808481e-25
3.202594e+01 6.796775e-25
3.209979e+01 6.785098e-25
3.217381e+01 6.773441e-25
3.224800e+01 6.761811e-25
3.232237e+01 6.750208e-25
3.239690e+01 6.738631e-25
3.247161e+01 6.727081e-25
3.254649e+01 6.715558e-25
3.262154e+01 6.704063e-25
3.269677e+01 6.692603e-25
3.277217e+01 6.681162e-25
3.284774e+01 6.669757e-25
3.292349e+01 6.658383e-25
3.299941e+01 6.647040e-25
3.307551e+01 6.635731e-25
3.315178e+01 6.624445e-25
3.322823e+01 6.613196e-25
3.330485e+01 6.601978e-25
3.338165e+01 6.590794e-25
3.345863e+01 6.579644e-25
3.353579e+01 6.568526e-25
3.361312e+01 6.557443e-25
3.369063e+01 6.546392e-25
3.376832e+01 6.535377e-25
3.384619e+01 6.524396e-25
3.392424e+01 6.513449e-25
3.400247e+01 6.502539e-25
3.408088e+01 6.491663e-25
3.415947e+01 6.480823e-25
3.423825e+01 6.470018e-25
3.431720e+01 6.459250e-25
3.439634e+01 6.448517e-25
3.447565e+01 6.437820e-25
3.455515e+01 6.427160e-25
3.463484e+01 6.416537e-25
3.471471e+01 6.405954e-25
3.479476e+01 6.395403e-25
3.487500e+01 6.384892e-25
3.495542e+01 6.374417e-25
3.503603e+01 6.363981e-25
3.511682e+01 6.353582e-25
3.519780e+01 6.343216e-25
3.527897e+01 6.332891e-25
3.536032e+01 6.322605e-25
3.544186e+01 6.312355e-25
3.552359e+01 6.302145e-25
3.560551e+01 6.291971e-25
3.568761e+01 6.281835e-25
3.576991e+01 6.271737e-25
3.585240e+01 6.261677e-25
3.593507e+01 6.251658e-25
3.601794e+01 6.241674e-25
3.610100e+01 6.231729e-25
3.618424e+01 6.221821e-25
3.626769e+01 6.211954e-25
3.635132e+01 6.202124e-25
3.643515e+01 6.192332e-25
3.651917e+01 6.182575e-25
3.660338e+01 6.172860e-25
3.668779e+01 6.163183e-25
3.677239e+01 6.153544e-25
3.685719e+01 6.143944e-25
3.694218e+01 6.134380e-25
3.702737e+01 6.124855e-25
3.711275e+01 6.115368e-25
3.719834e+01 6.105918e-25
3.728412e+01 6.096507e-25
3.737009e+01 6.087134e-25
3.745627e+01 6.077797e-25
3.754264e+01 6.068501e-25
3.762922e+01 6.059241e-25
3.771599e+01 6.050018e-25
3.780296e+01 6.040831e-25
3.789014e+01 6.031685e-25
3.797751e+01 6.022573e-25
3.806509e+01 6.013499e-25
3.815287e+01 6.004464e-25
3.824085e+01 5.995466e-25
3.832903e+01 5.986505e-25
3.841742e+01 5.977576e-25
3.850601e+01 5.968690e-25
3.859480e+01 5.959838e-25
3.868380e+01 5.951023e-25
3.877301e+01 5.942244e-25
3.886242e+01 5.933501e-25
3.895204e+01 5.924795e-25
3.904186e+01 5.916126e-25
3.913189e+01 5.907492e-25
3.922213e+01 5.898894e-25
3.931258e+01 5.890335e-25
3.940323e+01 5.881809e-25
3.949410e+01 5.873319e-25
3.958517e+01 5.864869e-25
3.967645e+01 5.856456e-25
3.976795e+01 5.848087e-25
3.985965e+01 5.839775e-25
3.995157e+01 5.831601e-25
4.004370e+01 5.825458e-25
4.013604e+01 5.815961e-25
4.022859e+01 5.806792e-25
4.032136e+01 5.798515e-25
4.041434e+01 5.790341e-25
4.050754e+01 5.782220e-25
4.060095e+01 5.774137e-25
4.069457e+01 5.766091e-25
4.078842e+01 5.758080e-25
4.088247e+01 5.750104e-25
4.097675e+01 5.742162e-25
4.107124e+01 5.734251e-25
4.116595e+01 5.726375e-25
4.126088e+01 5.718532e-25
4.135603e+01 5.710723e-25
4.145140e+01 5.702944e-25
4.154698e+01 5.695199e-25
4.164279e+01 5.687487e-25
4.173882e+01 5.679807e-25
4.183507e+01 5.672157e-25
4.193154e+01 5.664540e-25
4.202824e+01 5.656954e-25
4.212516e+01 5.649401e-25
4.222230e+01 5.641879e-25
4.231966e+01 5.634386e-25
4.241725e+01 5.626926e-25
4.251507e+01 5.619497e-25
4.261311e+01 5.612097e-25
4.271137e+01 5.604730e-25
4.280986e+01 5.597393e-25
4.290858e+01 5.590085e-25
4.300753e+01 5.582808e-25
4.310671e+01 5.575562e-25
4.320611e+01 5.568345e-25
4.330575e+01 5.561158e-25
4.340561e+01 5.554001e-25
4.350570e+01 5.546871e-25
4.360603e+01 5.539772e-25
4.370658e+01 5.532702e-25
4.380737e+01 5.525661e-25
4.390839e+01 5.518648e-25
4.400964e+01 5.511665e-25
4.411113e+01 5.504709e-25
4.421285e+01 5.497783e-25
4.431481e+01 5.490884e-25
4.441700e+01 5.484013e-25
4.451942e+01 5.477170e-25
4.462208e+01 5.470355e-25
4.472498e+01 5.463567e-25
4.482812e+01 5.456807e-25
4.493149e+01 5.450074e-25
4.503511e+01 5.443368e-25
4.513896e+01 5.436690e-25
4.524305e+01 5.430037e-25
4.534738e+01 5.423412e-25
4.545195e+01 5.416813e-25
4.555676e+01 5.410241e-25
4.566182e+01 5.403694e-25
4.576711e+01 5.397173e-25
4.587265e+01 5.390677e-25
4.597843e+01 5.384209e-25
4.608446e+01 5.377766e-25
4.619073e+01 5.371349e-25
4.629725e+01 5.364957e-25
4.640401e+01 5.358590e-25
4.651102e+01 5.352248e-25
4.661827e+01 5.345931e-25
4.672578e+01 5.339639e-25
4.683353e+01 5.333371e-25
4.694152e+01 5.327128e-25
4.704977e+01 5.320911e-25
4.715827e+01 5.314716e-25
4.726702e+01 5.308548e-25
4.737601e+01 5.302403e-25
4.748526e+01 5.296289e-25
4.759476e+01 5.290192e-25
4.770452e+01 5.284116e-25
4.781453e+01 5.278063e-25
4.792479e+01 5.272033e-25
4.803530e+01 5.266026e-25
4.814607e+01 5.260042e-25
4.825710e+01 5.254081e-25
4.836838e+01 5.248142e-25
4.847992e+01 5.242226e-25
4.859171e+01 5.236332e-25
4.870376e+01 5.230461e-25
4.881607e+01 5.224612e-25
4.892864e+01 5.218784e-25
4.904147e+01 5.212979e-25
4.915456e+01 5.207195e-25
4.926792e+01 5.201432e-25
4.938153e+01 5.195692e-25
4.949540e+01 5.189972e-25
4.960954e+01 5.184274e-25
4.972394e+01 5.178596e-25
4.983860e+01 5.172940e-25
4.995353e+01 5.167305e-25
5.006872e+01 5.161690e-25
5.018418e+01 5.156095e-25
5.029991e+01 5.150522e-25
5.041590e+01 5.144968e-25
5.053216e+01 5.139435e-25
5.064869e+01 5.133921e-25
5.076548e+01 5.128428e-25
5.088255e+01 5.122955e-25
5.099988e+01 5.117501e-25
5.111749e+01 5.112067e-25
5.123537e+01 5.106652e-25
5.135352e+01 5.101256e-25
5.147194e+01 5.095880e-25
5.159063e+01 5.090523e-25
5.170960e+01 5.085185e-25
5.182884e+01 5.079866e-25
5.194836e+01 5.074566e-25
5.206816e+01 5.069284e-25
5.218822e+01 5.064021e-25
5.230857e+01 5.058776e-25
5.242920e+01 5.053550e-25
5.255010e+01 5.048342e-25
5.267128e+01 5.043152e-25
5.279274e+01 5.037980e-25
5.291448e+01 5.032826e-25
5.303650e+01 5.027689e-25
5.315880e+01 5.022571e-25
5.328139e+01 5.017469e-25
5.340425e+01 5.012386e-25
5.352741e+01 5.007320e-25
5.365084e+01 5.002271e-25
5.377456e+01 4.997239e-25
5.389856e+01 4.992224e-25
5.402285e+01 4.987226e-25
5.414743e+01 4.982245e-25
5.427230e+01 4.977281e-25
5.439745e+01 4.972333e-25
5.452289e+01 4.967402e-25
5.464862e+01 4.962488e-25
5.477464e+01 4.957589e-25
5.490095e+01 4.952707e-25
5.502755e+01 4.947842e-25
5.515445e+01 4.942992e-25
5.528163e+01 4.938158e-25
5.540911e+01 4.933340e-25
5.553689e+01 4.928538e-25
5.566495e+01 4.923752e-25
5.579332e+01 4.918981e-25
5.592198e+01 4.914225e-25
5.605093e+01 4.909486e-25
5.618019e+01 4.904761e-25
5.630974e+01 4.900051e-25
5.643959e+01 4.895355e-25
5.656974e+01 4.890679e-25
5.670019e+01 4.886015e-25
5.683094e+01 4.881366e-25
5.696200e+01 4.876732e-25
5.709335e+01 4.872113e-25
5.722501e+01 4.867510e-25
5.735697e+01 4.862923e-25
5.748923e+01 4.858360e-25
5.762181e+01 4.853877e-25
5.775468e+01 4.850699e-25
5.788786e+01 4.844745e-25
5.802135e+01 4.840189e-25
5.815515e+01 4.835676e-25
5.828926e+01 4.831182e-25
5.842367e+01 4.826703e-25
5.855840e+01 4.822238e-25
5.869344e+01 4.817788e-25
5.882878e+01 4.813351e-25
5.896444e+01 4.808928e-25
5.910041e+01 4.804519e-25
5.923670e+01 4.800123e-25
5.937330e+01 4.795740e-25
5.951022e+01 4.791371e-25
5.964745e+01 4.787014e-25
5.978500e+01 4.782671e-25
5.992286e+01 4.778341e-25
6.006104e+01 4.774024e-25
6.019954e+01 4.769720e-25
6.033836e+01 4.765429e-25
6.047750e+01 4.761150e-25
6.061697e+01 4.756884e-25
6.075675e+01 4.752630e-25
6.089686e+01 4.748390e-25
6.103728e+01 4.744161e-25
6.117804e+01 4.739945e-25
6.131911e+01 4.735742e-25
6.146052e+01 4.731550e-25
6.160224e+01 4.727371e-25
6.174430e+01 4.723204e-25
6.188668e+01 4.719049e-25
6.202939e+01 4.714906e-25
6.217243e+01 4.710774e-25
6.231580e+01 4.706655e-25
6.245950e+01 4.702548e-25
6.260354e+01 4.698452e-25
6.274790e+01 4.694368e-25
6.289260e+01 4.690295e-25
6.303763e+01 4.686234e-25
6.318299e+01 4.682185e-25
6.332869e+01 4.678147e-25
6.347473e+01 4.674120e-25
6.362110e+01 4.670104e-25
6.376781e+01 4.666100e-25
6.391486e+01 4.662107e-25
6.406225e+01 4.658125e-25
6.420998e+01 4.654154e-25
6.435805e+01 4.650195e-25
6.450646e+01 4.646246e-25
6.465521e+01 4.642308e-25
6.480431e+01 4.638380e-25
6.495375e+01 4.634464e-25
6.510353e+01 4.630558e-25
6.525366e+01 4.626663e-25
6.540413e+01 4.622779e-25
6.555496e+01 4.618905e-25
6.570613e+01 4.615042e-25
6.585765e+01 4.611189e-25
6.600951e+01 4.607346e-25
6.616173e+01 4.603514e-25
6.631430e+01 4.599692e-25
6.646722e+01 4.595880e-25
6.662050e+01 4.592079e-25
6.677412e+01 4.588288e-25
6.692811e+01 4.584506e-25
6.708244e+01 4.580735e-25
6.723714e+01 4.576974e-25
6.739218e+01 4.573222e-25
6.754759e+01 4.569481e-25
6.770336e+01 4.565749e-25
6.785948e+01 4.562028e-25
6.801597e+01 4.558315e-25
6.817281e+01 4.554613e-25
6.833002e+01 4.550920e-25
6.848759e+01 4.547237e-25
6.864552e+01 4.543564e-25
6.880382e+01 4.539899e-25
6.896248e+01 4.536245e-25
6.912151e+01 4.532600e-25
6.928090e+01 4.528964e-25
6.944067e+01 4.525337e-25
6.960080e+01 4.521720e-25
6.976130e+01 4.518112e-25
6.992217e+01 4.514513e-25
7.008341e+01 4.510923e-25
7.024502e+01 4.507343e-25
7.040701e+01 4.503771e-25
7.056936e+01 4.500209e-25
7.073210e+01 4.496655e-25
7.089521e+01 4.493111e-25
7.105869e+01 4.489575e-25
7.122255e+01 4.486048e-25
7.138679e+01 4.482531e-25
7.155141e+01 4.479021e-25
7.171641e+01 4.475521e-25
7.188179e+01 4.472029e-25
7.204755e+01 4.468546e-25
7.221369e+01 4.465072e-25
7.238022e+01 4.461606e-25
7.254713e+01 4.458148e-25
7.271442e+01 4.454699e-25
7.288210e+01 4.451259e-25
7.305017e+01 4.447827e-25
7.321862e+01 4.444404e-25
7.338746e+01 4.440988e-25
7.355669e+01 4.437582e-25
7.372632e+01 4.434183e-25
7.389633e+01 4.430793e-25
7.406674e+01 4.427411e-25
7.423753e+01 4.424037e-25
7.440873e+01 4.420671e-25
7.458031e+01 4.417313e-25
7.475230e+01 4.413964e-25
7.492468e+01 4.410622e-25
7.509745e+01 4.407289e-25
7.527063e+01 4.403963e-25
7.544420e+01 4.400645e-25
7.561818e+01 4.397336e-25
7.579255e+01 4.394034e-25
7.596733e+01 4.390740e-25
7.614251e+01 4.387454e-25
7.631810e+01 4.384175e-25
7.649409e+01 4.380905e-25
7.667048e+01 4.377642e-25
7.684729e+01 4.374387e-25
7.702450e+01 4.371139e-25
7.720212e+01 4.367899e-25
7.738015e+01 4.364667e-25
7.755858e+01 4.361442e-25
7.773744e+01 4.358225e-25
7.791670e+01 4.355015e-25
7.809638e+01 4.351813e-25
7.827647e+01 4.348618e-25
7.845697e+01 4.345431e-25
7.863789e+01 4.342251e-25
7.881923e+01 4.339078e-25
7.900099e+01 4.335913e-25
7.918317e+01 4.332755e-25
7.936577e+01 4.329604e-25
7.954878e+01 4.326461e-25
7.973222e+01 4.323325e-25
7.991609e+01 4.320196e-25
8.010037e+01 4.317074e-25
8.028509e+01 4.313959e-25
8.047022e+01 4.310852e-25
8.065579e+01 4.307751e-25
8.084178e+01 4.304658e-25
8.102820e+01 4.301572e-25
8.121506e+01 4.298492e-25
8.140234e+01 4.295420e-25
8.159005e+01 4.292355e-25
8.177820e+01 4.289296e-25
8.196678e+01 4.286245e-25
8.215580e+01 4.283200e-25
8.234525e+01 4.280162e-25
8.253514e+01 4.277131e-25
8.272546e+01 4.274107e-25
8.291623e+01 4.271090e-25
8.310744e+01 4.268080e-25
8.329908e+01 4.265076e-25
8.349117e+01 4.262079e-25
8.368370e+01 4.259089e-25
8.387668e+01 4.256105e-25
8.407010e+01 4.253128e-25
8.426396e+01 4.250158e-25
8.445828e+01 4.247194e-25
8.465304e+01 4.244237e-25
8.484825e+01 4.241286e-25
8.504391e+01 4.238342e-25
8.524002e+01 4.235405e-25
8.543659e+01 4.232474e-25
8.563360e+01 4.229550e-25
8.583107e+01 4.226632e-25
8.602900e+01 4.223720e-25
8.622738e+01 4.220815e-25
8.642623e+01 4.217916e-25
8.662553e+01 4.215024e-25
8.682528e+01 4.212138e-25
8.702550e+01 4.209259e-25
8.722619e+01 4.206386e-25
8.742733e+01 4.203519e-25
8.762894e+01 4.200658e-25
8.783101e+01 4.197804e-25
8.803355e+01 4.194956e-25
8.823656e+01 4.192114e-25
8.844003e+01 4.189278e-25
8.864397e+01 4.186449e-25
8.884839e+01 4.183626e-25
8.905327e+01 4.180808e-25
8.925863e+01 4.177997e-25
8.946446e+01 4.175193e-25
8.967077e+01 4.172394e-25
8.987755e+01 4.169601e-25
9.008481e+01 4.166815e-25
9.029254e+01 4.164034e-25
9.050076e+01 4.161260e-25
9.070945e+01 4.158492e-25
9.091863e+01 4.155729e-25
9.112829e+01 4.152973e-25
9.133843e+01 4.150222e-25
9.154906e+01 4.147478e-25
9.176017e+01 4.144739e-25
9.197177e+01 4.142007e-25
9.218386e+01 4.139280e-25
9.239644e+01 4.136559e-25
9.260950e+01 4.133844e-25
9.282306e+01 4.131135e-25
9.303711e+01 4.128432e-25
9.325166e+01 4.125735e-25
9.346669e+01 4.123043e-25
9.368223e+01 4.120357e-25
9.389826e+01 4.117677e-25
9.411479e+01 4.115003e-25
9.433182e+01 4.112335e-25
9.454935e+01 4.109672e-25
9.476738e+01 4.107015e-25
9.498592e+01 4.104364e-25
9.520496e+01 4.101719e-25
9.542450e+01 4.099079e-25
9.564455e+01 4.096445e-25
9.586511e+01 4.093816e-25
9.608617e+01 4.091193e-25
9.630775e+01 4.088576e-25
9.652983e+01 4.085965e-25
9.675243e+01 4.083359e-25
9.697554e+01 4.080758e-25
9.719917e+01 4.078163e-25
9.742331e+01 4.075574e-25
9.764797e+01 4.072991e-25
9.787315e+01 4.070413e-25
9.809884e+01 4.067840e-25
9.832506e+01 4.065273e-25
9.855180e+01 4.062711e-25
9.877906e+01 4.060155e-25
9.900685e+01 4.057605e-25
9.923516e+01 4.055060e-25
9.946399e+01 4.052520e-25
9.969336e+01 4.049986e-25
9.992325e+01 4.047457e-25
1.001537e+02 4.044934e-25
1.003846e+02 4.042416e-25
1.006161e+02 4.039904e-25
1.008481e+02 4.037397e-25
1.010807e+02 4.034895e-25
1.013138e+02 4.032399e-25
1.015474e+02 4.029908e-25
1.017816e+02 4.027422e-25
1.020163e+02 4.024942e-25
1.022515e+02 4.022467e-25
1.024873e+02 4.019997e-25
1.027237e+02 4.017533e-25
1.029606e+02 4.015074e-25
1.031980e+02 4.012620e-25
1.034360e+02 4.010172e-25
1.036745e+02 4.007729e-25
1.039136e+02 4.005291e-25
1.041532e+02 4.002858e-25
1.043934e+02 4.000431e-25
1.046341e+02 3.998009e-25
1.048754e+02 3.995592e-25
1.051172e+02 3.993180e-25
1.053596e+02 3.990773e-25
1.056026e+02 3.988372e-25
1.058461e+02 3.985976e-25
1.060902e+02 3.983585e-25
1.063348e+02 3.981199e-25
1.065800e+02 3.978818e-25
1.068258e+02 3.976443e-25
1.070722e+02 3.974073e-25
1.073191e+02 3.971707e-25
1.075665e+02 3.969347e-25
1.078146e+02 3.966992e-25
1.080632e+02 3.964642e-25
1.083124e+02 3.962298e-25
1.085622e+02 3.959958e-25
1.088125e+02 3.957623e-25
1.090634e+02 3.955294e-25
1.093149e+02 3.952969e-25
1.095670e+02 3.950650e-25
1.098197e+02 3.948336e-25
1.100729e+02 3.946027e-25
1.103268e+02 3.943722e-25
1.105812e+02 3.941423e-25
1.108362e+02 3.939129e-25
1.110918e+02 3.936840e-25
1.113480e+02 3.934556e-25
1.116047e+02 3.932276e-25
1.118621e+02 3.930002e-25
1.121200e+02 3.927733e-25
1.123786e+02 3.925469e-25
1.126377e+02 3.923210e-25
1.128975e+02 3.920956e-25
1.131578e+02 3.918706e-25
1.134188e+02 3.916462e-25
1.136803e+02 3.914223e-25
1.139425e+02 3.911988e-25
1.142052e+02 3.909759e-25
1.144686e+02 3.907534e-25
1.147325e+02 3.905315e-25
1.149971e+02 3.903100e-25
1.152623e+02 3.900890e-25
1.155281e+02 3.898685e-25
1.157945e+02 3.896485e-25
1.160615e+02 3.894290e-25
1.163292e+02 3.892100e-25
1.165974e+02 3.889915e-25
1.168663e+02 3.887734e-25
1.171358e+02 3.885559e-25
1.174059e+02 3.883388e-25
1.176766e+02 3.881222e-25
1.179480e+02 3.879062e-25
1.182200e+02 3.876905e-25
1.184926e+02 3.874754e-25
1.187658e+02 3.872608e-25
1.190397e+02 3.870466e-25
1.193142e+02 3.868330e-25
1.195894e+02 3.866198e-25
1.198651e+02 3.864071e-25
1.201416e+02 3.861948e-25
1.204186e+02 3.859831e-25
1.206963e+02 3.857719e-25
1.209746e+02 3.855611e-25
1.212536e+02 3.853508e-25
1.215332e+02 3.851409e-25
1.218134e+02 3.849316e-25
1.220943e+02 3.847227e-25
1.223759e+02 3.845144e-25
1.226581e+02 3.843064e-25
1.229410e+02 3.840990e-25
1.232245e+02 3.838921e-25
1.235086e+02 3.836856e-25
1.237934e+02 3.834796e-25
1.240789e+02 3.832741e-25
1.243650e+02 3.830690e-25
1.246518e+02 3.828645e-25
1.249393e+02 3.826604e-25
1.252274e+02 3.824568e-25
1.255161e+02 3.822536e-25
1.258056e+02 3.820510e-25
1.260957e+02 3.818488e-25
1.263865e+02 3.816470e-25
1.266779e+02 3.814458e-25
1.269700e+02 3.812450e-25
1.272628e+02 3.810447e-25
1.275563e+02 3.808449e-25
1.278504e+02 3.806455e-25
1.281453e+02 3.804467e-25
1.284408e+02 3.802482e-25
1.287370e+02 3.800503e-25
1.290338e+02 3.798528e-25
1.293314e+02 3.796558e-25
1.296296e+02 3.794593e-25
1.299285e+02 3.792632e-25
1.302282e+02 3.790677e-25
1.305285e+02 3.788725e-25
1.308295e+02 3.786779e-25
1.311312e+02 3.784837e-25
1.314335e+02 3.782900e-25
1.317366e+02 3.780968e-25
1.320404e+02 3.779040e-25
1.323449e+02 3.777117e-25
1.326501e+02 3.775199e-25
1.329560e+02 3.773285e-25
1.332626e+02 3.771376e-25
1.335699e+02 3.769472e-25
1.338779e+02 3.767572e-25
1.341866e+02 3.765677e-25
1.344961e+02 3.763787e-25
1.348062e+02 3.761901e-25
1.351171e+02 3.760020e-25
1.354287e+02 3.758144e-25
1.357410e+02 3.756273e-25
1.360540e+02 3.754406e-25
1.363677e+02 3.752543e-25
1.366822e+02 3.750686e-25
1.369974e+02 3.748833e-25
1.373133e+02 3.746985e-25
1.376299e+02 3.745141e-25
1.379473e+02 3.743302e-25
1.382654e+02 3.741468e-25
1.385843e+02 3.739638e-25
1.389038e+02 3.737813e-25
1.392241e+02 3.735993e-25
1.395452e+02 3.734178e-25
1.398670e+02 3.732367e-25
1.401895e+02 3.730560e-25
1.405128e+02 3.728759e-25
1.408368e+02 3.726962e-25
1.411616e+02 3.725169e-25
1.414871e+02 3.723382e-25
1.418134e+02 3.721599e-25
1.421404e+02 3.719820e-25
1.424682e+02 3.718047e-25
1.427967e+02 3.716278e-25
1.431260e+02 3.714513e-25
1.434561e+02 3.712754e-25
1.437869e+02 3.710998e-25
1.441184e+02 3.709248e-25
1.444508e+02 3.707502e-25
1.447839e+02 3.705761e-25
1.451178e+02 3.704025e-25
1.454524e+02 3.702293e-25
1.457878e+02 3.700566e-25
1.461240e+02 3.698843e-25
1.464610e+02 3.697126e-25
1.467987e+02 3.695413e-25
1.471372e+02 3.693704e-25
1.474765e+02 3.692000e-25
1.478166e+02 3.690301e-25
1.481575e+02 3.688607e-25
1.484991e+02 3.686917e-25
1.488416e+02 3.685232e-25
1.491848e+02 3.683551e-25
1.495288e+02 3.681875e-25
1.498736e+02 3.680204e-25
1.502192e+02 3.678538e-25
1.505657e+02 3.676876e-25
1.509129e+02 3.675219e-25
1.512609e+02 3.673566e-25
1.516097e+02 3.671919e-25
1.519593e+02 3.670276e-25
1.523097e+02 3.668637e-25
1.526609e+02 3.667003e-25
1.530130e+02 3.665374e-25
1.533658e+02 3.663750e-25
1.537195e+02 3.662130e-25
1.540740e+02 3.660515e-25
1.544293e+02 3.658905e-25
1.547854e+02 3.657300e-25
1.551423e+02 3.655699e-25
1.555001e+02 3.654102e-25
1.558587e+02 3.652511e-25
1.562181e+02 3.650924e-25
1.565783e+02 3.649342e-25
1.569394e+02 3.647765e-25
1.573013e+02 3.646192e-25
1.576640e+02 3.644624e-25
1.580276e+02 3.643061e-25
1.583920e+02 3.641502e-25
1.587573e+02 3.639948e-25
1.591233e+02 3.638399e-25
1.594903e+02 3.636855e-25
1.598581e+02 3.635315e-25
1.602267e+02 3.633780e-25
1.605962e+02 3.632250e-25
1.609665e+02 3.630724e-25
1.613377e+02 3.629203e-25
1.617098e+02 3.627687e-25
1.620827e+02 3.626176e-25
1.624564e+02 3.624670e-25
1.628311e+02 3.623168e-25
1.632065e+02 3.621671e-25
1.635829e+02 3.620178e-25
1.639601e+02 3.618691e-25
1.643382e+02 3.617208e-25
1.647172e+02 3.615730e-25
1.650970e+02 3.614257e-25
1.654777e+02 3.612789e-25
1.658593e+02 3.611325e-25
1.662418e+02 3.609866e-25
1.666252e+02 3.608412e-25
1.670094e+02 3.606962e-25
1.673945e+02 3.605518e-25
1.677805e+02 3.604078e-25
1.681674e+02 3.602643e-25
1.685552e+02 3.601213e-25
1.689439e+02 3.599788e-25
1.693335e+02 3.598367e-25
1.697240e+02 3.596951e-25
1.701154e+02 3.595541e-25
1.705077e+02 3.594134e-25
1.709009e+02 3.592733e-25
1.712950e+02 3.591337e-25
1.716900e+02 3.589945e-25
1.720859e+02 3.588558e-25
1.724827e+02 3.587177e-25
1.728805e+02 3.585799e-25
1.732791e+02 3.584427e-25
1.736787e+02 3.583060e-25
1.740792e+02 3.581697e-25
1.744806e+02 3.580340e-25
1.748830e+02 3.578987e-25
1.752863e+02 3.577639e-25
1.756905e+02 3.576296e-25
1.760956e+02 3.574958e-25
1.765017e+02 3.573625e-25
1.769087e+02 3.572297e-25
1.773167e+02 3.570973e-25
1.777256e+02 3.569655e-25
1.781354e+02 3.568341e-25
1.785462e+02 3.567032e-25
1.789579e+02 3.565729e-25
1.793706e+02 3.564430e-25
1.797842e+02 3.563136e-25
1.801988e+02 3.561847e-25
1.806143e+02 3.560563e-25
1.810308e+02 3.559284e-25
1.814483e+02 3.558010e-25
1.818667e+02 3.556741e-25
1.822861e+02 3.555476e-25
1.827065e+02 3.554217e-25
1.831278e+02 3.552963e-25
1.835501e+02 3.551714e-25
1.839734e+02 3.550470e-25
1.843976e+02 3.549230e-25
1.848228e+02 3.547996e-25
1.852490e+02 3.546767e-25
1.856762e+02 3.545543e-25
1.861044e+02 3.544324e-25
1.865335e+02 3.543109e-25
1.869637e+02 3.541900e-25
1.873948e+02 3.540696e-25
1.878270e+02 3.539497e-25
1.882601e+02 3.538303e-25
1.886942e+02 3.537114e-25
1.891293e+02 3.535931e-25
1.895655e+02 3.534752e-25
1.900026e+02 3.533578e-25
1.904408e+02 3.532410e-25
1.908799e+02 3.531246e-25
1.913201e+02 3.530088e-25
1.917613e+02 3.528934e-25
1.922035e+02 3.527786e-25
1.926467e+02 3.526643e-25
1.930910e+02 3.525505e-25
1.935362e+02 3.524373e-25
1.939825e+02 3.523245e-25
1.944298e+02 3.522123e-25
1.948782e+02 3.521005e-25
1.953276e+02 3.519893e-25
1.957780e+02 3.518786e-25
1.962295e+02 3.517685e-25
1.966820e+02 3.516588e-25
1.971355e+02 3.515497e-25
1.975901e+02 3.514410e-25
1.980458e+02 3.513330e-25
1.985025e+02 3.512254e-25
1.989602e+02 3.511183e-25
1.994190e+02 3.510118e-25
1.998789e+02 3.509058e-25
2.003398e+02 3.508003e-25
2.008018e+02 3.506954e-25
2.012648e+02 3.505910e-25
2.017290e+02 3.504871e-25
2.021942e+02 3.503837e-25
2.026604e+02 3.502809e-25
2.031277e+02 3.501786e-25
2.035962e+02 3.500768e-25
2.040657e+02 3.499756e-25
2.045362e+02 3.498749e-25
2.050079e+02 3.497747e-25
2.054806e+02 3.496751e-25
2.059545e+02 3.495760e-25
2.064294e+02 3.494774e-25
2.069054e+02 3.493794e-25
2.073826e+02 3.492819e-25
2.078608e+02 3.491850e-25
2.083401e+02 3.490886e-25
2.088206e+02 3.489927e-25
2.093021e+02 3.488974e-25
2.097848e+02 3.488027e-25
2.102685e+02 3.487084e-25
2.107534e+02 3.486147e-25
2.112394e+02 3.485216e-25
2.117265e+02 3.484290e-25
2.122148e+02 3.483370e-25
2.127041e+02 3.482455e-25
2.131946e+02 3.481545e-25
2.136863e+02 3.480642e-25
2.141790e+02 3.479743e-25
2.146729e+02 3.478850e-25
2.151680e+02 3.477963e-25
2.156641e+02 3.477081e-25
2.161615e+02 3.476205e-25
2.166599e+02 3.475334e-25
2.171595e+02 3.474469e-25
2.176603e+02 3.473610e-25
2.181622e+02 3.472756e-25
2.186653e+02 3.471908e-25
2.191696e+02 3.471065e-25
2.196750e+02 3.470228e-25
2.201816e+02 3.469397e-25
2.206893e+02 3.468572e-25
2.211982e+02 3.467752e-25
2.217083e+02 3.466937e-25
2.222195e+02 3.466129e-25
2.227320e+02 3.465326e-25
2.232456e+02 3.464529e-25
2.237604e+02 3.463737e-25
2.242764e+02 3.462952e-25
2.247936e+02 3.462172e-25
2.253120e+02 3.461397e-25
2.258315e+02 3.460629e-25
2.263523e+02 3.459866e-25
2.268743e+02 3.459110e-25
2.273975e+02 3.458359e-25
2.279218e+02 3.457613e-25
2.284474e+02 3.456874e-25
2.289742e+02 3.456140e-25
2.295022e+02 3.455413e-25
2.300315e+02 3.454691e-25
2.305619e+02 3.453975e-25
2.310936e+02 3.453265e-25
2.316265e+02 3.452561e-25
2.321606e+02 3.451863e-25
2.326960e+02 3.451170e-25
2.332326e+02 3.450484e-25
2.337704e+02 3.449804e-25
2.343095e+02 3.449129e-25
2.348498e+02 3.448461e-25
2.353914e+02 3.447798e-25
2.359342e+02 3.447142e-25
2.364783e+02 3.446491e-25
2.370236e+02 3.445847e-25
2.375702e+02 3.445208e-25
2.381180e+02 3.444576e-25
2.386671e+02 3.443950e-25
2.392175e+02 3.443330e-25
2.397691e+02 3.442716e-25
2.403220e+02 3.442108e-25
2.408762e+02 3.441506e-25
2.414317e+02 3.440910e-25
2.419884e+02 3.440321e-25
2.425465e+02 3.439737e-25
2.431058e+02 3.439160e-25
2.436664e+02 3.438589e-25
2.442283e+02 3.438024e-25
2.447915e+02 3.437466e-25
2.453560e+02 3.436913e-25
2.459217e+02 3.436367e-25
2.464888e+02 3.435827e-25
2.470572e+02 3.435294e-25
2.476270e+02 3.434766e-25
2.481980e+02 3.434245e-25
2.487703e+02 3.433731e-25
2.493440e+02 3.433222e-25
2.499190e+02 3.432720e-25
2.504953e+02 3.432225e-25
2.510730e+02 3.431735e-25
2.516519e+02 3.431253e-25
2.522322e+02 3.430776e-25
2.528139e+02 3.430306e-25
2.533969e+02 3.429843e-25
2.539812e+02 3.429385e-25
2.545669e+02 3.428935e-25
2.551539e+02 3.428491e-25
2.557423e+02 3.428053e-25
2.563321e+02 3.427622e-25
2.569232e+02 3.427197e-25
2.575156e+02 3.426779e-25
2.581095e+02 3.426367e-25
2.587047e+02 3.425962e-25
2.593012e+02 3.425564e-25
2.598992e+02 3.425172e-25
2.604985e+02 3.424787e-25
2.610992e+02 3.424408e-25
2.617013e+02 3.424036e-25
2.623048e+02 3.423671e-25
2.629097e+02 3.423313e-25
2.635160e+02 3.422961e-25
2.641236e+02 3.422616e-25
2.647327e+02 3.422277e-25
2.653432e+02 3.421946e-25
2.659551e+02 3.421621e-25
2.665684e+02 3.421303e-25
2.671831e+02 3.420992e-25
2.677992e+02 3.420687e-25
2.684167e+02 3.420390e-25
2.690357e+02 3.420099e-25
2.696561e+02 3.419815e-25
2.702779e+02 3.419538e-25
2.709012e+02 3.419268e-25
2.715259e+02 3.419005e-25
2.721520e+02 3.418748e-25
2.727796e+02 3.418499e-25
2.734087e+02 3.418257e-25
2.740391e+02 3.418021e-25
2.746711e+02 3.417793e-25
2.753045e+02 3.417572e-25
2.759393e+02 3.417358e-25
2.765756e+02 3.417150e-25
2.772134e+02 3.416950e-25
2.778527e+02 3.416757e-25
2.784934e+02 3.416571e-25
2.791356e+02 3.416392e-25
2.797793e+02 3.416221e-25
2.804245e+02 3.416056e-25
2.810712e+02 3.415899e-25
2.817193e+02 3.415749e-25
2.823690e+02 3.415606e-25
2.830201e+02 3.415471e-25
2.836727e+02 3.415342e-25
2.843269e+02 3.415221e-25
2.849826e+02 3.415107e-25
2.856397e+02 3.415001e-25
2.862984e+02 3.414902e-25
2.869586e+02 3.414810e-25
2.876203e+02 3.414726e-25
2.882836e+02 3.414649e-25
2.889484e+02 3.414579e-25
2.896147e+02 3.414517e-25
2.902826e+02 3.414462e-25
2.909520e+02 3.414415e-25
2.916229e+02 3.414376e-25
2.922954e+02 3.414343e-25
2.929694e+02 3.414319e-25
2.936450e+02 3.414302e-25
2.943221e+02 3.414292e-25
2.950009e+02 3.414290e-25
2.956811e+02 3.414296e-25
2.963630e+02 3.414309e-25
2.970464e+02 3.414330e-25
2.977314e+02 3.414359e-25
2.984179e+02 3.414395e-25
2.991061e+02 3.414439e-25
2.997958e+02 3.414491e-25
3.004872e+02 3.414550e-25
3.011801e+02 3.414617e-25
3.018746e+02 3.414692e-25
3.025708e+02 3.414775e-25
3.032685e+02 3.414866e-25
3.039678e+02 3.414965e-25
3.046688e+02 3.415071e-25
3.053713e+02 3.415185e-25
3.060755e+02 3.415308e-25
3.067813e+02 3.415438e-25
3.074888e+02 3.415576e-25
3.081979e+02 3.415722e-25
3.089086e+02 3.415877e-25
3.096209e+02 3.416039e-25
3.103349e+02 3.416209e-25
3.110505e+02 3.416387e-25
3.117678e+02 3.416574e-25
3.124868e+02 3.416768e-25
3.132073e+02 3.416971e-25
3.139296e+02 3.417182e-25
3.146535e+02 3.417401e-25
3.153791e+02 3.417628e-25
3.161064e+02 3.417864e-25
3.168353e+02 3.418107e-25
3.175660e+02 3.418359e-25
3.182983e+02 3.418620e-25
3.190323e+02 3.418888e-25
3.197680e+02 3.419165e-25
3.205053e+02 3.419451e-25
3.212444e+02 3.419745e-25
3.219852e+02 3.420047e-25
3.227277e+02 3.420357e-25
3.234719e+02 3.420676e-25
3.242179e+02 3.421004e-25
3.249655e+02 3.421340e-25
3.257149e+02 3.421684e-25
3.264660e+02 3.422038e-25
3.272188e+02 3.422399e-25
3.279734e+02 3.422770e-25
3.287297e+02 3.423149e-25
3.294878e+02 3.423536e-25
3.302476e+02 3.423932e-25
3.310091e+02 3.424337e-25
3.317724e+02 3.424751e-25
3.325375e+02 3.425173e-25
3.333043e+02 3.425605e-25
3.340729e+02 3.426045e-25
3.348433e+02 3.426493e-25
3.356155e+02 3.426951e-25
3.363894e+02 3.427418e-25
3.371651e+02 3.427893e-25
3.379426e+02 3.428378e-25
3.387219e+02 3.428871e-25
3.395030e+02 3.429373e-25
3.402859e+02 3.429884e-25
3.410706e+02 3.430405e-25
3.418571e+02 3.430934e-25
3.426454e+02 3.431473e-25
3.434356e+02 3.432020e-25
3.442275e+02 3.432577e-25
3.450213e+02 3.433143e-25
3.458170e+02 3.433718e-25
3.466144e+02 3.434302e-25
3.474137e+02 3.434896e-25
3.482148e+02 3.435498e-25
3.490178e+02 3.436110e-25
3.498227e+02 3.436732e-25
3.506294e+02 3.437362e-25
3.514379e+02 3.438003e-25
3.522483e+02 3.438652e-25
3.530606e+02 3.439311e-25
3.538748e+02 3.439979e-25
3.546908e+02 3.440657e-25
3.555087e+02 3.441345e-25
3.563285e+02 3.442042e-25
3.571502e+02 3.442748e-25
3.579738e+02 3.443464e-25
3.587993e+02 3.444190e-25
3.596267e+02 3.444925e-25
3.604560e+02 3.445671e-25
3.612872e+02 3.446425e-25
3.621204e+02 3.447190e-25
3.629554e+02 3.447964e-25
3.637924e+02 3.448749e-25
3.646313e+02 3.449543e-25
3.654721e+02 3.450346e-25
3.663149e+02 3.451160e-25
3.671597e+02 3.451984e-25
3.680063e+02 3.452818e-25
3.688550e+02 3.453662e-25
3.697055e+02 3.454515e-25
3.705581e+02 3.455379e-25
3.714126e+02 3.456253e-25
3.722691e+02 3.457138e-25
3.731275e+02 3.458032e-25
3.739880e+02 3.458937e-25
3.748504e+02 3.459851e-25
3.757148e+02 3.460777e-25
3.765812e+02 3.461712e-25
3.774496e+02 3.462658e-25
3.783200e+02 3.463615e-25
3.791924e+02 3.464581e-25
3.800668e+02 3.465559e-25
3.809433e+02 3.466547e-25
3.818217e+02 3.467545e-25
3.827022e+02 3.468555e-25
3.835847e+02 3.469575e-25
3.844693e+02 3.470605e-25
3.853558e+02 3.471647e-25
3.862445e+02 3.472699e-25
3.871352e+02 3.473763e-25
3.880279e+02 3.474837e-25
3.889227e+02 3.475923e-25
3.898196e+02 3.477020e-25
3.907185e+02 3.478128e-25
3.916195e+02 3.479247e-25
3.925226e+02 3.480378e-25
3.934277e+02 3.481521e-25
3.943350e+02 3.482675e-25
3.952443e+02 3.483841e-25
3.961557e+02 3.485019e-25
3.970693e+02 3.486209e-25
3.979849e+02 3.487412e-25
3.989027e+02 3.488626e-25
3.998226e+02 3.489854e-25
4.007445e+02 3.491095e-25
4.016687e+02 3.492348e-25
4.025949e+02 3.493616e-25
4.035233e+02 3.494897e-25
4.044538e+02 3.496193e-25
4.053865e+02 3.497503e-25
4.063213e+02 3.498830e-25
4.072583e+02 3.500172e-25
4.081975e+02 3.501532e-25
4.091388e+02 3.502909e-25
4.100822e+02 3.504306e-25
4.110279e+02 3.505725e-25
4.119757e+02 3.507166e-25
4.129257e+02 3.508632e-25
4.138780e+02 3.510128e-25
4.148324e+02 3.511656e-25
4.157890e+02 3.513222e-25
4.167478e+02 3.514833e-25
4.177088e+02 3.516499e-25
4.186720e+02 3.518234e-25
4.196375e+02 3.520056e-25
4.206052e+02 3.521993e-25
4.215751e+02 3.524088e-25
4.225473e+02 3.526407e-25
4.235217e+02 3.529058e-25
4.244983e+02 3.532228e-25
4.254772e+02 3.536267e-25
4.264584e+02 3.541887e-25
4.274418e+02 3.550733e-25
4.284275e+02 3.567353e-25
4.294154e+02 3.608508e-25
4.304056e+02 3.781733e-25
4.313982e+02 8.879955e-25
4.323930e+02 4.055525e-25
4.333901e+02 3.646184e-25
4.343895e+02 3.584655e-25
4.353912e+02 3.565813e-25
4.363952e+02 3.558388e-25
4.374015e+02 3.555262e-25
4.384102e+02 3.554111e-25
4.394212e+02 3.553994e-25
4.404345e+02 3.554473e-25
4.414501e+02 3.555320e-25
4.424681e+02 3.556411e-25
4.434884e+02 3.557669e-25
4.445111e+02 3.559047e-25
4.455362e+02 3.560515e-25
4.465636e+02 3.562053e-25
4.475934e+02 3.563647e-25
4.486255e+02 3.565286e-25
4.496600e+02 3.566963e-25
4.506970e+02 3.568673e-25
4.517363e+02 3.570412e-25
4.527780e+02 3.572177e-25
4.538221e+02 3.573965e-25
4.548686e+02 3.575775e-25
4.559175e+02 3.577604e-25
4.569689e+02 3.579453e-25
4.580227e+02 3.581320e-25
4.590789e+02 3.583204e-25
4.601375e+02 3.585105e-25
4.611986e+02 3.587022e-25
4.622621e+02 3.588955e-25
4.633281e+02 3.590903e-25
4.643965e+02 3.592866e-25
4.654674e+02 3.594845e-25
4.665408e+02 3.596838e-25
4.676166e+02 3.598845e-25
4.686950e+02 3.600868e-25
4.697758e+02 3.602904e-25
4.708591e+02 3.604955e-25
4.719449e+02 3.607020e-25
4.730332e+02 3.609099e-25
4.741240e+02 3.611192e-25
4.752174e+02 3.613300e-25
4.763132e+02 3.615421e-25
4.774116e+02 3.617557e-25
4.785125e+02 3.619706e-25
4.796160e+02 3.621869e-25
4.807220e+02 3.624047e-25
4.818305e+02 3.626238e-25
4.829416e+02 3.628443e-25
4.840553e+02 3.630663e-25
4.851715e+02 3.632896e-25
4.862903e+02 3.635143e-25
4.874117e+02 3.637405e-25
4.885357e+02 3.639680e-25
4.896623e+02 3.641970e-25
4.907914e+02 3.644273e-25
4.919232e+02 3.646591e-25
4.930576e+02 3.648923e-25
4.941946e+02 3.651270e-25
4.953342e+02 3.653633e-25
4.964764e+02 3.655994e-25
4.976213e+02 3.658389e-25
4.987688e+02 3.660793e-25
4.999190e+02 3.663211e-25
5.010718e+02 3.665643e-25
5.022273e+02 3.668089e-25
5.033854e+02 3.670549e-25
5.045462e+02 3.673024e-25
5.057097e+02 3.675514e-25
5.068759e+02 3.678017e-25
5.080447e+02 3.680536e-25
5.092163e+02 3.683069e-25
5.103906e+02 3.685616e-25
5.115675e+02 3.688178e-25
5.127472e+02 3.690755e-25
5.139296e+02 3.693347e-25
5.151147e+02 3.695953e-25
5.163026e+02 3.698574e-25
5.174932e+02 3.701210e-25
5.186865e+02 3.703860e-25
5.198826e+02 3.706526e-25
5.210815e+02 3.709206e-25
5.222831e+02 3.711902e-25
5.234875e+02 3.714612e-25
5.246946e+02 3.717338e-25
5.259046e+02 3.720078e-25
5.271173e+02 3.722834e-25
5.283329e+02 3.725605e-25
5.295512e+02 3.728391e-25
5.307724e+02 3.731192e-25
5.319963e+02 3.734008e-25
5.332231e+02 3.736840e-25
5.344527e+02 3.739687e-25
5.356852e+02 3.742549e-25
5.369205e+02 3.745427e-25
5.381586e+02 3.748321e-25
5.393996e+02 3.751229e-25
5.406435e+02 3.754154e-25
5.418902e+02 3.757093e-25
5.431398e+02 3.760049e-25
5.443923e+02 3.763020e-25
5.456477e+02 3.766007e-25
5.469059e+02 3.769009e-25
5.481671e+02 3.772028e-25
5.494312e+02 3.775062e-25
5.506982e+02 3.778112e-25
5.519681e+02 3.781177e-25
5.532409e+02 3.784259e-25
5.545167e+02 3.787357e-25
5.557954e+02 3.790470e-25
5.570771e+02 3.793600e-25
5.583617e+02 3.796746e-25
5.596493e+02 3.799908e-25
5.609399e+02 3.803086e-25
5.622334e+02 3.806280e-25
5.635299e+02 3.809490e-25
5.648294e+02 3.812717e-25
5.661319e+02 3.815960e-25
5.674374e+02 3.819220e-25
5.687459e+02 3.822496e-25
5.700575e+02 3.825788e-25
5.713720e+02 3.829097e-25
5.726896e+02 3.832422e-25
5.740102e+02 3.835764e-25
5.753339e+02 3.839122e-25
5.766606e+02 3.842498e-25
5.779904e+02 3.845889e-25
5.793233e+02 3.849298e-25
5.806592e+02 3.852723e-25
5.819982e+02 3.856165e-25
5.833403e+02 3.859624e-25
5.846855e+02 3.863100e-25
5.860338e+02 3.866593e-25
5.873852e+02 3.870103e-25
5.887397e+02 3.873630e-25
5.900973e+02 3.877173e-25
5.914581e+02 3.880734e-25
5.928220e+02 3.884313e-25
5.941890e+02 3.887908e-25
5.955593e+02 3.891520e-25
5.969326e+02 3.895150e-25
5.983091e+02 3.898797e-25
5.996889e+02 3.902462e-25
6.010717e+02 3.906144e-25
6.024578e+02 3.909843e-25
6.038471e+02 3.913560e-25
6.052396e+02 3.917294e-25
6.066353e+02 3.921046e-25
6.080342e+02 3.924816e-25
6.094363e+02 3.928603e-25
6.108417e+02 3.932408e-25
6.122503e+02 3.936231e-25
6.136621e+02 3.940071e-25
6.150772e+02 3.943929e-25
6.164956e+02 3.947805e-25
6.179172e+02 3.951699e-25
6.193422e+02 3.955611e-25
6.207704e+02 3.959541e-25
6.222019e+02 3.963489e-25
6.236367e+02 3.967456e-25
6.250748e+02 3.971440e-25
6.265162e+02 3.975442e-25
6.279610e+02 3.979463e-25
6.294090e+02 3.983502e-25
6.308605e+02 3.987559e-25
6.323152e+02 3.991635e-25
6.337734e+02 3.995729e-25
6.352348e+02 3.999841e-25
6.366997e+02 4.003972e-25
6.381679e+02 4.008121e-25
6.396396e+02 4.012289e-25
6.411146e+02 4.016476e-25
6.425930e+02 4.020681e-25
6.440748e+02 4.024905e-25
6.455600e+02 4.029148e-25
6.470487e+02 4.033409e-25
6.485408e+02 4.037690e-25
6.500364e+02 4.041989e-25
6.515353e+02 4.046307e-25
6.530378e+02 4.050644e-25
6.545437e+02 4.055001e-25
6.560531e+02 4.059376e-25
6.575659e+02 4.063770e-25
6.590823e+02 4.068184e-25
6.606021e+02 4.072616e-25
6.621255e+02 4.077068e-25
6.636524e+02 4.081539e-25
6.651828e+02 4.086030e-25
6.667167e+02 4.090540e-25
6.682541e+02 4.095069e-25
6.697951e+02 4.099618e-25
6.713397e+02 4.104186e-25
6.728878e+02 4.108774e-25
6.744395e+02 4.113382e-25
6.759947e+02 4.118009e-25
6.775536e+02 4.122656e-25
6.791160e+02 4.127322e-25
6.806821e+02 4.132009e-25
6.822517e+02 4.136715e-25
6.838250e+02 4.141441e-25
6.854019e+02 4.146187e-25
6.869825e+02 4.150953e-25
6.885666e+02 4.155739e-25
6.901545e+02 4.160545e-25
6.917460e+02 4.165372e-25
6.933412e+02 4.170218e-25
6.949400e+02 4.175085e-25
6.965425e+02 4.179972e-25
6.981488e+02 4.184879e-25
6.997587e+02 4.189806e-25
7.013724e+02 4.194754e-25
7.029897e+02 4.199723e-25
7.046108e+02 4.204712e-25
7.062357e+02 4.209721e-25
7.078643e+02 4.214751e-25
7.094966e+02 4.219802e-25
7.111327e+02 4.224873e-25
7.127726e+02 4.229965e-25
7.144162e+02 4.235078e-25
7.160637e+02 4.240212e-25
7.177149e+02 4.245366e-25
7.193700e+02 4.250542e-25
7.210289e+02 4.255738e-25
7.226916e+02 4.260956e-25
7.243581e+02 4.266195e-25
7.260285e+02 4.271454e-25
7.277027e+02 4.276735e-25
7.293808e+02 4.282037e-25
7.310627e+02 4.287361e-25
7.327486e+02 4.292705e-25
7.344383e+02 4.298071e-25
7.361319e+02 4.303459e-25
7.378294e+02 4.308868e-25
7.395309e+02 4.314298e-25
7.412363e+02 4.319750e-25
7.429455e+02 4.325224e-25
7.446588e+02 4.330719e-25
7.463760e+02 4.336236e-25
7.480971e+02 4.341775e-25
7.498222e+02 4.347335e-25
7.515513e+02 4.352917e-25
7.532844e+02 4.358522e-25
7.550215e+02 4.364148e-25
7.567626e+02 4.369796e-25
7.585077e+02 4.375467e-25
7.602568e+02 4.381159e-25
7.620100e+02 4.386874e-25
7.637672e+02 4.392611e-25
7.655284e+02 4.398370e-25
7.672937e+02 4.404151e-25
7.690631e+02 4.409955e-25
7.708366e+02 4.415782e-25
7.726141e+02 4.421630e-25
7.743958e+02 4.427502e-25
7.761816e+02 4.433396e-25
7.779714e+02 4.439312e-25
7.797654e+02 4.445251e-25
7.815636e+02 4.451213e-25
7.833659e+02 4.457198e-25
7.851723e+02 4.463206e-25
7.869829e+02 4.469237e-25
7.887977e+02 4.475290e-25
7.906167e+02 4.481367e-25
7.924399e+02 4.487467e-25
7.942672e+02 4.493590e-25
7.960988e+02 4.499736e-25
7.979346e+02 4.505906e-25
7.997747e+02 4.512099e-25
8.016190e+02 4.518316e-25
8.034675e+02 4.524556e-25
8.053203e+02 4.530820e-25
8.071774e+02 4.537107e-25
8.090387e+02 4.543419e-25
8.109044e+02 4.549754e-25
8.127744e+02 4.556114e-25
8.146486e+02 4.562498e-25
8.165272e+02 4.568906e-25
8.184101e+02 4.575340e-25
8.202974e+02 4.581798e-25
8.221890e+02 4.588282e-25
8.240850e+02 4.594792e-25
8.259853e+02 4.601329e-25
8.278900e+02 4.607894e-25
8.297992e+02 4.614489e-25
8.317127e+02 4.621115e-25
8.336306e+02 4.627777e-25
8.355530e+02 4.634481e-25
8.374798e+02 4.641238e-25
8.394110e+02 4.648070e-25
8.413467e+02 4.655022e-25
8.432868e+02 4.662212e-25
8.452315e+02 4.670000e-25
8.471806e+02 4.680055e-25
8.491342e+02 4.712035e-25
8.510923e+02 4.891839e-25
8.530549e+02 4.704642e-25
8.550221e+02 4.704915e-25
8.569938e+02 4.710271e-25
8.589700e+02 4.716613e-25
8.609508e+02 4.723288e-25
8.629361e+02 4.730115e-25
8.649261e+02 4.737029e-25
8.669206e+02 4.744003e-25
8.689197e+02 4.751021e-25
8.709235e+02 4.758078e-25
8.729318e+02 4.765167e-25
8.749448e+02 4.772288e-25
8.769624e+02 4.779439e-25
8.789847e+02 4.786617e-25
8.810117e+02 4.793823e-25
8.830433e+02 4.801057e-25
8.850796e+02 4.808317e-25
8.871206e+02 4.815604e-25
8.891663e+02 4.822918e-25
8.912167e+02 4.830258e-25
8.932719e+02 4.837624e-25
8.953318e+02 4.845017e-25
8.973964e+02 4.852436e-25
8.994658e+02 4.859881e-25
9.015400e+02 4.867353e-25
9.036189e+02 4.874850e-25
9.057027e+02 4.882375e-25
9.077913e+02 4.889926e-25
9.098846e+02 4.897503e-25
9.119828e+02 4.905106e-25
9.140859e+02 4.912737e-25
9.161938e+02 4.920393e-25
9.183065e+02 4.928077e-25
9.204241e+02 4.935787e-25
9.225466e+02 4.943524e-25
9.246740e+02 4.951288e-25
9.268063e+02 4.959078e-25
9.289436e+02 4.966895e-25
9.310857e+02 4.974740e-25
9.332328e+02 4.982611e-25
9.353848e+02 4.990509e-25
9.375419e+02 4.998435e-25
9.397038e+02 5.006388e-25
9.418708e+02 5.014368e-25
9.440428e+02 5.022375e-25
9.462197e+02 5.030410e-25
9.484017e+02 5.038472e-25
9.505887e+02 5.046561e-25
9.527808e+02 5.054678e-25
9.549779e+02 5.062823e-25
9.571801e+02 5.070995e-25
9.593874e+02 5.079195e-25
9.615997e+02 5.087423e-25
9.638172e+02 5.095679e-25
9.660398e+02 5.103963e-25
9.682674e+02 5.112274e-25
9.705003e+02 5.120614e-25
9.727383e+02 5.128982e-25
9.749814e+02 5.137378e-25
9.772297e+02 5.145802e-25
9.794832e+02 5.154254e-25
9.817419e+02 5.162735e-25
9.840058e+02 5.171244e-25
9.862749e+02 5.179782e-25
9.885493e+02 5.188348e-25
9.908289e+02 5.196943e-25
9.931138e+02 5.205566e-25
9.954039e+02 5.214218e-25
9.976993e+02 5.222899e-25
