1.000000e+00 4.456561e-17
1.002306e+00 4.633447e-17
1.004617e+00 4.822452e-17
1.006934e+00 5.024345e-17
1.009256e+00 5.239952e-17
1.011583e+00 5.485165e-17
1.013916e+00 5.746851e-17
1.016254e+00 6.019770e-17
1.018598e+00 6.297553e-17
1.020947e+00 6.564834e-17
1.023301e+00 6.864845e-17
1.025661e+00 7.183307e-17
1.028026e+00 7.503024e-17
1.030396e+00 7.728870e-17
1.032773e+00 7.836481e-17
1.035154e+00 7.849514e-17
1.037541e+00 7.796011e-17
1.039934e+00 7.692547e-17
1.042332e+00 7.566587e-17
1.044735e+00 7.420969e-17
1.047145e+00 7.258555e-17
1.049559e+00 6.953977e-17
1.051980e+00 6.582339e-17
1.054406e+00 6.179736e-17
1.056837e+00 5.776714e-17
1.059274e+00 5.426547e-17
1.061717e+00 5.101977e-17
1.064165e+00 4.796111e-17
1.066619e+00 4.503387e-17
1.069079e+00 4.231146e-17
1.071544e+00 3.983257e-17
1.074015e+00 3.756769e-17
1.076492e+00 3.549120e-17
1.078974e+00 3.358199e-17
1.081462e+00 3.181416e-17
1.083956e+00 3.017869e-17
1.086456e+00 2.866712e-17
1.088961e+00 2.728545e-17
1.091472e+00 2.600011e-17
1.093989e+00 2.480301e-17
1.096512e+00 2.368678e-17
1.099040e+00 2.265576e-17
1.101575e+00 2.169104e-17
1.104115e+00 2.078739e-17
1.106661e+00 1.994006e-17
1.109213e+00 1.915199e-17
1.111771e+00 1.840944e-17
1.114335e+00 1.770924e-17
1.116904e+00 1.704838e-17
1.119480e+00 1.643028e-17
1.122062e+00 1.584526e-17
1.124649e+00 1.529087e-17
1.127242e+00 1.476490e-17
1.129842e+00 1.426938e-17
1.132447e+00 1.379850e-17
1.135059e+00 1.335063e-17
1.137676e+00 1.292426e-17
1.140300e+00 1.252076e-17
1.142929e+00 1.213565e-17
1.145565e+00 1.176833e-17
1.148207e+00 1.141871e-17
1.150854e+00 1.109102e-17
1.153508e+00 1.080551e-17
1.156168e+00 4.551406e-17
1.158834e+00 1.020946e-17
1.161507e+00 9.889835e-18
1.164185e+00 9.613318e-18
1.166870e+00 9.351957e-18
1.169560e+00 9.101877e-18
1.172257e+00 8.863035e-18
1.174961e+00 8.633376e-18
1.177670e+00 8.412339e-18
1.180386e+00 8.199450e-18
1.183108e+00 7.995292e-18
1.185836e+00 7.798268e-18
1.188571e+00 7.608105e-18
1.191312e+00 7.424547e-18
1.194059e+00 7.248157e-18
1.196812e+00 7.077633e-18
1.199572e+00 6.912712e-18
1.202338e+00 6.753142e-18
1.205111e+00 6.599494e-18
1.207890e+00 6.450744e-18
1.210675e+00 6.306678e-18
1.213467e+00 6.167094e-18
1.216265e+00 6.032361e-18
1.219070e+00 5.901724e-18
1.221881e+00 5.775027e-18
1.224699e+00 5.652121e-18
1.227523e+00 5.533332e-18
1.230354e+00 5.417975e-18
1.233191e+00 5.305936e-18
1.236035e+00 5.197106e-18
1.238885e+00 5.091791e-18
1.241742e+00 4.989420e-18
1.244605e+00 4.889888e-18
1.247475e+00 4.793092e-18
1.250352e+00 4.699289e-18
1.253235e+00 4.608018e-18
1.256125e+00 4.519198e-18
1.259022e+00 4.432750e-18
1.261925e+00 4.348911e-18
1.264835e+00 4.267258e-18
1.267752e+00 4.187721e-18
1.270676e+00 4.110231e-18
1.273606e+00 4.035012e-18
1.276543e+00 3.961707e-18
1.279486e+00 3.890260e-18
1.282437e+00 3.820609e-18
1.285394e+00 3.752911e-18
1.288358e+00 3.686772e-18
1.291329e+00 3.622086e-18
1.294307e+00 3.558859e-18
1.297292e+00 3.497511e-18
1.300283e+00 3.437564e-18
1.303282e+00 3.378907e-18
1.306287e+00 3.321428e-18
1.309300e+00 3.265033e-18
1.312319e+00 3.209552e-18
1.315345e+00 3.154980e-18
1.318378e+00 3.101302e-18
1.321418e+00 3.048612e-18
1.324466e+00 2.996796e-18
1.327520e+00 2.945781e-18
1.330581e+00 2.895488e-18
1.333649e+00 2.845901e-18
1.336725e+00 2.796899e-18
1.339807e+00 2.748415e-18
1.342897e+00 2.701020e-18
1.345994e+00 2.654735e-18
1.349098e+00 2.608964e-18
1.352209e+00 2.563629e-18
1.355327e+00 2.518644e-18
1.358452e+00 2.474035e-18
1.361585e+00 2.429585e-18
1.364725e+00 2.385193e-18
1.367872e+00 2.340749e-18
1.371026e+00 2.296229e-18
1.374188e+00 2.251403e-18
1.377356e+00 2.206143e-18
1.380533e+00 2.160315e-18
1.383716e+00 2.113865e-18
1.386907e+00 2.066569e-18
1.390105e+00 2.018291e-18
1.393311e+00 1.971724e-18
1.396524e+00 1.924752e-18
1.399744e+00 1.877026e-18
1.402972e+00 1.828488e-18
1.406207e+00 1.779094e-18
1.409450e+00 1.728866e-18
1.412700e+00 1.677738e-18
1.415958e+00 1.625721e-18
1.419223e+00 1.572852e-18
1.422496e+00 1.519230e-18
1.425776e+00 1.464902e-18
1.429064e+00 1.409983e-18
1.432359e+00 1.354614e-18
1.435662e+00 1.298981e-18
1.438973e+00 1.243237e-18
1.442291e+00 1.188447e-18
1.445617e+00 1.137173e-18
1.448951e+00 1.086447e-18
1.452292e+00 1.036400e-18
1.455641e+00 9.871797e-19
1.458998e+00 9.389277e-19
1.462362e+00 8.917848e-19
1.465735e+00 8.458584e-19
1.469115e+00 8.012540e-19
1.472502e+00 7.580619e-19
1.475898e+00 7.163624e-19
1.479301e+00 6.762080e-19
1.482713e+00 6.376423e-19
1.486132e+00 6.006937e-19
1.489559e+00 5.653785e-19
1.492994e+00 5.316944e-19
1.496437e+00 5.006107e-19
1.499888e+00 4.719573e-19
1.503346e+00 4.446960e-19
1.506813e+00 4.187925e-19
1.510288e+00 3.942099e-19
1.513770e+00 3.709080e-19
1.517261e+00 3.488444e-19
1.520760e+00 3.279729e-19
1.524267e+00 3.082469e-19
1.527782e+00 2.896187e-19
1.531305e+00 2.720409e-19
1.534836e+00 2.554652e-19
1.538375e+00 2.398442e-19
1.541923e+00 2.251314e-19
1.545479e+00 2.112812e-19
1.549043e+00 1.982491e-19
1.552615e+00 1.864689e-19
1.556195e+00 1.754840e-19
1.559784e+00 1.651276e-19
1.563380e+00 1.553664e-19
1.566986e+00 1.461685e-19
1.570599e+00 1.375033e-19
1.574221e+00 1.293419e-19
1.577851e+00 1.216564e-19
1.581490e+00 1.144203e-19
1.585137e+00 1.076083e-19
1.588792e+00 1.011966e-19
1.592456e+00 9.516237e-20
1.596128e+00 8.948410e-20
1.599809e+00 8.414136e-20
1.603498e+00 7.911483e-20
1.607195e+00 7.440195e-20
1.610902e+00 7.013308e-20
1.614616e+00 6.610754e-20
1.618340e+00 6.231172e-20
1.622072e+00 5.873267e-20
1.625812e+00 5.535820e-20
1.629561e+00 5.217674e-20
1.633319e+00 4.917738e-20
1.637085e+00 4.634980e-20
1.640861e+00 4.368425e-20
1.644644e+00 4.117152e-20
1.648437e+00 3.880293e-20
1.652238e+00 3.657025e-20
1.656048e+00 3.446575e-20
1.659867e+00 3.248211e-20
1.663695e+00 3.061241e-20
1.667531e+00 2.887246e-20
1.671377e+00 2.726679e-20
1.675231e+00 2.575029e-20
1.679094e+00 2.431801e-20
1.682966e+00 2.296531e-20
1.686847e+00 2.168777e-20
1.690737e+00 2.048123e-20
1.694636e+00 1.934175e-20
1.698544e+00 1.826562e-20
1.702460e+00 1.724930e-20
1.706386e+00 1.628948e-20
1.710321e+00 1.538303e-20
1.714265e+00 1.452699e-20
1.718218e+00 1.371857e-20
1.722181e+00 1.295512e-20
1.726152e+00 1.223415e-20
1.730132e+00 1.156639e-20
1.734122e+00 1.094141e-20
1.738121e+00 1.035018e-20
1.742129e+00 9.790881e-21
1.746147e+00 9.261796e-21
1.750173e+00 8.761295e-21
1.754209e+00 8.287855e-21
1.758254e+00 7.839996e-21
1.762309e+00 7.416338e-21
1.766373e+00 7.015573e-21
1.770446e+00 6.636444e-21
1.774529e+00 6.277800e-21
1.778621e+00 5.938536e-21
1.782722e+00 5.617605e-21
1.786833e+00 5.314041e-21
1.790954e+00 5.026889e-21
1.795084e+00 4.761776e-21
1.799223e+00 4.510967e-21
1.803372e+00 4.273376e-21
1.807531e+00 4.048305e-21
1.811699e+00 3.835096e-21
1.815877e+00 3.633125e-21
1.820064e+00 3.441771e-21
1.824261e+00 3.260494e-21
1.828468e+00 3.088767e-21
1.832684e+00 2.926089e-21
1.836911e+00 2.772017e-21
1.841147e+00 2.626075e-21
1.845392e+00 2.487828e-21
1.849648e+00 2.356872e-21
1.853913e+00 2.232822e-21
1.858188e+00 2.115941e-21
1.862473e+00 2.007058e-21
1.866768e+00 1.903792e-21
1.871073e+00 1.805806e-21
1.875388e+00 1.712869e-21
1.879712e+00 1.624723e-21
1.884047e+00 1.541129e-21
1.888391e+00 1.461894e-21
1.892746e+00 1.386750e-21
1.897111e+00 1.315487e-21
1.901486e+00 1.247886e-21
1.905870e+00 1.183735e-21
1.910265e+00 1.122891e-21
1.914670e+00 1.065185e-21
1.919086e+00 1.010491e-21
1.923511e+00 9.586544e-22
1.927947e+00 9.100075e-22
1.932393e+00 8.642788e-22
1.936849e+00 8.208160e-22
1.941315e+00 7.795379e-22
1.945792e+00 7.403476e-22
1.950279e+00 7.031444e-22
1.954776e+00 6.679010e-22
1.959284e+00 6.344503e-22
1.963802e+00 6.027020e-22
1.968331e+00 5.725710e-22
1.972870e+00 5.439764e-22
1.977419e+00 5.168403e-22
1.981979e+00 4.910896e-22
1.986549e+00 4.665881e-22
1.991130e+00 4.433025e-22
1.995722e+00 4.211968e-22
2.000324e+00 4.005434e-22
2.004937e+00 3.814406e-22
2.009560e+00 3.632828e-22
2.014194e+00 3.460243e-22
2.018839e+00 3.295715e-22
2.023495e+00 3.138708e-22
2.028161e+00 2.989380e-22
2.032838e+00 2.847358e-22
2.037525e+00 2.713402e-22
2.042224e+00 2.586264e-22
2.046933e+00 2.465493e-22
2.051654e+00 2.350791e-22
2.056385e+00 2.241872e-22
2.061127e+00 2.138450e-22
2.065880e+00 2.040263e-22
2.070644e+00 1.946055e-22
2.075419e+00 1.857501e-22
2.080205e+00 1.773236e-22
2.085001e+00 1.693592e-22
2.089810e+00 1.618911e-22
2.094629e+00 1.548018e-22
2.099459e+00 1.480737e-22
2.104300e+00 1.415529e-22
2.109153e+00 1.353344e-22
2.114016e+00 1.294196e-22
2.118891e+00 1.238716e-22
2.123778e+00 1.186981e-22
2.128675e+00 1.137954e-22
2.133584e+00 1.091509e-22
2.138504e+00 1.047541e-22
2.143435e+00 1.005916e-22
2.148378e+00 9.667412e-23
2.153332e+00 9.287463e-23
2.158298e+00 8.920464e-23
2.163275e+00 8.571342e-23
2.168263e+00 8.245579e-23
2.173263e+00 7.950056e-23
2.178275e+00 7.670720e-23
2.183298e+00 7.406782e-23
2.188333e+00 7.157687e-23
2.193379e+00 6.922514e-23
2.198437e+00 6.700556e-23
2.203507e+00 6.491290e-23
2.208588e+00 6.293992e-23
2.213681e+00 6.107969e-23
2.218786e+00 5.932713e-23
2.223902e+00 5.767692e-23
2.229031e+00 5.613439e-23
2.234171e+00 5.464874e-23
2.239323e+00 5.305390e-23
2.244487e+00 5.153238e-23
2.249663e+00 5.008029e-23
2.254850e+00 4.891731e-23
2.260050e+00 4.783554e-23
2.265262e+00 4.681554e-23
2.270485e+00 4.585510e-23
2.275721e+00 4.494964e-23
2.280969e+00 4.409512e-23
2.286229e+00 4.328944e-23
2.291501e+00 4.252929e-23
2.296785e+00 4.181075e-23
2.302082e+00 4.104261e-23
2.307390e+00 4.017328e-23
2.312711e+00 3.934192e-23
2.318044e+00 3.860064e-23
2.323390e+00 3.805872e-23
2.328747e+00 3.754370e-23
2.334117e+00 3.705393e-23
2.339500e+00 3.658900e-23
2.344895e+00 3.614560e-23
2.350302e+00 3.571081e-23
2.355722e+00 3.510276e-23
2.361154e+00 3.451308e-23
2.366599e+00 3.394088e-23
2.372057e+00 3.358703e-23
2.377527e+00 3.324958e-23
2.383009e+00 3.292497e-23
2.388504e+00 3.261376e-23
2.394012e+00 3.231398e-23
2.399533e+00 3.202519e-23
2.405066e+00 3.174704e-23
2.410612e+00 3.147755e-23
2.416171e+00 3.121594e-23
2.421743e+00 3.080141e-23
2.427327e+00 3.038011e-23
2.432925e+00 2.996754e-23
2.438535e+00 2.972539e-23
2.444159e+00 2.950155e-23
2.449795e+00 2.928278e-23
2.455444e+00 2.906998e-23
2.461106e+00 2.886160e-23
2.466782e+00 2.865730e-23
2.472470e+00 2.845801e-23
2.478172e+00 2.826222e-23
2.483886e+00 2.805544e-23
2.489614e+00 2.771828e-23
2.495355e+00 2.738636e-23
2.501110e+00 2.708800e-23
2.506877e+00 2.691206e-23
2.512658e+00 2.673844e-23
2.518452e+00 2.656730e-23
2.524260e+00 2.639891e-23
2.530081e+00 2.623243e-23
2.535915e+00 2.606818e-23
2.541763e+00 2.590618e-23
2.547624e+00 2.574577e-23
2.553499e+00 2.551306e-23
2.559388e+00 2.523342e-23
2.565289e+00 2.495749e-23
2.571205e+00 2.477856e-23
2.577134e+00 2.462953e-23
2.583077e+00 2.448168e-23
2.589034e+00 2.433571e-23
2.595004e+00 2.419084e-23
2.600988e+00 2.402967e-23
2.606986e+00 2.378303e-23
2.612998e+00 2.353943e-23
2.619023e+00 2.333900e-23
2.625063e+00 2.320259e-23
2.631116e+00 2.306702e-23
2.637184e+00 2.293269e-23
2.643265e+00 2.279938e-23
2.649360e+00 2.266685e-23
2.655470e+00 2.245662e-23
2.661593e+00 2.223970e-23
2.667731e+00 2.204035e-23
2.673883e+00 2.191380e-23
2.680049e+00 2.178793e-23
2.686229e+00 2.166296e-23
2.692424e+00 2.153893e-23
2.698632e+00 2.141553e-23
2.704855e+00 2.123529e-23
2.711093e+00 2.104090e-23
2.717345e+00 2.085664e-23
2.723611e+00 2.073820e-23
2.729891e+00 2.062036e-23
2.736187e+00 2.050328e-23
2.742496e+00 2.038701e-23
2.748821e+00 2.027129e-23
2.755159e+00 2.015646e-23
2.761513e+00 2.004225e-23
2.767881e+00 1.991691e-23
2.774264e+00 1.974334e-23
2.780661e+00 1.957172e-23
2.787073e+00 1.943665e-23
2.793500e+00 1.932712e-23
2.799942e+00 1.921810e-23
2.806399e+00 1.910993e-23
2.812870e+00 1.900226e-23
2.819357e+00 1.889522e-23
2.825858e+00 1.878888e-23
2.832375e+00 1.868302e-23
2.838906e+00 1.853479e-23
2.845453e+00 1.838081e-23
2.852014e+00 1.824360e-23
2.858591e+00 1.814131e-23
2.865183e+00 1.803949e-23
2.871790e+00 1.793834e-23
2.878413e+00 1.783773e-23
2.885050e+00 1.773764e-23
2.891703e+00 1.763821e-23
2.898372e+00 1.753924e-23
2.905055e+00 1.740931e-23
2.911754e+00 1.727063e-23
2.918469e+00 1.714433e-23
2.925199e+00 1.704848e-23
2.931944e+00 1.695308e-23
2.938705e+00 1.685829e-23
2.945482e+00 1.676398e-23
2.952274e+00 1.665840e-23
2.959082e+00 1.653057e-23
2.965906e+00 1.640409e-23
2.972745e+00 1.630882e-23
2.979601e+00 1.621777e-23
2.986472e+00 1.612722e-23
2.993358e+00 1.603720e-23
3.000261e+00 1.594761e-23
3.007180e+00 1.585860e-23
3.014114e+00 1.577001e-23
3.021065e+00 1.566361e-23
3.028031e+00 1.554768e-23
3.035014e+00 1.543967e-23
3.042013e+00 1.535361e-23
3.049028e+00 1.526795e-23
3.056059e+00 1.518283e-23
3.063106e+00 1.509812e-23
3.070170e+00 1.501389e-23
3.077250e+00 1.493013e-23
3.084346e+00 1.484678e-23
3.091458e+00 1.476394e-23
3.098587e+00 1.468150e-23
3.105733e+00 1.462026e-23
3.112894e+00 1.456521e-23
3.120073e+00 1.448545e-23
3.127268e+00 1.437814e-23
3.134479e+00 1.427238e-23
3.141707e+00 1.416987e-23
3.148952e+00 1.406840e-23
3.156214e+00 1.398673e-23
3.163492e+00 1.390865e-23
3.170787e+00 1.383101e-23
3.178099e+00 1.375378e-23
3.185427e+00 1.367695e-23
3.192773e+00 1.360057e-23
3.200136e+00 1.352420e-23
3.207515e+00 1.342974e-23
3.214912e+00 1.333619e-23
3.222325e+00 1.325743e-23
3.229756e+00 1.318340e-23
3.237204e+00 1.310977e-23
3.244669e+00 1.303653e-23
3.252151e+00 1.296368e-23
3.259651e+00 1.289124e-23
3.267167e+00 1.281810e-23
3.274702e+00 1.273080e-23
3.282253e+00 1.264433e-23
3.289822e+00 1.257153e-23
3.297408e+00 1.250127e-23
3.305012e+00 1.243138e-23
3.312634e+00 1.236187e-23
3.320272e+00 1.229272e-23
3.327929e+00 1.222395e-23
3.335603e+00 1.215554e-23
3.343295e+00 1.208750e-23
3.351005e+00 1.201981e-23
3.358732e+00 1.195250e-23
3.366478e+00 1.188552e-23
3.374241e+00 1.181893e-23
3.382022e+00 1.175267e-23
3.389821e+00 1.168678e-23
3.397638e+00 1.162123e-23
3.405473e+00 1.155603e-23
3.413326e+00 1.149118e-23
3.421197e+00 1.142667e-23
3.429086e+00 1.136251e-23
3.436994e+00 1.129868e-23
3.444919e+00 1.123520e-23
3.452863e+00 1.117205e-23
3.460826e+00 1.110925e-23
3.468806e+00 1.104676e-23
3.476805e+00 1.098462e-23
3.484823e+00 1.092280e-23
3.492859e+00 1.086132e-23
3.500914e+00 1.079884e-23
3.508987e+00 1.072660e-23
3.517078e+00 1.065559e-23
3.525189e+00 1.059560e-23
3.533318e+00 1.053591e-23
3.541466e+00 1.046682e-23
3.549633e+00 1.039832e-23
3.557818e+00 1.033933e-23
3.566022e+00 1.028105e-23
3.574246e+00 1.022309e-23
3.582488e+00 1.016543e-23
3.590749e+00 1.010809e-23
3.599029e+00 1.005104e-23
3.607329e+00 9.994296e-24
3.615647e+00 9.937846e-24
3.623985e+00 9.881706e-24
3.632342e+00 9.825851e-24
3.640718e+00 9.763306e-24
3.649114e+00 9.700356e-24
3.657529e+00 9.644712e-24
3.665963e+00 9.590155e-24
3.674417e+00 9.535897e-24
3.682890e+00 9.481915e-24
3.691383e+00 9.421902e-24
3.699895e+00 9.362038e-24
3.708427e+00 9.308942e-24
3.716979e+00 9.256196e-24
3.725550e+00 9.203738e-24
3.734141e+00 9.151548e-24
3.742752e+00 9.099642e-24
3.751383e+00 9.048002e-24
3.760034e+00 8.996642e-24
3.768704e+00 8.945547e-24
3.777395e+00 8.894728e-24
3.786106e+00 8.844173e-24
3.794836e+00 8.793888e-24
3.803587e+00 8.743866e-24
3.812358e+00 8.694111e-24
3.821150e+00 8.644618e-24
3.829961e+00 8.595386e-24
3.838793e+00 8.546416e-24
3.847646e+00 8.497702e-24
3.856518e+00 8.445416e-24
3.865411e+00 8.392157e-24
3.874325e+00 8.343585e-24
3.883259e+00 8.295970e-24
3.892214e+00 8.248613e-24
3.901190e+00 8.201501e-24
3.910186e+00 8.154644e-24
3.919203e+00 8.108030e-24
3.928240e+00 8.061666e-24
3.937299e+00 8.015547e-24
3.946378e+00 7.969671e-24
3.955479e+00 7.924040e-24
3.964600e+00 7.878649e-24
3.973743e+00 7.830237e-24
3.982906e+00 7.781246e-24
3.992091e+00 7.736449e-24
4.001296e+00 7.692072e-24
4.010524e+00 7.647935e-24
4.019772e+00 7.604030e-24
4.029041e+00 7.560359e-24
4.038332e+00 7.516919e-24
4.047645e+00 7.473710e-24
4.056979e+00 7.430732e-24
4.066334e+00 7.387980e-24
4.075711e+00 7.345459e-24
4.085110e+00 7.303161e-24
4.094530e+00 7.261090e-24
4.103972e+00 7.219242e-24
4.113436e+00 7.177618e-24
4.122922e+00 7.136216e-24
4.132429e+00 7.095033e-24
4.141958e+00 7.057396e-24
4.151510e+00 7.019844e-24
4.161083e+00 6.979267e-24
4.170679e+00 6.935895e-24
4.180296e+00 6.888927e-24
4.189936e+00 6.847025e-24
4.199598e+00 6.807402e-24
4.209282e+00 6.767994e-24
4.218989e+00 6.729513e-24
4.228718e+00 6.693607e-24
4.238470e+00 6.656308e-24
4.248244e+00 6.617694e-24
4.258040e+00 6.576752e-24
4.267859e+00 6.535932e-24
4.277701e+00 6.497980e-24
4.287565e+00 6.459089e-24
4.297452e+00 6.418957e-24
4.307362e+00 6.380991e-24
4.317295e+00 6.343882e-24
4.327251e+00 6.306975e-24
4.337230e+00 6.270265e-24
4.347231e+00 6.233754e-24
4.357256e+00 6.199213e-24
4.367304e+00 6.165468e-24
4.377375e+00 6.129513e-24
4.387469e+00 6.093753e-24
4.397587e+00 6.058186e-24
4.407728e+00 6.020928e-24
4.417892e+00 5.983646e-24
4.428079e+00 5.948687e-24
4.438291e+00 5.913918e-24
4.448525e+00 5.879337e-24
4.458784e+00 5.844946e-24
4.469066e+00 5.810741e-24
4.479371e+00 5.776723e-24
4.489701e+00 5.742891e-24
4.500054e+00 5.709242e-24
4.510431e+00 5.675779e-24
4.520832e+00 5.641684e-24
4.531257e+00 5.606609e-24
4.541707e+00 5.573329e-24
4.552180e+00 5.540617e-24
4.562677e+00 5.508086e-24
4.573199e+00 5.475733e-24
4.583745e+00 5.443557e-24
4.594315e+00 5.411559e-24
4.604909e+00 5.379737e-24
4.615528e+00 5.348091e-24
4.626172e+00 5.316620e-24
4.636840e+00 5.285322e-24
4.647532e+00 5.254198e-24
4.658249e+00 5.223246e-24
4.668991e+00 5.192466e-24
4.679758e+00 5.161857e-24
4.690550e+00 5.131418e-24
4.701366e+00 5.100943e-24
4.712208e+00 5.069263e-24
4.723074e+00 5.038713e-24
4.733965e+00 5.009052e-24
4.744882e+00 4.980999e-24
4.755824e+00 4.953225e-24
4.766791e+00 4.925692e-24
4.777783e+00 4.894806e-24
4.788800e+00 4.864233e-24
4.799843e+00 4.833966e-24
4.810912e+00 4.805347e-24
4.822006e+00 4.776908e-24
4.833126e+00 4.748630e-24
4.844271e+00 4.720512e-24
4.855442e+00 4.692553e-24
4.866638e+00 4.664752e-24
4.877861e+00 4.637109e-24
4.889109e+00 4.609622e-24
4.900384e+00 4.582291e-24
4.911684e+00 4.555117e-24
4.923010e+00 4.528097e-24
4.934363e+00 4.501353e-24
4.945741e+00 4.476026e-24
4.957146e+00 4.449991e-24
4.968578e+00 4.423566e-24
4.980035e+00 4.397294e-24
4.991519e+00 4.371172e-24
5.003030e+00 4.345201e-24
5.014567e+00 4.319378e-24
5.026130e+00 4.293705e-24
5.037721e+00 4.268180e-24
5.049338e+00 4.242802e-24
5.060981e+00 4.217571e-24
5.072652e+00 4.192486e-24
5.084350e+00 4.167429e-24
5.096074e+00 4.141330e-24
5.107826e+00 4.116267e-24
5.119605e+00 4.091774e-24
5.131410e+00 4.067423e-24
5.143243e+00 4.043215e-24
5.155104e+00 4.019148e-24
5.166991e+00 3.995290e-24
5.178907e+00 3.974135e-24
5.190849e+00 3.951514e-24
5.202819e+00 3.927635e-24
5.214817e+00 3.902829e-24
5.226842e+00 3.878327e-24
5.238896e+00 3.854582e-24
5.250977e+00 3.831622e-24
5.263085e+00 3.808798e-24
5.275222e+00 3.786109e-24
5.287387e+00 3.763554e-24
5.299580e+00 3.741133e-24
5.311800e+00 3.718845e-24
5.324049e+00 3.696689e-24
5.336327e+00 3.674665e-24
5.348632e+00 3.652773e-24
5.360966e+00 3.631011e-24
5.373329e+00 3.608837e-24
5.385720e+00 3.586550e-24
5.398139e+00 3.565187e-24
5.410587e+00 3.544770e-24
5.423064e+00 3.523637e-24
5.435570e+00 3.501868e-24
5.448104e+00 3.481016e-24
5.460668e+00 3.460290e-24
5.473260e+00 3.439690e-24
5.485881e+00 3.419215e-24
5.498532e+00 3.398865e-24
5.511212e+00 3.378640e-24
5.523920e+00 3.358539e-24
5.536659e+00 3.338793e-24
5.549426e+00 3.319858e-24
5.562223e+00 3.300160e-24
5.575050e+00 3.279944e-24
5.587906e+00 3.259883e-24
5.600792e+00 3.240519e-24
5.613707e+00 3.221277e-24
5.626652e+00 3.202157e-24
5.639627e+00 3.183158e-24
5.652632e+00 3.164281e-24
5.665668e+00 3.145525e-24
5.678733e+00 3.126890e-24
5.691828e+00 3.108377e-24
5.704953e+00 3.089984e-24
5.718109e+00 3.071629e-24
5.731295e+00 3.052747e-24
5.744511e+00 3.034615e-24
5.757758e+00 3.016714e-24
5.771036e+00 2.998934e-24
5.784344e+00 2.981328e-24
5.797682e+00 2.964496e-24
5.811052e+00 2.947201e-24
5.824452e+00 2.929487e-24
5.837883e+00 2.911856e-24
5.851346e+00 2.894871e-24
5.864839e+00 2.878628e-24
5.878363e+00 2.861316e-24
5.891919e+00 2.844386e-24
5.905506e+00 2.827824e-24
5.919124e+00 2.811385e-24
5.932773e+00 2.795069e-24
5.946454e+00 2.778876e-24
5.960167e+00 2.762806e-24
5.973911e+00 2.747195e-24
5.987687e+00 2.731821e-24
6.001495e+00 2.716114e-24
6.015334e+00 2.700530e-24
6.029206e+00 2.684490e-24
6.043109e+00 2.668974e-24
6.057044e+00 2.653767e-24
6.071012e+00 2.638683e-24
6.085012e+00 2.623722e-24
6.099044e+00 2.608883e-24
6.113108e+00 2.594167e-24
6.127205e+00 2.579574e-24
6.141335e+00 2.565102e-24
6.155496e+00 2.551228e-24
6.169691e+00 2.538030e-24
6.183918e+00 2.523881e-24
6.198179e+00 2.509203e-24
6.212472e+00 2.495246e-24
6.226798e+00 2.481958e-24
6.241157e+00 2.469486e-24
6.255549e+00 2.456339e-24
6.269974e+00 2.441409e-24
6.284433e+00 2.427014e-24
6.298925e+00 2.413856e-24
6.313450e+00 2.400815e-24
6.328009e+00 2.387889e-24
6.342601e+00 2.375078e-24
6.357228e+00 2.362380e-24
6.371887e+00 2.349796e-24
6.386581e+00 2.337323e-24
6.401308e+00 2.324963e-24
6.416070e+00 2.312713e-24
6.430865e+00 2.300573e-24
6.445695e+00 2.288543e-24
6.460559e+00 2.276620e-24
6.475457e+00 2.264805e-24
6.490389e+00 2.253096e-24
6.505356e+00 2.241672e-24
6.520358e+00 2.230561e-24
6.535394e+00 2.219162e-24
6.550464e+00 2.207865e-24
6.565570e+00 2.196670e-24
6.580710e+00 2.185577e-24
6.595885e+00 2.174583e-24
6.611095e+00 2.163689e-24
6.626341e+00 2.152893e-24
6.641621e+00 2.142488e-24
6.656937e+00 2.132191e-24
6.672288e+00 2.121678e-24
6.687674e+00 2.111259e-24
6.703096e+00 2.100934e-24
6.718553e+00 2.090701e-24
6.734046e+00 2.080559e-24
6.749575e+00 2.070507e-24
6.765140e+00 2.060033e-24
6.780740e+00 2.050113e-24
6.796376e+00 2.040331e-24
6.812049e+00 2.030635e-24
6.827758e+00 2.021024e-24
6.843502e+00 2.011497e-24
6.859284e+00 2.001791e-24
6.875101e+00 1.992231e-24
6.890955e+00 1.982953e-24
6.906846e+00 1.973754e-24
6.922773e+00 1.964634e-24
6.938737e+00 1.955591e-24
6.954738e+00 1.946745e-24
6.970775e+00 1.938166e-24
6.986850e+00 1.929344e-24
7.002962e+00 1.920594e-24
7.019111e+00 1.911916e-24
7.035297e+00 1.903308e-24
7.051520e+00 1.894770e-24
7.067781e+00 1.886299e-24
7.084080e+00 1.877895e-24
7.100415e+00 1.869557e-24
7.116789e+00 1.861284e-24
7.133200e+00 1.853073e-24
7.149650e+00 1.845365e-24
7.166137e+00 1.836852e-24
7.182662e+00 1.828811e-24
7.199225e+00 1.820843e-24
7.215827e+00 1.812932e-24
7.232466e+00 1.805078e-24
7.249145e+00 1.797279e-24
7.265861e+00 1.789186e-24
7.282616e+00 1.781481e-24
7.299410e+00 1.773845e-24
7.316243e+00 1.766260e-24
7.333114e+00 1.759072e-24
7.350024e+00 1.751587e-24
7.366973e+00 1.744146e-24
7.383962e+00 1.736752e-24
7.400989e+00 1.729403e-24
7.418056e+00 1.722100e-24
7.435162e+00 1.714842e-24
7.452307e+00 1.707580e-24
7.469493e+00 1.700129e-24
7.486717e+00 1.693002e-24
7.503982e+00 1.685916e-24
7.521286e+00 1.678870e-24
7.538630e+00 1.671864e-24
7.556014e+00 1.664898e-24
7.573438e+00 1.657970e-24
7.590903e+00 1.651081e-24
7.608407e+00 1.644230e-24
7.625953e+00 1.637415e-24
7.643538e+00 1.630638e-24
7.661164e+00 1.623898e-24
7.678831e+00 1.617194e-24
7.696538e+00 1.610526e-24
7.714287e+00 1.603895e-24
7.732076e+00 1.597299e-24
7.749906e+00 1.590740e-24
7.767777e+00 1.584216e-24
7.785690e+00 1.577765e-24
7.803644e+00 1.571612e-24
7.821639e+00 1.565435e-24
7.839676e+00 1.559051e-24
7.857754e+00 1.552560e-24
7.875874e+00 1.546093e-24
7.894036e+00 1.539655e-24
7.912240e+00 1.533334e-24
7.930485e+00 1.527141e-24
7.948773e+00 1.520986e-24
7.967103e+00 1.514870e-24
7.985475e+00 1.508793e-24
8.003890e+00 1.502756e-24
8.022347e+00 1.496759e-24
8.040846e+00 1.490803e-24
8.059389e+00 1.484888e-24
8.077974e+00 1.479015e-24
8.096602e+00 1.473185e-24
8.115272e+00 1.467398e-24
8.133986e+00 1.461656e-24
8.152743e+00 1.455957e-24
8.171544e+00 1.450304e-24
8.190387e+00 1.444697e-24
8.209274e+00 1.439137e-24
8.228205e+00 1.433623e-24
8.247179e+00 1.428333e-24
8.266197e+00 1.422952e-24
8.285259e+00 1.417582e-24
8.304365e+00 1.412539e-24
8.323515e+00 1.409173e-24
8.342709e+00 1.404275e-24
8.361947e+00 1.396996e-24
8.381230e+00 1.391497e-24
8.400557e+00 1.386437e-24
8.419929e+00 1.381431e-24
8.439346e+00 1.376479e-24
8.458807e+00 1.371583e-24
8.478313e+00 1.366742e-24
8.497864e+00 1.362142e-24
8.517460e+00 1.357441e-24
8.537101e+00 1.352768e-24
8.556788e+00 1.348247e-24
8.576520e+00 1.343832e-24
8.596298e+00 1.339149e-24
8.616121e+00 1.334466e-24
8.635989e+00 1.330083e-24
8.655904e+00 1.325767e-24
8.675865e+00 1.321513e-24
8.695871e+00 1.317319e-24
8.715924e+00 1.313029e-24
8.736023e+00 1.308955e-24
8.756168e+00 1.304951e-24
8.776360e+00 1.301011e-24
8.796599e+00 1.297134e-24
8.816884e+00 1.293323e-24
8.837215e+00 1.289576e-24
8.857594e+00 1.285896e-24
8.878020e+00 1.282282e-24
8.898493e+00 1.278872e-24
8.919012e+00 1.275405e-24
8.939580e+00 1.271938e-24
8.960195e+00 1.268506e-24
8.980857e+00 1.265236e-24
9.001567e+00 1.262038e-24
9.022324e+00 1.258912e-24
9.043130e+00 1.255860e-24
9.063984e+00 1.252882e-24
9.084885e+00 1.249981e-24
9.105835e+00 1.247157e-24
9.126833e+00 1.244411e-24
9.147880e+00 1.241746e-24
9.168975e+00 1.239275e-24
9.190118e+00 1.236663e-24
9.211311e+00 1.234334e-24
9.232552e+00 1.232046e-24
9.253843e+00 1.230026e-24
9.275182e+00 1.228146e-24
9.296571e+00 1.226078e-24
9.318009e+00 1.223904e-24
9.339496e+00 1.221822e-24
9.361033e+00 1.219945e-24
9.382620e+00 1.218245e-24
9.404256e+00 1.216514e-24
9.425942e+00 1.214985e-24
9.447679e+00 1.213535e-24
9.469465e+00 1.212157e-24
9.491302e+00 1.210841e-24
9.513189e+00 1.209578e-24
9.535126e+00 1.208452e-24
9.557114e+00 1.207154e-24
9.579153e+00 1.205961e-24
9.601243e+00 1.204758e-24
9.623383e+00 1.203524e-24
9.645575e+00 1.202241e-24
9.667817e+00 1.200988e-24
9.690112e+00 1.199458e-24
9.712457e+00 1.197928e-24
9.734854e+00 1.196291e-24
9.757303e+00 1.194543e-24
9.779803e+00 1.192683e-24
9.802355e+00 1.190714e-24
9.824960e+00 1.188645e-24
9.847616e+00 1.186487e-24
9.870325e+00 1.184252e-24
9.893086e+00 1.181957e-24
9.915899e+00 1.179617e-24
9.938766e+00 1.177248e-24
9.961684e+00 1.174865e-24
9.984656e+00 1.172573e-24
1.000768e+01 1.170243e-24
1.003076e+01 1.167768e-24
1.005389e+01 1.165363e-24
1.007707e+01 1.163123e-24
1.010031e+01 1.160839e-24
1.012360e+01 1.158645e-24
1.014695e+01 1.156500e-24
1.017035e+01 1.154407e-24
1.019380e+01 1.152366e-24
1.021731e+01 1.150377e-24
1.024087e+01 1.148440e-24
1.026448e+01 1.146554e-24
1.028815e+01 1.144718e-24
1.031188e+01 1.142932e-24
1.033566e+01 1.141192e-24
1.035949e+01 1.139498e-24
1.038338e+01 1.137849e-24
1.040732e+01 1.137005e-24
1.043132e+01 1.135145e-24
1.045538e+01 1.133111e-24
1.047949e+01 1.131651e-24
1.050365e+01 1.130194e-24
1.052788e+01 1.128770e-24
1.055215e+01 1.127377e-24
1.057649e+01 1.126015e-24
1.060088e+01 1.124682e-24
1.062532e+01 1.123376e-24
1.064982e+01 1.122095e-24
1.067438e+01 1.120840e-24
1.069900e+01 1.119607e-24
1.072367e+01 1.118397e-24
1.074840e+01 1.117207e-24
1.077318e+01 1.116037e-24
1.079803e+01 1.114886e-24
1.082293e+01 1.113752e-24
1.084789e+01 1.112635e-24
1.087290e+01 1.111534e-24
1.089797e+01 1.110416e-24
1.092311e+01 1.109340e-24
1.094829e+01 1.108281e-24
1.097354e+01 1.107235e-24
1.099885e+01 1.106232e-24
1.102421e+01 1.105176e-24
1.104963e+01 1.104162e-24
1.107511e+01 1.103175e-24
1.110065e+01 1.102195e-24
1.112625e+01 1.101189e-24
1.115191e+01 1.100195e-24
1.117762e+01 1.099223e-24
1.120340e+01 1.098256e-24
1.122923e+01 1.097296e-24
1.125513e+01 1.096340e-24
1.128108e+01 1.095390e-24
1.130710e+01 1.094444e-24
1.133317e+01 1.093502e-24
1.135931e+01 1.092563e-24
1.138550e+01 1.091651e-24
1.141176e+01 1.090712e-24
1.143807e+01 1.089789e-24
1.146445e+01 1.088859e-24
1.149088e+01 1.087930e-24
1.151738e+01 1.087002e-24
1.154394e+01 1.086075e-24
1.157056e+01 1.085147e-24
1.159724e+01 1.084220e-24
1.162399e+01 1.083292e-24
1.165079e+01 1.082363e-24
1.167766e+01 1.081433e-24
1.170459e+01 1.080502e-24
1.173158e+01 1.079569e-24
1.175863e+01 1.078633e-24
1.178575e+01 1.077696e-24
1.181293e+01 1.076756e-24
1.184017e+01 1.075813e-24
1.186747e+01 1.074867e-24
1.189484e+01 1.073918e-24
1.192227e+01 1.072972e-24
1.194976e+01 1.072031e-24
1.197731e+01 1.071087e-24
1.200493e+01 1.070152e-24
1.203262e+01 1.069161e-24
1.206037e+01 1.068161e-24
1.208818e+01 1.067181e-24
1.211605e+01 1.066197e-24
1.214399e+01 1.065208e-24
1.217200e+01 1.064213e-24
1.220006e+01 1.063213e-24
1.222820e+01 1.062206e-24
1.225640e+01 1.061195e-24
1.228466e+01 1.060204e-24
1.231299e+01 1.059230e-24
1.234138e+01 1.058134e-24
1.236984e+01 1.057090e-24
1.239837e+01 1.056064e-24
1.242696e+01 1.055095e-24
1.245561e+01 1.054927e-24
1.248434e+01 1.053267e-24
1.251313e+01 1.051886e-24
1.254198e+01 1.050746e-24
1.257090e+01 1.049641e-24
1.259989e+01 1.048550e-24
1.262895e+01 1.047451e-24
1.265807e+01 1.046344e-24
1.268726e+01 1.045231e-24
1.271652e+01 1.044109e-24
1.274584e+01 1.042981e-24
1.277523e+01 1.041844e-24
1.280469e+01 1.040700e-24
1.283422e+01 1.039548e-24
1.286382e+01 1.038389e-24
1.289348e+01 1.037222e-24
1.292321e+01 1.036046e-24
1.295301e+01 1.034864e-24
1.298288e+01 1.033673e-24
1.301282e+01 1.032474e-24
1.304283e+01 1.031267e-24
1.307291e+01 1.030053e-24
1.310305e+01 1.028830e-24
1.313327e+01 1.027600e-24
1.316355e+01 1.026362e-24
1.319391e+01 1.025116e-24
1.322433e+01 1.023862e-24
1.325483e+01 1.022600e-24
1.328539e+01 1.021330e-24
1.331603e+01 1.020052e-24
1.334674e+01 1.018767e-24
1.337752e+01 1.017473e-24
1.340836e+01 1.016161e-24
1.343928e+01 1.014852e-24
1.347027e+01 1.013547e-24
1.350134e+01 1.012223e-24
1.353247e+01 1.010881e-24
1.356368e+01 1.009542e-24
1.359496e+01 1.008206e-24
1.362631e+01 1.006852e-24
1.365773e+01 1.005491e-24
1.368922e+01 1.004122e-24
1.372079e+01 1.002746e-24
1.375243e+01 1.001363e-24
1.378414e+01 9.999636e-25
1.381593e+01 9.985668e-25
1.384779e+01 9.971630e-25
1.387972e+01 9.957544e-25
1.391173e+01 9.943352e-25
1.394381e+01 9.929113e-25
1.397596e+01 9.914809e-25
1.400819e+01 9.900441e-25
1.404050e+01 9.886009e-25
1.407287e+01 9.871516e-25
1.410533e+01 9.856961e-25
1.413785e+01 9.842346e-25
1.417045e+01 9.827673e-25
1.420313e+01 9.812942e-25
1.423588e+01 9.798155e-25
1.426871e+01 9.783313e-25
1.430162e+01 9.768417e-25
1.433460e+01 9.753468e-25
1.436765e+01 9.738468e-25
1.440078e+01 9.723422e-25
1.443399e+01 9.708393e-25
1.446728e+01 9.693247e-25
1.450064e+01 9.678053e-25
1.453408e+01 9.662821e-25
1.456759e+01 9.647480e-25
1.460119e+01 9.632159e-25
1.463486e+01 9.616802e-25
1.466860e+01 9.601408e-25
1.470243e+01 9.585977e-25
1.473633e+01 9.570512e-25
1.477032e+01 9.555015e-25
1.480438e+01 9.539486e-25
1.483852e+01 9.523928e-25
1.487273e+01 9.508342e-25
1.490703e+01 9.492731e-25
1.494141e+01 9.477096e-25
1.497586e+01 9.461469e-25
1.501040e+01 9.445816e-25
1.504501e+01 9.430064e-25
1.507970e+01 9.414352e-25
1.511448e+01 9.398625e-25
1.514933e+01 9.382885e-25
1.518427e+01 9.367135e-25
1.521928e+01 9.351376e-25
1.525438e+01 9.335611e-25
1.528955e+01 9.319841e-25
1.532481e+01 9.304068e-25
1.536015e+01 9.288296e-25
1.539557e+01 9.272525e-25
1.543107e+01 9.256757e-25
1.546666e+01 9.240996e-25
1.550232e+01 9.225243e-25
1.553807e+01 9.209501e-25
1.557390e+01 9.193771e-25
1.560982e+01 9.178033e-25
1.564581e+01 9.162320e-25
1.568189e+01 9.146641e-25
1.571805e+01 9.130984e-25
1.575430e+01 9.115351e-25
1.579063e+01 9.099744e-25
1.582704e+01 9.084166e-25
1.586354e+01 9.068618e-25
1.590012e+01 9.053104e-25
1.593679e+01 9.037625e-25
1.597354e+01 9.022183e-25
1.601037e+01 9.006782e-25
1.604729e+01 8.991450e-25
1.608430e+01 8.976142e-25
1.612139e+01 8.960875e-25
1.615857e+01 8.945658e-25
1.619583e+01 8.930494e-25
1.623317e+01 8.915383e-25
1.627061e+01 8.900330e-25
1.630813e+01 8.885337e-25
1.634574e+01 8.870405e-25
1.638343e+01 8.855537e-25
1.642121e+01 8.840736e-25
1.645908e+01 8.826004e-25
1.649703e+01 8.811344e-25
1.653507e+01 8.796757e-25
1.657320e+01 8.782247e-25
1.661142e+01 8.767816e-25
1.664973e+01 8.753609e-25
1.668812e+01 8.739251e-25
1.672661e+01 8.725017e-25
1.676518e+01 8.710924e-25
1.680384e+01 8.696897e-25
1.684259e+01 8.682988e-25
1.688143e+01 8.669174e-25
1.692035e+01 8.655457e-25
1.695937e+01 8.641840e-25
1.699848e+01 8.628325e-25
1.703768e+01 8.614914e-25
1.707697e+01 8.601609e-25
1.711635e+01 8.588413e-25
1.715582e+01 8.575328e-25
1.719538e+01 8.562356e-25
1.723503e+01 8.549498e-25
1.727478e+01 8.536757e-25
1.731461e+01 8.524136e-25
1.735454e+01 8.511635e-25
1.739456e+01 8.499257e-25
1.743467e+01 8.487004e-25
1.747488e+01 8.474897e-25
1.751517e+01 8.462881e-25
1.755556e+01 8.451014e-25
1.759605e+01 8.439297e-25
1.763662e+01 8.427695e-25
1.767729e+01 8.416212e-25
1.771806e+01 8.404901e-25
1.775892e+01 8.393711e-25
1.779987e+01 8.382662e-25
1.784092e+01 8.371754e-25
1.788206e+01 8.360990e-25
1.792329e+01 8.350370e-25
1.796462e+01 8.339897e-25
1.800605e+01 8.329570e-25
1.804757e+01 8.319392e-25
1.808919e+01 8.309364e-25
1.813090e+01 8.299487e-25
1.817271e+01 8.289762e-25
1.821462e+01 8.280190e-25
1.825662e+01 8.270771e-25
1.829872e+01 8.261508e-25
1.834092e+01 8.252401e-25
1.838322e+01 8.243450e-25
1.842561e+01 8.234656e-25
1.846810e+01 8.226021e-25
1.851068e+01 8.217545e-25
1.855337e+01 8.209228e-25
1.859615e+01 8.201071e-25
1.863904e+01 8.193075e-25
1.868202e+01 8.185239e-25
1.872510e+01 8.177579e-25
1.876828e+01 8.170053e-25
1.881156e+01 8.162703e-25
1.885494e+01 8.155516e-25
1.889842e+01 8.148491e-25
1.894200e+01 8.141629e-25
1.898568e+01 8.134930e-25
1.902946e+01 8.128394e-25
1.907334e+01 8.122021e-25
1.911733e+01 8.115812e-25
1.916141e+01 8.109765e-25
1.920560e+01 8.103881e-25
1.924989e+01 8.098160e-25
1.929428e+01 8.092601e-25
1.933877e+01 8.087205e-25
1.938336e+01 8.081970e-25
1.942806e+01 8.076897e-25
1.947286e+01 8.071985e-25
1.951777e+01 8.067234e-25
1.956278e+01 8.062643e-25
1.960789e+01 8.058212e-25
1.965310e+01 8.053939e-25
1.969842e+01 8.049825e-25
1.974385e+01 8.045867e-25
1.978938e+01 8.042067e-25
1.983501e+01 8.038422e-25
1.988075e+01 8.034931e-25
1.992660e+01 8.031594e-25
1.997255e+01 8.028410e-25
2.001861e+01 8.025376e-25
2.006477e+01 8.022493e-25
2.011104e+01 8.019757e-25
2.015741e+01 8.017169e-25
2.020390e+01 8.014726e-25
2.025049e+01 8.012426e-25
2.029719e+01 8.010269e-25
2.034399e+01 8.008251e-25
2.039090e+01 8.006372e-25
2.043793e+01 8.004628e-25
2.048506e+01 8.003018e-25
2.053229e+01 8.001539e-25
2.057964e+01 8.000190e-25
2.062710e+01 7.998966e-25
2.067466e+01 7.997866e-25
2.072234e+01 7.996887e-25
2.077013e+01 7.996026e-25
2.081802e+01 7.995287e-25
2.086603e+01 7.994653e-25
2.091415e+01 7.994120e-25
2.096237e+01 7.993699e-25
2.101071e+01 7.993380e-25
2.105916e+01 7.993158e-25
2.110773e+01 7.993031e-25
2.115640e+01 7.992993e-25
2.120519e+01 7.993042e-25
2.125409e+01 7.993172e-25
2.130310e+01 7.993380e-25
2.135223e+01 7.993662e-25
2.140146e+01 7.994012e-25
2.145082e+01 7.994427e-25
2.150028e+01 7.994901e-25
2.154986e+01 7.995430e-25
2.159956e+01 7.996009e-25
2.164936e+01 7.996633e-25
2.169929e+01 7.997297e-25
2.174933e+01 7.997995e-25
2.179948e+01 7.998724e-25
2.184975e+01 7.999477e-25
2.190014e+01 8.000249e-25
2.195064e+01 8.001034e-25
2.200126e+01 8.001829e-25
2.205199e+01 8.002626e-25
2.210284e+01 8.003421e-25
2.215381e+01 8.004208e-25
2.220490e+01 8.004982e-25
2.225610e+01 8.005737e-25
2.230743e+01 8.006468e-25
2.235887e+01 8.007170e-25
2.241043e+01 8.007837e-25
2.246211e+01 8.008463e-25
2.251390e+01 8.009047e-25
2.256582e+01 8.009573e-25
2.261786e+01 8.010046e-25
2.267002e+01 8.010457e-25
2.272229e+01 8.010803e-25
2.277469e+01 8.011078e-25
2.282721e+01 8.011277e-25
2.287985e+01 8.011393e-25
2.293261e+01 8.011423e-25
2.298549e+01 8.011361e-25
2.303850e+01 8.011204e-25
2.309162e+01 8.010948e-25
2.314487e+01 8.010587e-25
2.319825e+01 8.010117e-25
2.325174e+01 8.009536e-25
2.330536e+01 8.008837e-25
2.335910e+01 8.008019e-25
2.341297e+01 8.007077e-25
2.346696e+01 8.006007e-25
2.352107e+01 8.004806e-25
2.357531e+01 8.003471e-25
2.362968e+01 8.002000e-25
2.368417e+01 8.000388e-25
2.373878e+01 7.998633e-25
2.379353e+01 7.996733e-25
2.384839e+01 7.994685e-25
2.390339e+01 7.992492e-25
2.395851e+01 7.990141e-25
2.401376e+01 7.987636e-25
2.406914e+01 7.984972e-25
2.412464e+01 7.982154e-25
2.418027e+01 7.979176e-25
2.423603e+01 7.976039e-25
2.429192e+01 7.972739e-25
2.434794e+01 7.969277e-25
2.440408e+01 7.965651e-25
2.446036e+01 7.961865e-25
2.451676e+01 7.957910e-25
2.457330e+01 7.953790e-25
2.462997e+01 7.949505e-25
2.468676e+01 7.945054e-25
2.474369e+01 7.940437e-25
2.480075e+01 7.935655e-25
2.485794e+01 7.930710e-25
2.491526e+01 7.925596e-25
2.497272e+01 7.920320e-25
2.503031e+01 7.914880e-25
2.508803e+01 7.909277e-25
2.514588e+01 7.903513e-25
2.520387e+01 7.897587e-25
2.526199e+01 7.891502e-25
2.532024e+01 7.885255e-25
2.537863e+01 7.878857e-25
2.543715e+01 7.872299e-25
2.549581e+01 7.865588e-25
2.555460e+01 7.858723e-25
2.561353e+01 7.851707e-25
2.567260e+01 7.844542e-25
2.573180e+01 7.837228e-25
2.579114e+01 7.829769e-25
2.585061e+01 7.822166e-25
2.591022e+01 7.814421e-25
2.596997e+01 7.806537e-25
2.602986e+01 7.798514e-25
2.608988e+01 7.790356e-25
2.615005e+01 7.782065e-25
2.621035e+01 7.773642e-25
2.627079e+01 7.765090e-25
2.633137e+01 7.756412e-25
2.639209e+01 7.747610e-25
2.645295e+01 7.738686e-25
2.651395e+01 7.729643e-25
2.657509e+01 7.720483e-25
2.663638e+01 7.711208e-25
2.669780e+01 7.701821e-25
2.675937e+01 7.692325e-25
2.682107e+01 7.682721e-25
2.688292e+01 7.673014e-25
2.694492e+01 7.663204e-25
2.700705e+01 7.653295e-25
2.706933e+01 7.643288e-25
2.713175e+01 7.633188e-25
2.719432e+01 7.622995e-25
2.725703e+01 7.612713e-25
2.731988e+01 7.602344e-25
2.738288e+01 7.591891e-25
2.744603e+01 7.581355e-25
2.750932e+01 7.570741e-25
2.757275e+01 7.560049e-25
2.763634e+01 7.549283e-25
2.770007e+01 7.538444e-25
2.776394e+01 7.527536e-25
2.782797e+01 7.516561e-25
2.789214e+01 7.505520e-25
2.795646e+01 7.494417e-25
2.802093e+01 7.483254e-25
2.808554e+01 7.472032e-25
2.815031e+01 7.460755e-25
2.821522e+01 7.449424e-25
2.828029e+01 7.438042e-25
2.834550e+01 7.426611e-25
2.841087e+01 7.415133e-25
2.847638e+01 7.403611e-25
2.854205e+01 7.392045e-25
2.860787e+01 7.380439e-25
2.867384e+01 7.368795e-25
2.873996e+01 7.357113e-25
2.880623e+01 7.345399e-25
2.887266e+01 7.333651e-25
2.893924e+01 7.321871e-25
2.900598e+01 7.310063e-25
2.907286e+01 7.298228e-25
2.913991e+01 7.286368e-25
2.920710e+01 7.274484e-25
2.927446e+01 7.262579e-25
2.934196e+01 7.250654e-25
2.940963e+01 7.238711e-25
2.947744e+01 7.226751e-25
2.954542e+01 7.214776e-25
2.961355e+01 7.202788e-25
2.968184e+01 7.190788e-25
2.975029e+01 7.178778e-25
2.981889e+01 7.166759e-25
2.988765e+01 7.154733e-25
2.995658e+01 7.142702e-25
3.002566e+01 7.130666e-25
3.009489e+01 7.118626e-25
3.016429e+01 7.106585e-25
3.023385e+01 7.094544e-25
3.030357e+01 7.082504e-25
3.037345e+01 7.070466e-25
3.044349e+01 7.058431e-25
3.051370e+01 7.046401e-25
3.058406e+01 7.034377e-25
3.065459e+01 7.022360e-25
3.072528e+01 7.010350e-25
3.079613e+01 6.998350e-25
3.086715e+01 6.986360e-25
3.093833e+01 6.974381e-25
3.100967e+01 6.962415e-25
3.108118e+01 6.950461e-25
3.115285e+01 6.938522e-25
3.122469e+01 6.926598e-25
3.129670e+01 6.914690e-25
3.136887e+01 6.902799e-25
3.144120e+01 6.890925e-25
3.151371e+01 6.879070e-25
3.158638e+01 6.867234e-25
3.165922e+01 6.855419e-25
3.173222e+01 6.843624e-25
3.180540e+01 6.831851e-25
3.187874e+01 6.820100e-25
3.195225e+01 6.808373e-25
3.202594e+01 6.796669e-25
3.209979e+01 6.784989e-25
3.217381e+01 6.773335e-25
3.224800e+01 6.761706e-25
3.232237e+01 6.750103e-25
3.239690e+01 6.738527e-25
3.247161e+01 6.726979e-25
3.254649e+01 6.715458e-25
3.262154e+01 6.703966e-25
3.269677e+01 6.692504e-25
3.277217e+01 6.681070e-25
3.284774e+01 6.669666e-25
3.292349e+01 6.658292e-25
3.299941e+01 6.646949e-25
3.307551e+01 6.635637e-25
3.315178e+01 6.624356e-25
3.322823e+01 6.613108e-25
3.330485e+01 6.601892e-25
3.338165e+01 6.590708e-25
3.345863e+01 6.579558e-25
3.353579e+01 6.568441e-25
3.361312e+01 6.557358e-25
3.369063e+01 6.546308e-25
3.376832e+01 6.535293e-25
3.384619e+01 6.524313e-25
3.392424e+01 6.513367e-25
3.400247e+01 6.502456e-25
3.408088e+01 6.491581e-25
3.415947e+01 6.480741e-25
3.423825e+01 6.469937e-25
3.431720e+01 6.459169e-25
3.439634e+01 6.448436e-25
3.447565e+01 6.437741e-25
3.455515e+01 6.427082e-25
3.463484e+01 6.416459e-25
3.471471e+01 6.405873e-25
3.479476e+01 6.395325e-25
3.487500e+01 6.384813e-25
3.495542e+01 6.374339e-25
3.503603e+01 6.363902e-25
3.511682e+01 6.353502e-25
3.519780e+01 6.343140e-25
3.527897e+01 6.332816e-25
3.536032e+01 6.322529e-25
3.544186e+01 6.312280e-25
3.552359e+01 6.302070e-25
3.560551e+01 6.291897e-25
3.568761e+01 6.281762e-25
3.576991e+01 6.271665e-25
3.585240e+01 6.261606e-25
3.593507e+01 6.251585e-25
3.601794e+01 6.241603e-25
3.610100e+01 6.231658e-25
3.618424e+01 6.221752e-25
3.626769e+01 6.211884e-25
3.635132e+01 6.202055e-25
3.643515e+01 6.192263e-25
3.651917e+01 6.182510e-25
3.660338e+01 6.172795e-25
3.668779e+01 6.163117e-25
3.677239e+01 6.153478e-25
3.685719e+01 6.143877e-25
3.694218e+01 6.134314e-25
3.702737e+01 6.124790e-25
3.711275e+01 6.115303e-25
3.719834e+01 6.105854e-25
3.728412e+01 6.096443e-25
3.737009e+01 6.087069e-25
3.745627e+01 6.077734e-25
3.754264e+01 6.068436e-25
3.762922e+01 6.059176e-25
3.771599e+01 6.049953e-25
3.780296e+01 6.040768e-25
3.789014e+01 6.031620e-25
3.797751e+01 6.022510e-25
3.806509e+01 6.013436e-25
3.815287e+01 6.004400e-25
3.824085e+01 5.995401e-25
3.832903e+01 5.986439e-25
3.841742e+01 5.977514e-25
3.850601e+01 5.968626e-25
3.859480e+01 5.959774e-25
3.868380e+01 5.950959e-25
3.877301e+01 5.942181e-25
3.886242e+01 5.933438e-25
3.895204e+01 5.924733e-25
3.904186e+01 5.916063e-25
3.913189e+01 5.907430e-25
3.922213e+01 5.898832e-25
3.931258e+01 5.890271e-25
3.940323e+01 5.881746e-25
3.949410e+01 5.873257e-25
3.958517e+01 5.864806e-25
3.967645e+01 5.856393e-25
3.976795e+01 5.848023e-25
3.985965e+01 5.839710e-25
3.995157e+01 5.831537e-25
4.004370e+01 5.825396e-25
4.013604e+01 5.815899e-25
4.022859e+01 5.806731e-25
4.032136e+01 5.798456e-25
4.041434e+01 5.790284e-25
4.050754e+01 5.782163e-25
4.060095e+01 5.774081e-25
4.069457e+01 5.766036e-25
4.078842e+01 5.758026e-25
4.088247e+01 5.750049e-25
4.097675e+01 5.742107e-25
4.107124e+01 5.734198e-25
4.116595e+01 5.726322e-25
4.126088e+01 5.718479e-25
4.135603e+01 5.710670e-25
4.145140e+01 5.702892e-25
4.154698e+01 5.695147e-25
4.164279e+01 5.687435e-25
4.173882e+01 5.679755e-25
4.183507e+01 5.672106e-25
4.193154e+01 5.664490e-25
4.202824e+01 5.656905e-25
4.212516e+01 5.649352e-25
4.222230e+01 5.641830e-25
4.231966e+01 5.634339e-25
4.241725e+01 5.626880e-25
4.251507e+01 5.619451e-25
4.261311e+01 5.612053e-25
4.271137e+01 5.604686e-25
4.280986e+01 5.597349e-25
4.290858e+01 5.590043e-25
4.300753e+01 5.582766e-25
4.310671e+01 5.575520e-25
4.320611e+01 5.568304e-25
4.330575e+01 5.561117e-25
4.340561e+01 5.553960e-25
4.350570e+01 5.546832e-25
4.360603e+01 5.539734e-25
4.370658e+01 5.532664e-25
4.380737e+01 5.525623e-25
4.390839e+01 5.518611e-25
4.400964e+01 5.511628e-25
4.411113e+01 5.504673e-25
4.421285e+01 5.497747e-25
4.431481e+01 5.490848e-25
4.441700e+01 5.483978e-25
4.451942e+01 5.477135e-25
4.462208e+01 5.470320e-25
4.472498e+01 5.463533e-25
4.482812e+01 5.456773e-25
4.493149e+01 5.450040e-25
4.503511e+01 5.443335e-25
4.513896e+01 5.436656e-25
4.524305e+01 5.430004e-25
4.534738e+01 5.423379e-25
4.545195e+01 5.416780e-25
4.555676e+01 5.410207e-25
4.566182e+01 5.403661e-25
4.576711e+01 5.397141e-25
4.587265e+01 5.390647e-25
4.597843e+01 5.384178e-25
4.608446e+01 5.377735e-25
4.619073e+01 5.371317e-25
4.629725e+01 5.364925e-25
4.640401e+01 5.358558e-25
4.651102e+01 5.352216e-25
4.661827e+01 5.345899e-25
4.672578e+01 5.339606e-25
4.683353e+01 5.333338e-25
4.694152e+01 5.327095e-25
4.704977e+01 5.320875e-25
4.715827e+01 5.314680e-25
4.726702e+01 5.308509e-25
4.737601e+01 5.302362e-25
4.748526e+01 5.296238e-25
4.759476e+01 5.290139e-25
4.770452e+01 5.284062e-25
4.781453e+01 5.278009e-25
4.792479e+01 5.271979e-25
4.803530e+01 5.265972e-25
4.814607e+01 5.259988e-25
4.825710e+01 5.254027e-25
4.836838e+01 5.248088e-25
4.847992e+01 5.242172e-25
4.859171e+01 5.236278e-25
4.870376e+01 5.230407e-25
4.881607e+01 5.224557e-25
4.892864e+01 5.218730e-25
4.904147e+01 5.212924e-25
4.915456e+01 5.207140e-25
4.926792e+01 5.201378e-25
4.938153e+01 5.195637e-25
4.949540e+01 5.189918e-25
4.960954e+01 5.184219e-25
4.972394e+01 5.178542e-25
4.983860e+01 5.172885e-25
4.995353e+01 5.167250e-25
5.006872e+01 5.161635e-25
5.018418e+01 5.156041e-25
5.029991e+01 5.150467e-25
5.041590e+01 5.144913e-25
5.053216e+01 5.139380e-25
5.064869e+01 5.133866e-25
5.076548e+01 5.128373e-25
5.088255e+01 5.122899e-25
5.099988e+01 5.117445e-25
5.111749e+01 5.112011e-25
5.123537e+01 5.106596e-25
5.135352e+01 5.101201e-25
5.147194e+01 5.095825e-25
5.159063e+01 5.090468e-25
5.170960e+01 5.085129e-25
5.182884e+01 5.079810e-25
5.194836e+01 5.074510e-25
5.206816e+01 5.069228e-25
5.218822e+01 5.063965e-25
5.230857e+01 5.058720e-25
5.242920e+01 5.053494e-25
5.255010e+01 5.048286e-25
5.267128e+01 5.043096e-25
5.279274e+01 5.037923e-25
5.291448e+01 5.032769e-25
5.303650e+01 5.027633e-25
5.315880e+01 5.022514e-25
5.328139e+01 5.017413e-25
5.340425e+01 5.012329e-25
5.352741e+01 5.007263e-25
5.365084e+01 5.002214e-25
5.377456e+01 4.997182e-25
5.389856e+01 4.992167e-25
5.402285e+01 4.987169e-25
5.414743e+01 4.982188e-25
5.427230e+01 4.977224e-25
5.439745e+01 4.972276e-25
5.452289e+01 4.967345e-25
5.464862e+01 4.962430e-25
5.477464e+01 4.957532e-25
5.490095e+01 4.952650e-25
5.502755e+01 4.947784e-25
5.515445e+01 4.942934e-25
5.528163e+01 4.938101e-25
5.540911e+01 4.933283e-25
5.553689e+01 4.928480e-25
5.566495e+01 4.923694e-25
5.579332e+01 4.918923e-25
5.592198e+01 4.914168e-25
5.605093e+01 4.909428e-25
5.618019e+01 4.904703e-25
5.630974e+01 4.899993e-25
5.643959e+01 4.895297e-25
5.656974e+01 4.890621e-25
5.670019e+01 4.885957e-25
5.683094e+01 4.881308e-25
5.696200e+01 4.876674e-25
5.709335e+01 4.872055e-25
5.722501e+01 4.867451e-25
5.735697e+01 4.862865e-25
5.748923e+01 4.858301e-25
5.762181e+01 4.853818e-25
5.775468e+01 4.850641e-25
5.788786e+01 4.844687e-25
5.802135e+01 4.840130e-25
5.815515e+01 4.835617e-25
5.828926e+01 4.831123e-25
5.842367e+01 4.826644e-25
5.855840e+01 4.822179e-25
5.869344e+01 4.817729e-25
5.882878e+01 4.813292e-25
5.896444e+01 4.808869e-25
5.910041e+01 4.804460e-25
5.923670e+01 4.800063e-25
5.937330e+01 4.795681e-25
5.951022e+01 4.791311e-25
5.964745e+01 4.786955e-25
5.978500e+01 4.782612e-25
5.992286e+01 4.778282e-25
6.006104e+01 4.773965e-25
6.019954e+01 4.769660e-25
6.033836e+01 4.765369e-25
6.047750e+01 4.761090e-25
6.061697e+01 4.756824e-25
6.075675e+01 4.752571e-25
6.089686e+01 4.748330e-25
6.103728e+01 4.744101e-25
6.117804e+01 4.739885e-25
6.131911e+01 4.735682e-25
6.146052e+01 4.731490e-25
6.160224e+01 4.727311e-25
6.174430e+01 4.723144e-25
6.188668e+01 4.718988e-25
6.202939e+01 4.714845e-25
6.217243e+01 4.710714e-25
6.231580e+01 4.706595e-25
6.245950e+01 4.702487e-25
6.260354e+01 4.698391e-25
6.274790e+01 4.694307e-25
6.289260e+01 4.690235e-25
6.303763e+01 4.686173e-25
6.318299e+01 4.682124e-25
6.332869e+01 4.678086e-25
6.347473e+01 4.674059e-25
6.362110e+01 4.670044e-25
6.376781e+01 4.666039e-25
6.391486e+01 4.662046e-25
6.406225e+01 4.658064e-25
6.420998e+01 4.654093e-25
6.435805e+01 4.650133e-25
6.450646e+01 4.646184e-25
6.465521e+01 4.642246e-25
6.480431e+01 4.638319e-25
6.495375e+01 4.634403e-25
6.510353e+01 4.630497e-25
6.525366e+01 4.626602e-25
6.540413e+01 4.622717e-25
6.555496e+01 4.618843e-25
6.570613e+01 4.614980e-25
6.585765e+01 4.611127e-25
6.600951e+01 4.607284e-25
6.616173e+01 4.603452e-25
6.631430e+01 4.599630e-25
6.646722e+01 4.595819e-25
6.662050e+01 4.592017e-25
6.677412e+01 4.588226e-25
6.692811e+01 4.584444e-25
6.708244e+01 4.580673e-25
6.723714e+01 4.576912e-25
6.739218e+01 4.573160e-25
6.754759e+01 4.569419e-25
6.770336e+01 4.565687e-25
6.785948e+01 4.561965e-25
6.801597e+01 4.558253e-25
6.817281e+01 4.554551e-25
6.833002e+01 4.550858e-25
6.848759e+01 4.547175e-25
6.864552e+01 4.543501e-25
6.880382e+01 4.539837e-25
6.896248e+01 4.536182e-25
6.912151e+01 4.532537e-25
6.928090e+01 4.528901e-25
6.944067e+01 4.525274e-25
6.960080e+01 4.521657e-25
6.976130e+01 4.518049e-25
6.992217e+01 4.514450e-25
7.008341e+01 4.510860e-25
7.024502e+01 4.507280e-25
7.040701e+01 4.503708e-25
7.056936e+01 4.500146e-25
7.073210e+01 4.496592e-25
7.089521e+01 4.493048e-25
7.105869e+01 4.489512e-25
7.122255e+01 4.485985e-25
7.138679e+01 4.482467e-25
7.155141e+01 4.478958e-25
7.171641e+01 4.475457e-25
7.188179e+01 4.471965e-25
7.204755e+01 4.468482e-25
7.221369e+01 4.465008e-25
7.238022e+01 4.461542e-25
7.254713e+01 4.458085e-25
7.271442e+01 4.454636e-25
7.288210e+01 4.451195e-25
7.305017e+01 4.447763e-25
7.321862e+01 4.444340e-25
7.338746e+01 4.440924e-25
7.355669e+01 4.437518e-25
7.372632e+01 4.434119e-25
7.389633e+01 4.430729e-25
7.406674e+01 4.427346e-25
7.423753e+01 4.423972e-25
7.440873e+01 4.420607e-25
7.458031e+01 4.417249e-25
7.475230e+01 4.413899e-25
7.492468e+01 4.410558e-25
7.509745e+01 4.407224e-25
7.527063e+01 4.403898e-25
7.544420e+01 4.400581e-25
7.561818e+01 4.397271e-25
7.579255e+01 4.393969e-25
7.596733e+01 4.390675e-25
7.614251e+01 4.387389e-25
7.631810e+01 4.384111e-25
7.649409e+01 4.380840e-25
7.667048e+01 4.377577e-25
7.684729e+01 4.374322e-25
7.702450e+01 4.371074e-25
7.720212e+01 4.367834e-25
7.738015e+01 4.364602e-25
7.755858e+01 4.361377e-25
7.773744e+01 4.358160e-25
7.791670e+01 4.354950e-25
7.809638e+01 4.351748e-25
7.827647e+01 4.348553e-25
7.845697e+01 4.345365e-25
7.863789e+01 4.342185e-25
7.881923e+01 4.339013e-25
7.900099e+01 4.335847e-25
7.918317e+01 4.332689e-25
7.936577e+01 4.329539e-25
7.954878e+01 4.326395e-25
7.973222e+01 4.323259e-25
7.991609e+01 4.320130e-25
8.010037e+01 4.317008e-25
8.028509e+01 4.313893e-25
8.047022e+01 4.310786e-25
8.065579e+01 4.307685e-25
8.084178e+01 4.304592e-25
8.102820e+01 4.301505e-25
8.121506e+01 4.298426e-25
8.140234e+01 4.295354e-25
8.159005e+01 4.292288e-25
8.177820e+01 4.289230e-25
8.196678e+01 4.286178e-25
8.215580e+01 4.283134e-25
8.234525e+01 4.280096e-25
8.253514e+01 4.277065e-25
8.272546e+01 4.274041e-25
8.291623e+01 4.271023e-25
8.310744e+01 4.268013e-25
8.329908e+01 4.265009e-25
8.349117e+01 4.262012e-25
8.368370e+01 4.259022e-25
8.387668e+01 4.256038e-25
8.407010e+01 4.253061e-25
8.426396e+01 4.250091e-25
8.445828e+01 4.247127e-25
8.465304e+01 4.244170e-25
8.484825e+01 4.241219e-25
8.504391e+01 4.238275e-25
8.524002e+01 4.235338e-25
8.543659e+01 4.232407e-25
8.563360e+01 4.229482e-25
8.583107e+01 4.226564e-25
8.602900e+01 4.223653e-25
8.622738e+01 4.220748e-25
8.642623e+01 4.217849e-25
8.662553e+01 4.214957e-25
8.682528e+01 4.212071e-25
8.702550e+01 4.209191e-25
8.722619e+01 4.206318e-25
8.742733e+01 4.203451e-25
8.762894e+01 4.200590e-25
8.783101e+01 4.197736e-25
8.803355e+01 4.194888e-25
8.823656e+01 4.192046e-25
8.844003e+01 4.189210e-25
8.864397e+01 4.186381e-25
8.884839e+01 4.183557e-25
8.905327e+01 4.180740e-25
8.925863e+01 4.177929e-25
8.946446e+01 4.175125e-25
8.967077e+01 4.172326e-25
8.987755e+01 4.169533e-25
9.008481e+01 4.166747e-25
9.029254e+01 4.163966e-25
9.050076e+01 4.161192e-25
9.070945e+01 4.158423e-25
9.091863e+01 4.155661e-25
9.112829e+01 4.152904e-25
9.133843e+01 4.150154e-25
9.154906e+01 4.147409e-25
9.176017e+01 4.144671e-25
9.197177e+01 4.141938e-25
9.218386e+01 4.139211e-25
9.239644e+01 4.136490e-25
9.260950e+01 4.133775e-25
9.282306e+01 4.131066e-25
9.303711e+01 4.128363e-25
9.325166e+01 4.125666e-25
9.346669e+01 4.122974e-25
9.368223e+01 4.120288e-25
9.389826e+01 4.117608e-25
9.411479e+01 4.114934e-25
9.433182e+01 4.112266e-25
9.454935e+01 4.109603e-25
9.476738e+01 4.106946e-25
9.498592e+01 4.104295e-25
9.520496e+01 4.101649e-25
9.542450e+01 4.099009e-25
9.564455e+01 4.096375e-25
9.586511e+01 4.093747e-25
9.608617e+01 4.091124e-25
9.630775e+01 4.088507e-25
9.652983e+01 4.085895e-25
9.675243e+01 4.083289e-25
9.697554e+01 4.080689e-25
9.719917e+01 4.078094e-25
9.742331e+01 4.075504e-25
9.764797e+01 4.072921e-25
9.787315e+01 4.070343e-25
9.809884e+01 4.067770e-25
9.832506e+01 4.065203e-25
9.855180e+01 4.062641e-25
9.877906e+01 4.060085e-25
9.900685e+01 4.057535e-25
9.923516e+01 4.054990e-25
9.946399e+01 4.052450e-25
9.969336e+01 4.049916e-25
9.992325e+01 4.047387e-25
1.001537e+02 4.044864e-25
1.003846e+02 4.042346e-25
1.006161e+02 4.039833e-25
1.008481e+02 4.037326e-25
1.010807e+02 4.034824e-25
1.013138e+02 4.032328e-25
1.015474e+02 4.029837e-25
1.017816e+02 4.027351e-25
1.020163e+02 4.024871e-25
1.022515e+02 4.022396e-25
1.024873e+02 4.019926e-25
1.027237e+02 4.017462e-25
1.029606e+02 4.015003e-25
1.031980e+02 4.012549e-25
1.034360e+02 4.010101e-25
1.036745e+02 4.007658e-25
1.039136e+02 4.005220e-25
1.041532e+02 4.002787e-25
1.043934e+02 4.000360e-25
1.046341e+02 3.997937e-25
1.048754e+02 3.995520e-25
1.051172e+02 3.993109e-25
1.053596e+02 3.990702e-25
1.056026e+02 3.988301e-25
1.058461e+02 3.985904e-25
1.060902e+02 3.983513e-25
1.063348e+02 3.981128e-25
1.065800e+02 3.978747e-25
1.068258e+02 3.976371e-25
1.070722e+02 3.974001e-25
1.073191e+02 3.971636e-25
1.075665e+02 3.969276e-25
1.078146e+02 3.966921e-25
1.080632e+02 3.964571e-25
1.083124e+02 3.962226e-25
1.085622e+02 3.959886e-25
1.088125e+02 3.957552e-25
1.090634e+02 3.955222e-25
1.093149e+02 3.952897e-25
1.095670e+02 3.950578e-25
1.098197e+02 3.948264e-25
1.100729e+02 3.945954e-25
1.103268e+02 3.943650e-25
1.105812e+02 3.941351e-25
1.108362e+02 3.939057e-25
1.110918e+02 3.936767e-25
1.113480e+02 3.934483e-25
1.116047e+02 3.932204e-25
1.118621e+02 3.929930e-25
1.121200e+02 3.927661e-25
1.123786e+02 3.925396e-25
1.126377e+02 3.923137e-25
1.128975e+02 3.920883e-25
1.131578e+02 3.918634e-25
1.134188e+02 3.916389e-25
1.136803e+02 3.914150e-25
1.139425e+02 3.911916e-25
1.142052e+02 3.909686e-25
1.144686e+02 3.907461e-25
1.147325e+02 3.905242e-25
1.149971e+02 3.903027e-25
1.152623e+02 3.900817e-25
1.155281e+02 3.898612e-25
1.157945e+02 3.896412e-25
1.160615e+02 3.894217e-25
1.163292e+02 3.892027e-25
1.165974e+02 3.889842e-25
1.168663e+02 3.887661e-25
1.171358e+02 3.885486e-25
1.174059e+02 3.883315e-25
1.176766e+02 3.881149e-25
1.179480e+02 3.878988e-25
1.182200e+02 3.876832e-25
1.184926e+02 3.874681e-25
1.187658e+02 3.872534e-25
1.190397e+02 3.870393e-25
1.193142e+02 3.868256e-25
1.195894e+02 3.866124e-25
1.198651e+02 3.863997e-25
1.201416e+02 3.861875e-25
1.204186e+02 3.859757e-25
1.206963e+02 3.857645e-25
1.209746e+02 3.855537e-25
1.212536e+02 3.853434e-25
1.215332e+02 3.851335e-25
1.218134e+02 3.849242e-25
1.220943e+02 3.847153e-25
1.223759e+02 3.845070e-25
1.226581e+02 3.842990e-25
1.229410e+02 3.840916e-25
1.232245e+02 3.838847e-25
1.235086e+02 3.836782e-25
1.237934e+02 3.834722e-25
1.240789e+02 3.832667e-25
1.243650e+02 3.830616e-25
1.246518e+02 3.828570e-25
1.249393e+02 3.826529e-25
1.252274e+02 3.824493e-25
1.255161e+02 3.822462e-25
1.258056e+02 3.820435e-25
1.260957e+02 3.818413e-25
1.263865e+02 3.816396e-25
1.266779e+02 3.814383e-25
1.269700e+02 3.812376e-25
1.272628e+02 3.810373e-25
1.275563e+02 3.808374e-25
1.278504e+02 3.806381e-25
1.281453e+02 3.804392e-25
1.284408e+02 3.802408e-25
1.287370e+02 3.800428e-25
1.290338e+02 3.798453e-25
1.293314e+02 3.796483e-25
1.296296e+02 3.794518e-25
1.299285e+02 3.792557e-25
1.302282e+02 3.790602e-25
1.305285e+02 3.788650e-25
1.308295e+02 3.786704e-25
1.311312e+02 3.784762e-25
1.314335e+02 3.782825e-25
1.317366e+02 3.780892e-25
1.320404e+02 3.778965e-25
1.323449e+02 3.777042e-25
1.326501e+02 3.775123e-25
1.329560e+02 3.773209e-25
1.332626e+02 3.771300e-25
1.335699e+02 3.769396e-25
1.338779e+02 3.767496e-25
1.341866e+02 3.765602e-25
1.344961e+02 3.763711e-25
1.348062e+02 3.761826e-25
1.351171e+02 3.759945e-25
1.354287e+02 3.758068e-25
1.357410e+02 3.756197e-25
1.360540e+02 3.754330e-25
1.363677e+02 3.752468e-25
1.366822e+02 3.750610e-25
1.369974e+02 3.748757e-25
1.373133e+02 3.746909e-25
1.376299e+02 3.745065e-25
1.379473e+02 3.743226e-25
1.382654e+02 3.741392e-25
1.385843e+02 3.739562e-25
1.389038e+02 3.737737e-25
1.392241e+02 3.735917e-25
1.395452e+02 3.734101e-25
1.398670e+02 3.732290e-25
1.401895e+02 3.730484e-25
1.405128e+02 3.728682e-25
1.408368e+02 3.726885e-25
1.411616e+02 3.725093e-25
1.414871e+02 3.723305e-25
1.418134e+02 3.721522e-25
1.421404e+02 3.719744e-25
1.424682e+02 3.717970e-25
1.427967e+02 3.716201e-25
1.431260e+02 3.714437e-25
1.434561e+02 3.712677e-25
1.437869e+02 3.710922e-25
1.441184e+02 3.709171e-25
1.444508e+02 3.707426e-25
1.447839e+02 3.705684e-25
1.451178e+02 3.703948e-25
1.454524e+02 3.702216e-25
1.457878e+02 3.700489e-25
1.461240e+02 3.698766e-25
1.464610e+02 3.697049e-25
1.467987e+02 3.695336e-25
1.471372e+02 3.693627e-25
1.474765e+02 3.691923e-25
1.478166e+02 3.690224e-25
1.481575e+02 3.688529e-25
1.484991e+02 3.686840e-25
1.488416e+02 3.685154e-25
1.491848e+02 3.683474e-25
1.495288e+02 3.681798e-25
1.498736e+02 3.680127e-25
1.502192e+02 3.678460e-25
1.505657e+02 3.676799e-25
1.509129e+02 3.675141e-25
1.512609e+02 3.673489e-25
1.516097e+02 3.671841e-25
1.519593e+02 3.670198e-25
1.523097e+02 3.668560e-25
1.526609e+02 3.666926e-25
1.530130e+02 3.665297e-25
1.533658e+02 3.663672e-25
1.537195e+02 3.662053e-25
1.540740e+02 3.660438e-25
1.544293e+02 3.658827e-25
1.547854e+02 3.657222e-25
1.551423e+02 3.655621e-25
1.555001e+02 3.654024e-25
1.558587e+02 3.652433e-25
1.562181e+02 3.650846e-25
1.565783e+02 3.649264e-25
1.569394e+02 3.647686e-25
1.573013e+02 3.646114e-25
1.576640e+02 3.644546e-25
1.580276e+02 3.642982e-25
1.583920e+02 3.641424e-25
1.587573e+02 3.639870e-25
1.591233e+02 3.638321e-25
1.594903e+02 3.636776e-25
1.598581e+02 3.635237e-25
1.602267e+02 3.633702e-25
1.605962e+02 3.632171e-25
1.609665e+02 3.630646e-25
1.613377e+02 3.629125e-25
1.617098e+02 3.627609e-25
1.620827e+02 3.626098e-25
1.624564e+02 3.624591e-25
1.628311e+02 3.623089e-25
1.632065e+02 3.621592e-25
1.635829e+02 3.620100e-25
1.639601e+02 3.618612e-25
1.643382e+02 3.617130e-25
1.647172e+02 3.615651e-25
1.650970e+02 3.614178e-25
1.654777e+02 3.612710e-25
1.658593e+02 3.611246e-25
1.662418e+02 3.609787e-25
1.666252e+02 3.608333e-25
1.670094e+02 3.606884e-25
1.673945e+02 3.605439e-25
1.677805e+02 3.603999e-25
1.681674e+02 3.602564e-25
1.685552e+02 3.601134e-25
1.689439e+02 3.599709e-25
1.693335e+02 3.598288e-25
1.697240e+02 3.596872e-25
1.701154e+02 3.595461e-25
1.705077e+02 3.594055e-25
1.709009e+02 3.592654e-25
1.712950e+02 3.591258e-25
1.716900e+02 3.589866e-25
1.720859e+02 3.588479e-25
1.724827e+02 3.587097e-25
1.728805e+02 3.585720e-25
1.732791e+02 3.584348e-25
1.736787e+02 3.582980e-25
1.740792e+02 3.581618e-25
1.744806e+02 3.580260e-25
1.748830e+02 3.578907e-25
1.752863e+02 3.577560e-25
1.756905e+02 3.576217e-25
1.760956e+02 3.574878e-25
1.765017e+02 3.573545e-25
1.769087e+02 3.572217e-25
1.773167e+02 3.570893e-25
1.777256e+02 3.569575e-25
1.781354e+02 3.568261e-25
1.785462e+02 3.566953e-25
1.789579e+02 3.565649e-25
1.793706e+02 3.564350e-25
1.797842e+02 3.563056e-25
1.801988e+02 3.561767e-25
1.806143e+02 3.560483e-25
1.810308e+02 3.559204e-25
1.814483e+02 3.557930e-25
1.818667e+02 3.556661e-25
1.822861e+02 3.555396e-25
1.827065e+02 3.554137e-25
1.831278e+02 3.552883e-25
1.835501e+02 3.551634e-25
1.839734e+02 3.550389e-25
1.843976e+02 3.549150e-25
1.848228e+02 3.547916e-25
1.852490e+02 3.546687e-25
1.856762e+02 3.545462e-25
1.861044e+02 3.544243e-25
1.865335e+02 3.543029e-25
1.869637e+02 3.541820e-25
1.873948e+02 3.540616e-25
1.878270e+02 3.539417e-25
1.882601e+02 3.538223e-25
1.886942e+02 3.537034e-25
1.891293e+02 3.535850e-25
1.895655e+02 3.534671e-25
1.900026e+02 3.533498e-25
1.904408e+02 3.532329e-25
1.908799e+02 3.531165e-25
1.913201e+02 3.530007e-25
1.917613e+02 3.528854e-25
1.922035e+02 3.527706e-25
1.926467e+02 3.526563e-25
1.930910e+02 3.525425e-25
1.935362e+02 3.524292e-25
1.939825e+02 3.523164e-25
1.944298e+02 3.522042e-25
1.948782e+02 3.520924e-25
1.953276e+02 3.519812e-25
1.957780e+02 3.518705e-25
1.962295e+02 3.517604e-25
1.966820e+02 3.516507e-25
1.971355e+02 3.515416e-25
1.975901e+02 3.514329e-25
1.980458e+02 3.513249e-25
1.985025e+02 3.512173e-25
1.989602e+02 3.511102e-25
1.994190e+02 3.510037e-25
1.998789e+02 3.508977e-25
2.003398e+02 3.507922e-25
2.008018e+02 3.506873e-25
2.012648e+02 3.505829e-25
2.017290e+02 3.504790e-25
2.021942e+02 3.503756e-25
2.026604e+02 3.502728e-25
2.031277e+02 3.501705e-25
2.035962e+02 3.500687e-25
2.040657e+02 3.499675e-25
2.045362e+02 3.498668e-25
2.050079e+02 3.497666e-25
2.054806e+02 3.496670e-25
2.059545e+02 3.495679e-25
2.064294e+02 3.494693e-25
2.069054e+02 3.493713e-25
2.073826e+02 3.492738e-25
2.078608e+02 3.491769e-25
2.083401e+02 3.490804e-25
2.088206e+02 3.489846e-25
2.093021e+02 3.488893e-25
2.097848e+02 3.487945e-25
2.102685e+02 3.487003e-25
2.107534e+02 3.486066e-25
2.112394e+02 3.485134e-25
2.117265e+02 3.484208e-25
2.122148e+02 3.483288e-25
2.127041e+02 3.482373e-25
2.131946e+02 3.481464e-25
2.136863e+02 3.480560e-25
2.141790e+02 3.479661e-25
2.146729e+02 3.478768e-25
2.151680e+02 3.477881e-25
2.156641e+02 3.476999e-25
2.161615e+02 3.476123e-25
2.166599e+02 3.475253e-25
2.171595e+02 3.474387e-25
2.176603e+02 3.473528e-25
2.181622e+02 3.472674e-25
2.186653e+02 3.471826e-25
2.191696e+02 3.470983e-25
2.196750e+02 3.470146e-25
2.201816e+02 3.469315e-25
2.206893e+02 3.468489e-25
2.211982e+02 3.467670e-25
2.217083e+02 3.466855e-25
2.222195e+02 3.466047e-25
2.227320e+02 3.465244e-25
2.232456e+02 3.464447e-25
2.237604e+02 3.463655e-25
2.242764e+02 3.462869e-25
2.247936e+02 3.462089e-25
2.253120e+02 3.461315e-25
2.258315e+02 3.460547e-25
2.263523e+02 3.459784e-25
2.268743e+02 3.459027e-25
2.273975e+02 3.458276e-25
2.279218e+02 3.457531e-25
2.284474e+02 3.456792e-25
2.289742e+02 3.456058e-25
2.295022e+02 3.455330e-25
2.300315e+02 3.454608e-25
2.305619e+02 3.453893e-25
2.310936e+02 3.453182e-25
2.316265e+02 3.452478e-25
2.321606e+02 3.451780e-25
2.326960e+02 3.451088e-25
2.332326e+02 3.450401e-25
2.337704e+02 3.449721e-25
2.343095e+02 3.449047e-25
2.348498e+02 3.448378e-25
2.353914e+02 3.447716e-25
2.359342e+02 3.447059e-25
2.364783e+02 3.446409e-25
2.370236e+02 3.445764e-25
2.375702e+02 3.445126e-25
2.381180e+02 3.444493e-25
2.386671e+02 3.443867e-25
2.392175e+02 3.443247e-25
2.397691e+02 3.442633e-25
2.403220e+02 3.442025e-25
2.408762e+02 3.441423e-25
2.414317e+02 3.440827e-25
2.419884e+02 3.440238e-25
2.425465e+02 3.439654e-25
2.431058e+02 3.439077e-25
2.436664e+02 3.438506e-25
2.442283e+02 3.437941e-25
2.447915e+02 3.437383e-25
2.453560e+02 3.436830e-25
2.459217e+02 3.436284e-25
2.464888e+02 3.435744e-25
2.470572e+02 3.435211e-25
2.476270e+02 3.434683e-25
2.481980e+02 3.434162e-25
2.487703e+02 3.433648e-25
2.493440e+02 3.433139e-25
2.499190e+02 3.432637e-25
2.504953e+02 3.432142e-25
2.510730e+02 3.431653e-25
2.516519e+02 3.431170e-25
2.522322e+02 3.430693e-25
2.528139e+02 3.430223e-25
2.533969e+02 3.429760e-25
2.539812e+02 3.429302e-25
2.545669e+02 3.428852e-25
2.551539e+02 3.428407e-25
2.557423e+02 3.427970e-25
2.563321e+02 3.427539e-25
2.569232e+02 3.427114e-25
2.575156e+02 3.426696e-25
2.581095e+02 3.426284e-25
2.587047e+02 3.425879e-25
2.593012e+02 3.425481e-25
2.598992e+02 3.425089e-25
2.604985e+02 3.424704e-25
2.610992e+02 3.424325e-25
2.617013e+02 3.423953e-25
2.623048e+02 3.423588e-25
2.629097e+02 3.423230e-25
2.635160e+02 3.422878e-25
2.641236e+02 3.422533e-25
2.647327e+02 3.422194e-25
2.653432e+02 3.421863e-25
2.659551e+02 3.421538e-25
2.665684e+02 3.421220e-25
2.671831e+02 3.420908e-25
2.677992e+02 3.420604e-25
2.684167e+02 3.420306e-25
2.690357e+02 3.420016e-25
2.696561e+02 3.419732e-25
2.702779e+02 3.419455e-25
2.709012e+02 3.419185e-25
2.715259e+02 3.418921e-25
2.721520e+02 3.418665e-25
2.727796e+02 3.418416e-25
2.734087e+02 3.418173e-25
2.740391e+02 3.417938e-25
2.746711e+02 3.417710e-25
2.753045e+02 3.417488e-25
2.759393e+02 3.417274e-25
2.765756e+02 3.417067e-25
2.772134e+02 3.416867e-25
2.778527e+02 3.416674e-25
2.784934e+02 3.416488e-25
2.791356e+02 3.416309e-25
2.797793e+02 3.416138e-25
2.804245e+02 3.415973e-25
2.810712e+02 3.415816e-25
2.817193e+02 3.415666e-25
2.823690e+02 3.415523e-25
2.830201e+02 3.415387e-25
2.836727e+02 3.415259e-25
2.843269e+02 3.415138e-25
2.849826e+02 3.415024e-25
2.856397e+02 3.414918e-25
2.862984e+02 3.414819e-25
2.869586e+02 3.414727e-25
2.876203e+02 3.414642e-25
2.882836e+02 3.414565e-25
2.889484e+02 3.414496e-25
2.896147e+02 3.414434e-25
2.902826e+02 3.414379e-25
2.909520e+02 3.414332e-25
2.916229e+02 3.414292e-25
2.922954e+02 3.414260e-25
2.929694e+02 3.414235e-25
2.936450e+02 3.414218e-25
2.943221e+02 3.414209e-25
2.950009e+02 3.414207e-25
2.956811e+02 3.414212e-25
2.963630e+02 3.414226e-25
2.970464e+02 3.414247e-25
2.977314e+02 3.414275e-25
2.984179e+02 3.414311e-25
2.991061e+02 3.414355e-25
2.997958e+02 3.414407e-25
3.004872e+02 3.414467e-25
3.011801e+02 3.414534e-25
3.018746e+02 3.414609e-25
3.025708e+02 3.414692e-25
3.032685e+02 3.414783e-25
3.039678e+02 3.414881e-25
3.046688e+02 3.414988e-25
3.053713e+02 3.415102e-25
3.060755e+02 3.415224e-25
3.067813e+02 3.415355e-25
3.074888e+02 3.415493e-25
3.081979e+02 3.415639e-25
3.089086e+02 3.415793e-25
3.096209e+02 3.415955e-25
3.103349e+02 3.416126e-25
3.110505e+02 3.416304e-25
3.117678e+02 3.416490e-25
3.124868e+02 3.416685e-25
3.132073e+02 3.416888e-25
3.139296e+02 3.417099e-25
3.146535e+02 3.417318e-25
3.153791e+02 3.417545e-25
3.161064e+02 3.417780e-25
3.168353e+02 3.418024e-25
3.175660e+02 3.418276e-25
3.182983e+02 3.418537e-25
3.190323e+02 3.418805e-25
3.197680e+02 3.419082e-25
3.205053e+02 3.419368e-25
3.212444e+02 3.419661e-25
3.219852e+02 3.419963e-25
3.227277e+02 3.420274e-25
3.234719e+02 3.420593e-25
3.242179e+02 3.420921e-25
3.249655e+02 3.421257e-25
3.257149e+02 3.421601e-25
3.264660e+02 3.421954e-25
3.272188e+02 3.422316e-25
3.279734e+02 3.422686e-25
3.287297e+02 3.423065e-25
3.294878e+02 3.423453e-25
3.302476e+02 3.423849e-25
3.310091e+02 3.424254e-25
3.317724e+02 3.424668e-25
3.325375e+02 3.425090e-25
3.333043e+02 3.425522e-25
3.340729e+02 3.425962e-25
3.348433e+02 3.426410e-25
3.356155e+02 3.426868e-25
3.363894e+02 3.427335e-25
3.371651e+02 3.427810e-25
3.379426e+02 3.428295e-25
3.387219e+02 3.428788e-25
3.395030e+02 3.429290e-25
3.402859e+02 3.429801e-25
3.410706e+02 3.430322e-25
3.418571e+02 3.430851e-25
3.426454e+02 3.431390e-25
3.434356e+02 3.431937e-25
3.442275e+02 3.432494e-25
3.450213e+02 3.433060e-25
3.458170e+02 3.433635e-25
3.466144e+02 3.434219e-25
3.474137e+02 3.434813e-25
3.482148e+02 3.435415e-25
3.490178e+02 3.436028e-25
3.498227e+02 3.436649e-25
3.506294e+02 3.437280e-25
3.514379e+02 3.437920e-25
3.522483e+02 3.438569e-25
3.530606e+02 3.439228e-25
3.538748e+02 3.439897e-25
3.546908e+02 3.440575e-25
3.555087e+02 3.441262e-25
3.563285e+02 3.441959e-25
3.571502e+02 3.442665e-25
3.579738e+02 3.443382e-25
3.587993e+02 3.444107e-25
3.596267e+02 3.444843e-25
3.604560e+02 3.445588e-25
3.612872e+02 3.446343e-25
3.621204e+02 3.447107e-25
3.629554e+02 3.447882e-25
3.637924e+02 3.448666e-25
3.646313e+02 3.449460e-25
3.654721e+02 3.450264e-25
3.663149e+02 3.451078e-25
3.671597e+02 3.451902e-25
3.680063e+02 3.452735e-25
3.688550e+02 3.453579e-25
3.697055e+02 3.454433e-25
3.705581e+02 3.455297e-25
3.714126e+02 3.456171e-25
3.722691e+02 3.457055e-25
3.731275e+02 3.457950e-25
3.739880e+02 3.458854e-25
3.748504e+02 3.459769e-25
3.757148e+02 3.460694e-25
3.765812e+02 3.461630e-25
3.774496e+02 3.462576e-25
3.783200e+02 3.463532e-25
3.791924e+02 3.464499e-25
3.800668e+02 3.465477e-25
3.809433e+02 3.466465e-25
3.818217e+02 3.467463e-25
3.827022e+02 3.468472e-25
3.835847e+02 3.469492e-25
3.844693e+02 3.470523e-25
3.853558e+02 3.471565e-25
3.862445e+02 3.472617e-25
3.871352e+02 3.473681e-25
3.880279e+02 3.474755e-25
3.889227e+02 3.475841e-25
3.898196e+02 3.476938e-25
3.907185e+02 3.478046e-25
3.916195e+02 3.479166e-25
3.925226e+02 3.480297e-25
3.934277e+02 3.481439e-25
3.943350e+02 3.482593e-25
3.952443e+02 3.483759e-25
3.961557e+02 3.484937e-25
3.970693e+02 3.486127e-25
3.979849e+02 3.487330e-25
3.989027e+02 3.488545e-25
3.998226e+02 3.489772e-25
4.007445e+02 3.491013e-25
4.016687e+02 3.492267e-25
4.025949e+02 3.493534e-25
4.035233e+02 3.494816e-25
4.044538e+02 3.496111e-25
4.053865e+02 3.497422e-25
4.063213e+02 3.498748e-25
4.072583e+02 3.500091e-25
4.081975e+02 3.501450e-25
4.091388e+02 3.502828e-25
4.100822e+02 3.504225e-25
4.110279e+02 3.505643e-25
4.119757e+02 3.507084e-25
4.129257e+02 3.508551e-25
4.138780e+02 3.510046e-25
4.148324e+02 3.511574e-25
4.157890e+02 3.513141e-25
4.167478e+02 3.514752e-25
4.177088e+02 3.516418e-25
4.186720e+02 3.518153e-25
4.196375e+02 3.519975e-25
4.206052e+02 3.521912e-25
4.215751e+02 3.524007e-25
4.225473e+02 3.526326e-25
4.235217e+02 3.528977e-25
4.244983e+02 3.532147e-25
4.254772e+02 3.536186e-25
4.264584e+02 3.541806e-25
4.274418e+02 3.550652e-25
4.284275e+02 3.567273e-25
4.294154e+02 3.608429e-25
4.304056e+02 3.781657e-25
4.313982e+02 8.879923e-25
4.323930e+02 4.055454e-25
4.333901e+02 3.646106e-25
4.343895e+02 3.584576e-25
4.353912e+02 3.565733e-25
4.363952e+02 3.558308e-25
4.374015e+02 3.555182e-25
4.384102e+02 3.554031e-25
4.394212e+02 3.553914e-25
4.404345e+02 3.554393e-25
4.414501e+02 3.555240e-25
4.424681e+02 3.556331e-25
4.434884e+02 3.557589e-25
4.445111e+02 3.558967e-25
4.455362e+02 3.560435e-25
4.465636e+02 3.561973e-25
4.475934e+02 3.563567e-25
4.486255e+02 3.565206e-25
4.496600e+02 3.566883e-25
4.506970e+02 3.568593e-25
4.517363e+02 3.570332e-25
4.527780e+02 3.572097e-25
4.538221e+02 3.573885e-25
4.548686e+02 3.575695e-25
4.559175e+02 3.577525e-25
4.569689e+02 3.579374e-25
4.580227e+02 3.581240e-25
4.590789e+02 3.583125e-25
4.601375e+02 3.585025e-25
4.611986e+02 3.586942e-25
4.622621e+02 3.588875e-25
4.633281e+02 3.590824e-25
4.643965e+02 3.592787e-25
4.654674e+02 3.594765e-25
4.665408e+02 3.596759e-25
4.676166e+02 3.598766e-25
4.686950e+02 3.600789e-25
4.697758e+02 3.602825e-25
4.708591e+02 3.604876e-25
4.719449e+02 3.606941e-25
4.730332e+02 3.609020e-25
4.741240e+02 3.611114e-25
4.752174e+02 3.613221e-25
4.763132e+02 3.615342e-25
4.774116e+02 3.617478e-25
4.785125e+02 3.619627e-25
4.796160e+02 3.621791e-25
4.807220e+02 3.623968e-25
4.818305e+02 3.626159e-25
4.829416e+02 3.628365e-25
4.840553e+02 3.630584e-25
4.851715e+02 3.632818e-25
4.862903e+02 3.635065e-25
4.874117e+02 3.637326e-25
4.885357e+02 3.639602e-25
4.896623e+02 3.641892e-25
4.907914e+02 3.644195e-25
4.919232e+02 3.646513e-25
4.930576e+02 3.648845e-25
4.941946e+02 3.651192e-25
4.953342e+02 3.653555e-25
4.964764e+02 3.655916e-25
4.976213e+02 3.658312e-25
4.987688e+02 3.660716e-25
4.999190e+02 3.663133e-25
5.010718e+02 3.665565e-25
5.022273e+02 3.668011e-25
5.033854e+02 3.670472e-25
5.045462e+02 3.672947e-25
5.057097e+02 3.675436e-25
5.068759e+02 3.677940e-25
5.080447e+02 3.680458e-25
5.092163e+02 3.682991e-25
5.103906e+02 3.685539e-25
5.115675e+02 3.688101e-25
5.127472e+02 3.690678e-25
5.139296e+02 3.693270e-25
5.151147e+02 3.695876e-25
5.163026e+02 3.698497e-25
5.174932e+02 3.701133e-25
5.186865e+02 3.703784e-25
5.198826e+02 3.706449e-25
5.210815e+02 3.709130e-25
5.222831e+02 3.711825e-25
5.234875e+02 3.714536e-25
5.246946e+02 3.717261e-25
5.259046e+02 3.720002e-25
5.271173e+02 3.722757e-25
5.283329e+02 3.725528e-25
5.295512e+02 3.728314e-25
5.307724e+02 3.731115e-25
5.319963e+02 3.733932e-25
5.332231e+02 3.736764e-25
5.344527e+02 3.739611e-25
5.356852e+02 3.742473e-25
5.369205e+02 3.745351e-25
5.381586e+02 3.748245e-25
5.393996e+02 3.751153e-25
5.406435e+02 3.754078e-25
5.418902e+02 3.757018e-25
5.431398e+02 3.759973e-25
5.443923e+02 3.762944e-25
5.456477e+02 3.765931e-25
5.469059e+02 3.768934e-25
5.481671e+02 3.771952e-25
5.494312e+02 3.774986e-25
5.506982e+02 3.778036e-25
5.519681e+02 3.781102e-25
5.532409e+02 3.784184e-25
5.545167e+02 3.787281e-25
5.557954e+02 3.790395e-25
5.570771e+02 3.793525e-25
5.583617e+02 3.796671e-25
5.596493e+02 3.799833e-25
5.609399e+02 3.803011e-25
5.622334e+02 3.806205e-25
5.635299e+02 3.809416e-25
5.648294e+02 3.812643e-25
5.661319e+02 3.815886e-25
5.674374e+02 3.819145e-25
5.687459e+02 3.822421e-25
5.700575e+02 3.825714e-25
5.713720e+02 3.829022e-25
5.726896e+02 3.832348e-25
5.740102e+02 3.835690e-25
5.753339e+02 3.839048e-25
5.766606e+02 3.842423e-25
5.779904e+02 3.845815e-25
5.793233e+02 3.849224e-25
5.806592e+02 3.852649e-25
5.819982e+02 3.856091e-25
5.833403e+02 3.859551e-25
5.846855e+02 3.863026e-25
5.860338e+02 3.866519e-25
5.873852e+02 3.870029e-25
5.887397e+02 3.873556e-25
5.900973e+02 3.877100e-25
5.914581e+02 3.880661e-25
5.928220e+02 3.884239e-25
5.941890e+02 3.887835e-25
5.955593e+02 3.891447e-25
5.969326e+02 3.895077e-25
5.983091e+02 3.898724e-25
5.996889e+02 3.902389e-25
6.010717e+02 3.906071e-25
6.024578e+02 3.909770e-25
6.038471e+02 3.913487e-25
6.052396e+02 3.917222e-25
6.066353e+02 3.920974e-25
6.080342e+02 3.924743e-25
6.094363e+02 3.928531e-25
6.108417e+02 3.932336e-25
6.122503e+02 3.936158e-25
6.136621e+02 3.939999e-25
6.150772e+02 3.943857e-25
6.164956e+02 3.947733e-25
6.179172e+02 3.951627e-25
6.193422e+02 3.955539e-25
6.207704e+02 3.959470e-25
6.222019e+02 3.963418e-25
6.236367e+02 3.967384e-25
6.250748e+02 3.971368e-25
6.265162e+02 3.975371e-25
6.279610e+02 3.979391e-25
6.294090e+02 3.983430e-25
6.308605e+02 3.987488e-25
6.323152e+02 3.991563e-25
6.337734e+02 3.995657e-25
6.352348e+02 3.999770e-25
6.366997e+02 4.003901e-25
6.381679e+02 4.008050e-25
6.396396e+02 4.012218e-25
6.411146e+02 4.016405e-25
6.425930e+02 4.020610e-25
6.440748e+02 4.024835e-25
6.455600e+02 4.029077e-25
6.470487e+02 4.033339e-25
6.485408e+02 4.037619e-25
6.500364e+02 4.041919e-25
6.515353e+02 4.046237e-25
6.530378e+02 4.050574e-25
6.545437e+02 4.054930e-25
6.560531e+02 4.059306e-25
6.575659e+02 4.063700e-25
6.590823e+02 4.068114e-25
6.606021e+02 4.072546e-25
6.621255e+02 4.076998e-25
6.636524e+02 4.081470e-25
6.651828e+02 4.085960e-25
6.667167e+02 4.090470e-25
6.682541e+02 4.095000e-25
6.697951e+02 4.099549e-25
6.713397e+02 4.104117e-25
6.728878e+02 4.108705e-25
6.744395e+02 4.113313e-25
6.759947e+02 4.117940e-25
6.775536e+02 4.122587e-25
6.791160e+02 4.127253e-25
6.806821e+02 4.131940e-25
6.822517e+02 4.136646e-25
6.838250e+02 4.141372e-25
6.854019e+02 4.146119e-25
6.869825e+02 4.150885e-25
6.885666e+02 4.155671e-25
6.901545e+02 4.160477e-25
6.917460e+02 4.165303e-25
6.933412e+02 4.170150e-25
6.949400e+02 4.175017e-25
6.965425e+02 4.179904e-25
6.981488e+02 4.184811e-25
6.997587e+02 4.189738e-25
7.013724e+02 4.194687e-25
7.029897e+02 4.199655e-25
7.046108e+02 4.204644e-25
7.062357e+02 4.209654e-25
7.078643e+02 4.214684e-25
7.094966e+02 4.219734e-25
7.111327e+02 4.224806e-25
7.127726e+02 4.229898e-25
7.144162e+02 4.235011e-25
7.160637e+02 4.240145e-25
7.177149e+02 4.245299e-25
7.193700e+02 4.250475e-25
7.210289e+02 4.255672e-25
7.226916e+02 4.260889e-25
7.243581e+02 4.266128e-25
7.260285e+02 4.271388e-25
7.277027e+02 4.276669e-25
7.293808e+02 4.281971e-25
7.310627e+02 4.287294e-25
7.327486e+02 4.292639e-25
7.344383e+02 4.298005e-25
7.361319e+02 4.303393e-25
7.378294e+02 4.308802e-25
7.395309e+02 4.314232e-25
7.412363e+02 4.319684e-25
7.429455e+02 4.325158e-25
7.446588e+02 4.330653e-25
7.463760e+02 4.336170e-25
7.480971e+02 4.341709e-25
7.498222e+02 4.347270e-25
7.515513e+02 4.352852e-25
7.532844e+02 4.358456e-25
7.550215e+02 4.364083e-25
7.567626e+02 4.369731e-25
7.585077e+02 4.375402e-25
7.602568e+02 4.381094e-25
7.620100e+02 4.386809e-25
7.637672e+02 4.392546e-25
7.655284e+02 4.398305e-25
7.672937e+02 4.404087e-25
7.690631e+02 4.409891e-25
7.708366e+02 4.415717e-25
7.726141e+02 4.421566e-25
7.743958e+02 4.427437e-25
7.761816e+02 4.433331e-25
7.779714e+02 4.439248e-25
7.797654e+02 4.445187e-25
7.815636e+02 4.451150e-25
7.833659e+02 4.457134e-25
7.851723e+02 4.463142e-25
7.869829e+02 4.469173e-25
7.887977e+02 4.475227e-25
7.906167e+02 4.481304e-25
7.924399e+02 4.487404e-25
7.942672e+02 4.493527e-25
7.960988e+02 4.499673e-25
7.979346e+02 4.505843e-25
7.997747e+02 4.512036e-25
8.016190e+02 4.518253e-25
8.034675e+02 4.524493e-25
8.053203e+02 4.530757e-25
8.071774e+02 4.537044e-25
8.090387e+02 4.543356e-25
8.109044e+02 4.549691e-25
8.127744e+02 4.556051e-25
8.146486e+02 4.562435e-25
8.165272e+02 4.568844e-25
8.184101e+02 4.575277e-25
8.202974e+02 4.581736e-25
8.221890e+02 4.588220e-25
8.240850e+02 4.594730e-25
8.259853e+02 4.601267e-25
8.278900e+02 4.607833e-25
8.297992e+02 4.614427e-25
8.317127e+02 4.621054e-25
8.336306e+02 4.627716e-25
8.355530e+02 4.634420e-25
8.374798e+02 4.641177e-25
8.394110e+02 4.648008e-25
8.413467e+02 4.654961e-25
8.432868e+02 4.662151e-25
8.452315e+02 4.669939e-25
8.471806e+02 4.679994e-25
8.491342e+02 4.711974e-25
8.510923e+02 4.891781e-25
8.530549e+02 4.704582e-25
8.550221e+02 4.704854e-25
8.569938e+02 4.710210e-25
8.589700e+02 4.716553e-25
8.609508e+02 4.723227e-25
8.629361e+02 4.730055e-25
8.649261e+02 4.736969e-25
8.669206e+02 4.743943e-25
8.689197e+02 4.750961e-25
8.709235e+02 4.758018e-25
8.729318e+02 4.765108e-25
8.749448e+02 4.772229e-25
8.769624e+02 4.779379e-25
8.789847e+02 4.786558e-25
8.810117e+02 4.793764e-25
8.830433e+02 4.800998e-25
8.850796e+02 4.808258e-25
8.871206e+02 4.815545e-25
8.891663e+02 4.822859e-25
8.912167e+02 4.830199e-25
8.932719e+02 4.837565e-25
8.953318e+02 4.844958e-25
8.973964e+02 4.852377e-25
8.994658e+02 4.859822e-25
9.015400e+02 4.867294e-25
9.036189e+02 4.874792e-25
9.057027e+02 4.882316e-25
9.077913e+02 4.889867e-25
9.098846e+02 4.897445e-25
9.119828e+02 4.905048e-25
9.140859e+02 4.912679e-25
9.161938e+02 4.920336e-25
9.183065e+02 4.928019e-25
9.204241e+02 4.935729e-25
9.225466e+02 4.943466e-25
9.246740e+02 4.951230e-25
9.268063e+02 4.959021e-25
9.289436e+02 4.966838e-25
9.310857e+02 4.974682e-25
9.332328e+02 4.982554e-25
9.353848e+02 4.990452e-25
9.375419e+02 4.998378e-25
9.397038e+02 5.006331e-25
9.418708e+02 5.014311e-25
9.440428e+02 5.022318e-25
9.462197e+02 5.030353e-25
9.484017e+02 5.038415e-25
9.505887e+02 5.046505e-25
9.527808e+02 5.054622e-25
9.549779e+02 5.062767e-25
9.571801e+02 5.070939e-25
9.593874e+02 5.079139e-25
9.615997e+02 5.087367e-25
9.638172e+02 5.095623e-25
9.660398e+02 5.103907e-25
9.682674e+02 5.112219e-25
9.705003e+02 5.120558e-25
9.727383e+02 5.128926e-25
9.749814e+02 5.137322e-25
9.772297e+02 5.145746e-25
9.794832e+02 5.154199e-25
9.817419e+02 5.162680e-25
9.840058e+02 5.171189e-25
9.862749e+02 5.179727e-25
9.885493e+02 5.188293e-25
9.908289e+02 5.196888e-25
9.931138e+02 5.205511e-25
9.954039e+02 5.214164e-25
9.976993e+02 5.222845e-25