1.000000e+00 4.456562e-17
1.002306e+00 4.633448e-17
1.004617e+00 4.822453e-17
1.006934e+00 5.024346e-17
1.009256e+00 5.239953e-17
1.011583e+00 5.485166e-17
1.013916e+00 5.746851e-17
1.016254e+00 6.019771e-17
1.018598e+00 6.297554e-17
1.020947e+00 6.564834e-17
1.023301e+00 6.864846e-17
1.025661e+00 7.183308e-17
1.028026e+00 7.503025e-17
1.030396e+00 7.728871e-17
1.032773e+00 7.836481e-17
1.035154e+00 7.849514e-17
1.037541e+00 7.796012e-17
1.039934e+00 7.692548e-17
1.042332e+00 7.566587e-17
1.044735e+00 7.420970e-17
1.047145e+00 7.258556e-17
1.049559e+00 6.953977e-17
1.051980e+00 6.582339e-17
1.054406e+00 6.179736e-17
1.056837e+00 5.776715e-17
1.059274e+00 5.426547e-17
1.061717e+00 5.101977e-17
1.064165e+00 4.796111e-17
1.066619e+00 4.503387e-17
1.069079e+00 4.231146e-17
1.071544e+00 3.983258e-17
1.074015e+00 3.756770e-17
1.076492e+00 3.549120e-17
1.078974e+00 3.358200e-17
1.081462e+00 3.181417e-17
1.083956e+00 3.017870e-17
1.086456e+00 2.866713e-17
1.088961e+00 2.728545e-17
1.091472e+00 2.600012e-17
1.093989e+00 2.480302e-17
1.096512e+00 2.368679e-17
1.099040e+00 2.265577e-17
1.101575e+00 2.169105e-17
1.104115e+00 2.078740e-17
1.106661e+00 1.994006e-17
1.109213e+00 1.915199e-17
1.111771e+00 1.840945e-17
1.114335e+00 1.770925e-17
1.116904e+00 1.704839e-17
1.119480e+00 1.643029e-17
1.122062e+00 1.584526e-17
1.124649e+00 1.529088e-17
1.127242e+00 1.476491e-17
1.129842e+00 1.426938e-17
1.132447e+00 1.379851e-17
1.135059e+00 1.335064e-17
1.137676e+00 1.292427e-17
1.140300e+00 1.252076e-17
1.142929e+00 1.213566e-17
1.145565e+00 1.176833e-17
1.148207e+00 1.141872e-17
1.150854e+00 1.109103e-17
1.153508e+00 1.080551e-17
1.156168e+00 4.551406e-17
1.158834e+00 1.020946e-17
1.161507e+00 9.889842e-18
1.164185e+00 9.613324e-18
1.166870e+00 9.351964e-18
1.169560e+00 9.101884e-18
1.172257e+00 8.863042e-18
1.174961e+00 8.633382e-18
1.177670e+00 8.412346e-18
1.180386e+00 8.199456e-18
1.183108e+00 7.995298e-18
1.185836e+00 7.798274e-18
1.188571e+00 7.608111e-18
1.191312e+00 7.424553e-18
1.194059e+00 7.248163e-18
1.196812e+00 7.077640e-18
1.199572e+00 6.912719e-18
1.202338e+00 6.753148e-18
1.205111e+00 6.599501e-18
1.207890e+00 6.450751e-18
1.210675e+00 6.306684e-18
1.213467e+00 6.167101e-18
1.216265e+00 6.032367e-18
1.219070e+00 5.901730e-18
1.221881e+00 5.775033e-18
1.224699e+00 5.652127e-18
1.227523e+00 5.533338e-18
1.230354e+00 5.417981e-18
1.233191e+00 5.305942e-18
1.236035e+00 5.197112e-18
1.238885e+00 5.091797e-18
1.241742e+00 4.989426e-18
1.244605e+00 4.889894e-18
1.247475e+00 4.793098e-18
1.250352e+00 4.699295e-18
1.253235e+00 4.608024e-18
1.256125e+00 4.519204e-18
1.259022e+00 4.432755e-18
1.261925e+00 4.348917e-18
1.264835e+00 4.267264e-18
1.267752e+00 4.187726e-18
1.270676e+00 4.110236e-18
1.273606e+00 4.035017e-18
1.276543e+00 3.961713e-18
1.279486e+00 3.890265e-18
1.282437e+00 3.820615e-18
1.285394e+00 3.752916e-18
1.288358e+00 3.686777e-18
1.291329e+00 3.622091e-18
1.294307e+00 3.558864e-18
1.297292e+00 3.497515e-18
1.300283e+00 3.437569e-18
1.303282e+00 3.378911e-18
1.306287e+00 3.321433e-18
1.309300e+00 3.265037e-18
1.312319e+00 3.209557e-18
1.315345e+00 3.154984e-18
1.318378e+00 3.101306e-18
1.321418e+00 3.048616e-18
1.324466e+00 2.996800e-18
1.327520e+00 2.945784e-18
1.330581e+00 2.895492e-18
1.333649e+00 2.845905e-18
1.336725e+00 2.796903e-18
1.339807e+00 2.748419e-18
1.342897e+00 2.701024e-18
1.345994e+00 2.654739e-18
1.349098e+00 2.608968e-18
1.352209e+00 2.563632e-18
1.355327e+00 2.518647e-18
1.358452e+00 2.474038e-18
1.361585e+00 2.429588e-18
1.364725e+00 2.385196e-18
1.367872e+00 2.340752e-18
1.371026e+00 2.296232e-18
1.374188e+00 2.251406e-18
1.377356e+00 2.206146e-18
1.380533e+00 2.160318e-18
1.383716e+00 2.113867e-18
1.386907e+00 2.066571e-18
1.390105e+00 2.018294e-18
1.393311e+00 1.971726e-18
1.396524e+00 1.924755e-18
1.399744e+00 1.877029e-18
1.402972e+00 1.828491e-18
1.406207e+00 1.779097e-18
1.409450e+00 1.728868e-18
1.412700e+00 1.677740e-18
1.415958e+00 1.625723e-18
1.419223e+00 1.572854e-18
1.422496e+00 1.519232e-18
1.425776e+00 1.464904e-18
1.429064e+00 1.409985e-18
1.432359e+00 1.354616e-18
1.435662e+00 1.298982e-18
1.438973e+00 1.243239e-18
1.442291e+00 1.188449e-18
1.445617e+00 1.137175e-18
1.448951e+00 1.086449e-18
1.452292e+00 1.036402e-18
1.455641e+00 9.871819e-19
1.458998e+00 9.389299e-19
1.462362e+00 8.917871e-19
1.465735e+00 8.458609e-19
1.469115e+00 8.012566e-19
1.472502e+00 7.580647e-19
1.475898e+00 7.163654e-19
1.479301e+00 6.762113e-19
1.482713e+00 6.376458e-19
1.486132e+00 6.006974e-19
1.489559e+00 5.653824e-19
1.492994e+00 5.316985e-19
1.496437e+00 5.006150e-19
1.499888e+00 4.719617e-19
1.503346e+00 4.447006e-19
1.506813e+00 4.187972e-19
1.510288e+00 3.942148e-19
1.513770e+00 3.709130e-19
1.517261e+00 3.488497e-19
1.520760e+00 3.279786e-19
1.524267e+00 3.082529e-19
1.527782e+00 2.896250e-19
1.531305e+00 2.720476e-19
1.534836e+00 2.554722e-19
1.538375e+00 2.398514e-19
1.541923e+00 2.251388e-19
1.545479e+00 2.112888e-19
1.549043e+00 1.982569e-19
1.552615e+00 1.864769e-19
1.556195e+00 1.754922e-19
1.559784e+00 1.651360e-19
1.563380e+00 1.553749e-19
1.566986e+00 1.461772e-19
1.570599e+00 1.375125e-19
1.574221e+00 1.293516e-19
1.577851e+00 1.216665e-19
1.581490e+00 1.144309e-19
1.585137e+00 1.076193e-19
1.588792e+00 1.012078e-19
1.592456e+00 9.517385e-20
1.596128e+00 8.949580e-20
1.599809e+00 8.415326e-20
1.603498e+00 7.912696e-20
1.607195e+00 7.441431e-20
1.610902e+00 7.014561e-20
1.614616e+00 6.612025e-20
1.618340e+00 6.232478e-20
1.622072e+00 5.874635e-20
1.625812e+00 5.537252e-20
1.629561e+00 5.219173e-20
1.633319e+00 4.919308e-20
1.637085e+00 4.636625e-20
1.640861e+00 4.370148e-20
1.644644e+00 4.118957e-20
1.648437e+00 3.882182e-20
1.652238e+00 3.658969e-20
1.656048e+00 3.448548e-20
1.659867e+00 3.250210e-20
1.663695e+00 3.063265e-20
1.667531e+00 2.889307e-20
1.671377e+00 2.728834e-20
1.675231e+00 2.577281e-20
1.679094e+00 2.434155e-20
1.682966e+00 2.298989e-20
1.686847e+00 2.171274e-20
1.690737e+00 2.050649e-20
1.694636e+00 1.936727e-20
1.698544e+00 1.829136e-20
1.702460e+00 1.727584e-20
1.706386e+00 1.631722e-20
1.710321e+00 1.541203e-20
1.714265e+00 1.455729e-20
1.718218e+00 1.374983e-20
1.722181e+00 1.298673e-20
1.726152e+00 1.226607e-20
1.730132e+00 1.159856e-20
1.734122e+00 1.097401e-20
1.738121e+00 1.038418e-20
1.742129e+00 9.826353e-21
1.746147e+00 9.298793e-21
1.750173e+00 8.799822e-21
1.754209e+00 8.326738e-21
1.758254e+00 7.879191e-21
1.762309e+00 7.455796e-21
1.766373e+00 7.055243e-21
1.770446e+00 6.676476e-21
1.774529e+00 6.318165e-21
1.778621e+00 5.979186e-21
1.782722e+00 5.658487e-21
1.786833e+00 5.356427e-21
1.790954e+00 5.071068e-21
1.795084e+00 4.807753e-21
1.799223e+00 4.558804e-21
1.803372e+00 4.323160e-21
1.807531e+00 4.100111e-21
1.811699e+00 3.888996e-21
1.815877e+00 3.689193e-21
1.820064e+00 3.498570e-21
1.824261e+00 3.317615e-21
1.828468e+00 3.146138e-21
1.832684e+00 2.983631e-21
1.836911e+00 2.831536e-21
1.841147e+00 2.687979e-21
1.845392e+00 2.552199e-21
1.849648e+00 2.423792e-21
1.853913e+00 2.300270e-21
1.858188e+00 2.183624e-21
1.862473e+00 2.074820e-21
1.866768e+00 1.971596e-21
1.871073e+00 1.876252e-21
1.875388e+00 1.786041e-21
1.879712e+00 1.700703e-21
1.884047e+00 1.619559e-21
1.888391e+00 1.540505e-21
1.892746e+00 1.465432e-21
1.897111e+00 1.394123e-21
1.901486e+00 1.327420e-21
1.905870e+00 1.266259e-21
1.910265e+00 1.208486e-21
1.914670e+00 1.153928e-21
1.919086e+00 1.100744e-21
1.923511e+00 1.048916e-21
1.927947e+00 1.000097e-21
1.932393e+00 9.540145e-22
1.936849e+00 9.129157e-22
1.941315e+00 8.748088e-22
1.945792e+00 8.388487e-22
1.950279e+00 8.047164e-22
1.954776e+00 7.692490e-22
1.959284e+00 7.354219e-22
1.963802e+00 7.031394e-22
1.968331e+00 6.737338e-22
1.972870e+00 6.482861e-22
1.977419e+00 6.243245e-22
1.981979e+00 6.017697e-22
1.986549e+00 5.779301e-22
1.991130e+00 5.540949e-22
1.995722e+00 5.312733e-22
2.000324e+00 5.099462e-22
2.004937e+00 4.937158e-22
2.009560e+00 4.784215e-22
2.014194e+00 4.640109e-22
2.018839e+00 4.486330e-22
2.023495e+00 4.318846e-22
2.028161e+00 4.157376e-22
2.032838e+00 4.001533e-22
2.037525e+00 3.889193e-22
2.042224e+00 3.787592e-22
2.046933e+00 3.691891e-22
2.051654e+00 3.601889e-22
2.056385e+00 3.517387e-22
2.061127e+00 3.437744e-22
2.065880e+00 3.362641e-22
2.070644e+00 3.258031e-22
2.075419e+00 3.150512e-22
2.080205e+00 3.045670e-22
2.085001e+00 2.958456e-22
2.089810e+00 2.902579e-22
2.094629e+00 2.849687e-22
2.099459e+00 2.799565e-22
2.104300e+00 2.717380e-22
2.109153e+00 2.632598e-22
2.114016e+00 2.549414e-22
2.118891e+00 2.486691e-22
2.123778e+00 2.448421e-22
2.128675e+00 2.411990e-22
2.133584e+00 2.375393e-22
2.138504e+00 2.305384e-22
2.143435e+00 2.236378e-22
2.148378e+00 2.168391e-22
2.153332e+00 2.127652e-22
2.158298e+00 2.100809e-22
2.163275e+00 2.075035e-22
2.168263e+00 2.050363e-22
2.173263e+00 2.026853e-22
2.178275e+00 2.004177e-22
2.183298e+00 1.982265e-22
2.188333e+00 1.927095e-22
2.193379e+00 1.872089e-22
2.198437e+00 1.817452e-22
2.203507e+00 1.788083e-22
2.208588e+00 1.770331e-22
2.213681e+00 1.753065e-22
2.218786e+00 1.736377e-22
2.223902e+00 1.720286e-22
2.229031e+00 1.704606e-22
2.234171e+00 1.689327e-22
2.239323e+00 1.674615e-22
2.244487e+00 1.660177e-22
2.249663e+00 1.645989e-22
2.254850e+00 1.603198e-22
2.260050e+00 1.558497e-22
2.265262e+00 1.513882e-22
2.270485e+00 1.492973e-22
2.275721e+00 1.480923e-22
2.280969e+00 1.469026e-22
2.286229e+00 1.457419e-22
2.291501e+00 1.446062e-22
2.296785e+00 1.434819e-22
2.302082e+00 1.423784e-22
2.307390e+00 1.413004e-22
2.312711e+00 1.402322e-22
2.318044e+00 1.384653e-22
2.323390e+00 1.346715e-22
2.328747e+00 1.308780e-22
2.334117e+00 1.275015e-22
2.339500e+00 1.265693e-22
2.344895e+00 1.256418e-22
2.350302e+00 1.247197e-22
2.355722e+00 1.238231e-22
2.361154e+00 1.229297e-22
2.366599e+00 1.220391e-22
2.372057e+00 1.187328e-22
2.377527e+00 1.153947e-22
2.383009e+00 1.120552e-22
2.388504e+00 1.111161e-22
2.394012e+00 1.103294e-22
2.399533e+00 1.095443e-22
2.405066e+00 1.087784e-22
2.410612e+00 1.080150e-22
2.416171e+00 1.072524e-22
2.421743e+00 1.044984e-22
2.427327e+00 1.015481e-22
2.432925e+00 9.859617e-23
2.438535e+00 9.775160e-23
2.444159e+00 9.707298e-23
2.449795e+00 9.639449e-23
2.455444e+00 9.573227e-23
2.461106e+00 9.507062e-23
2.466782e+00 9.440915e-23
2.472470e+00 9.376352e-23
2.478172e+00 9.311761e-23
2.483886e+00 9.247293e-23
2.489614e+00 9.184228e-23
2.495355e+00 9.121116e-23
2.501110e+00 9.058249e-23
2.506877e+00 8.996580e-23
2.512658e+00 8.934850e-23
2.518452e+00 8.873520e-23
2.524260e+00 8.813171e-23
2.530081e+00 8.752752e-23
2.535915e+00 8.610413e-23
2.541763e+00 8.364708e-23
2.547624e+00 8.118871e-23
2.553499e+00 7.987111e-23
2.559388e+00 7.932887e-23
2.565289e+00 7.878593e-23
2.571205e+00 7.825222e-23
2.577134e+00 7.772083e-23
2.583077e+00 7.718871e-23
2.589034e+00 7.507526e-23
2.595004e+00 7.288995e-23
2.600988e+00 7.098606e-23
2.606986e+00 7.050807e-23
2.612998e+00 7.002940e-23
2.619023e+00 6.955440e-23
2.625063e+00 6.908550e-23
2.631116e+00 6.861592e-23
2.637184e+00 6.815253e-23
2.643265e+00 6.769241e-23
2.649360e+00 6.723161e-23
2.655470e+00 6.677957e-23
2.661593e+00 6.632795e-23
2.667731e+00 6.587743e-23
2.673883e+00 6.543474e-23
2.680049e+00 6.499136e-23
2.686229e+00 6.455200e-23
2.692424e+00 6.411729e-23
2.698632e+00 6.368189e-23
2.704855e+00 6.325346e-23
2.711093e+00 6.282650e-23
2.717345e+00 6.239990e-23
2.723611e+00 6.198114e-23
2.729891e+00 6.156171e-23
2.736187e+00 6.052273e-23
2.742496e+00 5.873625e-23
2.748821e+00 5.695024e-23
2.755159e+00 5.630974e-23
2.761513e+00 5.593079e-23
2.767881e+00 5.555283e-23
2.774264e+00 5.518096e-23
2.780661e+00 5.480851e-23
2.787073e+00 5.444017e-23
2.793500e+00 5.407462e-23
2.799942e+00 5.370851e-23
2.806399e+00 5.214835e-23
2.812870e+00 5.057834e-23
2.819357e+00 4.952262e-23
2.825858e+00 4.919166e-23
2.832375e+00 4.886022e-23
2.838906e+00 4.853420e-23
2.845453e+00 4.820872e-23
2.852014e+00 4.755312e-23
2.858591e+00 4.615320e-23
2.865183e+00 4.475498e-23
2.871790e+00 4.421245e-23
2.878413e+00 4.391726e-23
2.885050e+00 4.362322e-23
2.891703e+00 4.333320e-23
2.898372e+00 4.304280e-23
2.905055e+00 4.202812e-23
2.911754e+00 4.078168e-23
2.918469e+00 3.980040e-23
2.925199e+00 3.953686e-23
2.931944e+00 3.927301e-23
2.938705e+00 3.901291e-23
2.945482e+00 3.875355e-23
2.952274e+00 3.849556e-23
2.959082e+00 3.824059e-23
2.965906e+00 3.798532e-23
2.972745e+00 3.698137e-23
2.979601e+00 3.588605e-23
2.986472e+00 3.518602e-23
2.993358e+00 3.495382e-23
3.000261e+00 3.472154e-23
3.007180e+00 3.449315e-23
3.014114e+00 3.426453e-23
3.021065e+00 3.403834e-23
3.028031e+00 3.381345e-23
3.035014e+00 3.341011e-23
3.042013e+00 3.244552e-23
3.049028e+00 3.148408e-23
3.056059e+00 3.117456e-23
3.063106e+00 3.096929e-23
3.070170e+00 3.076564e-23
3.077250e+00 3.056363e-23
3.084346e+00 3.036196e-23
3.091458e+00 3.016315e-23
3.098587e+00 2.996417e-23
3.105733e+00 3.033250e-23
3.112894e+00 3.084595e-23
3.120073e+00 3.068758e-23
3.127268e+00 2.978180e-23
3.134479e+00 2.889073e-23
3.141707e+00 2.806314e-23
3.148952e+00 2.723905e-23
3.156214e+00 2.696940e-23
3.163492e+00 2.679289e-23
3.170787e+00 2.661790e-23
3.178099e+00 2.644406e-23
3.185427e+00 2.627093e-23
3.192773e+00 2.609972e-23
3.200136e+00 2.591812e-23
3.207515e+00 2.519003e-23
3.214912e+00 2.446565e-23
3.222325e+00 2.417474e-23
3.229756e+00 2.401759e-23
3.237204e+00 2.386164e-23
3.244669e+00 2.370680e-23
3.252151e+00 2.340998e-23
3.259651e+00 2.276341e-23
3.267167e+00 2.215403e-23
3.274702e+00 2.201159e-23
3.282253e+00 2.186913e-23
3.289822e+00 2.172843e-23
3.297408e+00 2.158800e-23
3.305012e+00 2.144890e-23
3.312634e+00 2.131047e-23
3.320272e+00 2.117296e-23
3.327929e+00 2.103649e-23
3.335603e+00 2.090057e-23
3.343295e+00 2.076602e-23
3.351005e+00 2.063169e-23
3.358732e+00 2.049902e-23
3.366478e+00 2.036633e-23
3.374241e+00 2.023545e-23
3.382022e+00 2.010460e-23
3.389821e+00 1.997527e-23
3.397638e+00 1.984623e-23
3.405473e+00 1.971843e-23
3.413326e+00 1.959117e-23
3.421197e+00 1.971682e-23
3.429086e+00 2.003343e-23
3.436994e+00 2.014531e-23
3.444919e+00 2.001471e-23
3.452863e+00 1.988473e-23
3.460826e+00 1.975590e-23
3.468806e+00 1.962752e-23
3.476805e+00 1.950044e-23
3.484823e+00 1.929430e-23
3.492859e+00 1.874364e-23
3.500914e+00 1.824545e-23
3.508987e+00 1.812814e-23
3.517078e+00 1.799148e-23
3.525189e+00 1.749550e-23
3.533318e+00 1.700361e-23
3.541466e+00 1.655251e-23
3.549633e+00 1.610560e-23
3.557818e+00 1.598816e-23
3.566022e+00 1.588616e-23
3.574246e+00 1.550469e-23
3.582488e+00 1.510339e-23
3.590749e+00 1.497732e-23
3.599029e+00 1.488246e-23
3.607329e+00 1.478860e-23
3.615647e+00 1.469493e-23
3.623985e+00 1.460224e-23
3.632342e+00 1.450975e-23
3.640718e+00 1.441823e-23
3.649114e+00 1.432690e-23
3.657529e+00 1.423652e-23
3.665963e+00 1.414633e-23
3.674417e+00 1.381959e-23
3.682890e+00 1.347522e-23
3.691383e+00 1.337745e-23
3.699895e+00 1.329325e-23
3.708427e+00 1.320997e-23
3.716979e+00 1.312683e-23
3.725550e+00 1.304457e-23
3.734141e+00 1.296248e-23
3.742752e+00 1.288122e-23
3.751383e+00 1.280018e-23
3.760034e+00 1.271990e-23
3.768704e+00 1.263989e-23
3.777395e+00 1.256057e-23
3.786106e+00 1.248158e-23
3.794836e+00 1.240321e-23
3.803587e+00 1.232524e-23
3.812358e+00 1.224780e-23
3.821150e+00 1.206160e-23
3.829961e+00 1.177355e-23
3.838793e+00 1.161964e-23
3.847646e+00 1.154702e-23
3.856518e+00 1.147498e-23
3.865411e+00 1.140322e-23
3.874325e+00 1.133210e-23
3.883259e+00 1.126117e-23
3.892214e+00 1.119096e-23
3.901190e+00 1.112094e-23
3.910186e+00 1.105155e-23
3.919203e+00 1.098242e-23
3.928240e+00 1.091383e-23
3.937299e+00 1.076674e-23
3.946378e+00 1.052121e-23
3.955479e+00 1.038557e-23
3.964600e+00 1.032101e-23
3.973743e+00 1.025695e-23
3.982906e+00 1.019311e-23
3.992091e+00 1.012987e-23
4.001296e+00 1.006683e-23
4.010524e+00 1.000433e-23
4.019772e+00 9.942101e-24
4.029041e+00 9.880302e-24
4.038332e+00 9.907871e-24
4.047645e+00 1.001524e-23
4.056979e+00 9.996060e-24
4.066334e+00 9.933382e-24
4.075711e+00 9.871293e-24
4.085110e+00 9.778071e-24
4.094530e+00 9.552711e-24
4.103972e+00 9.399120e-24
4.113436e+00 9.340599e-24
4.122922e+00 9.386766e-24
4.132429e+00 9.490262e-24
4.141958e+00 9.446503e-24
4.151510e+00 9.361956e-24
4.161083e+00 9.145033e-24
4.170679e+00 8.937675e-24
4.180296e+00 8.742043e-24
4.189936e+00 8.558498e-24
4.199598e+00 8.382151e-24
4.209282e+00 8.441784e-24
4.218989e+00 8.484527e-24
4.228718e+00 8.431949e-24
4.238470e+00 8.379668e-24
4.248244e+00 8.327665e-24
4.258040e+00 8.276054e-24
4.267859e+00 8.224658e-24
4.277701e+00 8.173669e-24
4.287565e+00 8.122933e-24
4.297452e+00 8.072497e-24
4.307362e+00 8.022413e-24
4.317295e+00 7.972543e-24
4.327251e+00 7.923083e-24
4.337230e+00 7.873855e-24
4.347231e+00 7.824929e-24
4.357256e+00 7.866817e-24
4.367304e+00 7.938099e-24
4.377375e+00 7.888533e-24
4.387469e+00 7.839202e-24
4.397587e+00 7.790168e-24
4.407728e+00 7.646447e-24
4.417892e+00 7.490675e-24
4.428079e+00 7.444109e-24
4.438291e+00 7.397788e-24
4.448525e+00 7.351720e-24
4.458784e+00 7.305998e-24
4.469066e+00 7.260486e-24
4.479371e+00 7.215291e-24
4.489701e+00 7.242208e-24
4.500054e+00 7.315483e-24
4.510431e+00 7.151565e-24
4.520832e+00 6.994972e-24
4.531257e+00 6.847614e-24
4.541707e+00 6.784827e-24
4.552180e+00 6.742725e-24
4.562677e+00 6.700914e-24
4.573199e+00 6.659351e-24
4.583745e+00 6.617993e-24
4.594315e+00 6.576954e-24
4.604909e+00 6.536126e-24
4.615528e+00 6.495523e-24
4.626172e+00 6.455218e-24
4.636840e+00 6.415114e-24
4.647532e+00 6.375259e-24
4.658249e+00 6.409485e-24
4.668991e+00 6.469715e-24
4.679758e+00 6.537208e-24
4.690550e+00 6.460357e-24
4.701366e+00 6.314555e-24
4.712208e+00 6.179895e-24
4.723074e+00 6.102990e-24
4.733965e+00 6.064998e-24
4.744882e+00 6.027290e-24
4.755824e+00 6.038216e-24
4.766791e+00 6.092028e-24
4.777783e+00 5.961537e-24
4.788800e+00 5.878631e-24
4.799843e+00 5.841999e-24
4.810912e+00 5.725793e-24
4.822006e+00 5.649021e-24
4.833126e+00 5.613972e-24
4.844271e+00 5.579183e-24
4.855442e+00 5.544578e-24
4.866638e+00 5.510159e-24
4.877861e+00 5.552995e-24
4.889109e+00 5.557088e-24
4.900384e+00 5.525270e-24
4.911684e+00 5.576399e-24
4.923010e+00 5.580179e-24
4.934363e+00 5.553603e-24
4.945741e+00 5.613533e-24
4.957146e+00 5.679796e-24
4.968578e+00 5.715180e-24
4.980035e+00 5.573852e-24
4.991519e+00 5.508948e-24
5.003030e+00 5.474193e-24
5.014567e+00 5.439660e-24
5.026130e+00 5.405363e-24
5.037721e+00 5.371252e-24
5.049338e+00 5.337338e-24
5.060981e+00 5.303676e-24
5.072652e+00 5.270198e-24
5.084350e+00 5.229044e-24
5.096074e+00 5.106872e-24
5.107826e+00 5.045476e-24
5.119605e+00 4.993977e-24
5.131410e+00 4.884640e-24
5.143243e+00 4.841627e-24
5.155104e+00 4.811336e-24
5.166991e+00 4.785423e-24
5.178907e+00 4.915351e-24
5.190849e+00 5.005583e-24
5.202819e+00 5.024853e-24
5.214817e+00 4.898543e-24
5.226842e+00 4.717138e-24
5.238896e+00 4.604433e-24
5.250977e+00 4.575578e-24
5.263085e+00 4.546923e-24
5.275222e+00 4.518440e-24
5.287387e+00 4.490118e-24
5.299580e+00 4.461962e-24
5.311800e+00 4.502779e-24
5.324049e+00 4.503525e-24
5.336327e+00 4.457585e-24
5.348632e+00 4.358856e-24
5.360966e+00 4.323817e-24
5.373329e+00 4.296689e-24
5.385720e+00 4.269718e-24
5.398139e+00 4.242918e-24
5.410587e+00 4.216294e-24
5.423064e+00 4.189823e-24
5.435570e+00 4.163505e-24
5.448104e+00 4.137356e-24
5.460668e+00 4.111377e-24
5.473260e+00 4.085549e-24
5.485881e+00 4.059872e-24
5.498532e+00 4.034357e-24
5.511212e+00 4.009012e-24
5.523920e+00 3.983815e-24
5.536659e+00 3.958768e-24
5.549426e+00 3.933874e-24
5.562223e+00 3.909152e-24
5.575050e+00 3.847181e-24
5.587906e+00 3.768960e-24
5.600792e+00 3.698929e-24
5.613707e+00 3.675929e-24
5.626652e+00 3.653074e-24
5.639627e+00 3.630361e-24
5.652632e+00 3.598950e-24
5.665668e+00 3.533900e-24
5.678733e+00 3.508855e-24
5.691828e+00 3.487170e-24
5.704953e+00 3.465623e-24
5.718109e+00 3.440102e-24
5.731295e+00 3.382175e-24
5.744511e+00 3.355869e-24
5.757758e+00 3.335275e-24
5.771036e+00 3.314817e-24
5.784344e+00 3.294496e-24
5.797682e+00 3.274321e-24
5.811052e+00 3.254286e-24
5.824452e+00 3.254414e-24
5.837883e+00 3.257973e-24
5.851346e+00 3.237987e-24
5.864839e+00 3.218149e-24
5.878363e+00 3.168629e-24
5.891919e+00 3.137004e-24
5.905506e+00 3.117948e-24
5.919124e+00 3.099032e-24
5.932773e+00 3.080257e-24
5.946454e+00 3.061629e-24
5.960167e+00 3.067293e-24
5.973911e+00 3.064609e-24
5.987687e+00 3.046063e-24
6.001495e+00 3.027660e-24
6.015334e+00 3.009405e-24
6.029206e+00 2.962209e-24
6.043109e+00 2.935182e-24
6.057044e+00 2.917685e-24
6.071012e+00 2.900328e-24
6.085012e+00 2.883111e-24
6.099044e+00 2.866036e-24
6.113108e+00 2.849106e-24
6.127205e+00 2.832314e-24
6.141335e+00 2.815662e-24
6.155496e+00 2.799148e-24
6.169691e+00 2.782772e-24
6.183918e+00 2.767721e-24
6.198179e+00 2.781240e-24
6.212472e+00 2.830091e-24
6.226798e+00 2.808376e-24
6.241157e+00 2.775124e-24
6.255549e+00 2.746147e-24
6.269974e+00 2.698553e-24
6.284433e+00 2.656714e-24
6.298925e+00 2.641563e-24
6.313450e+00 2.626547e-24
6.328009e+00 2.611661e-24
6.342601e+00 2.614339e-24
6.357228e+00 2.613863e-24
6.371887e+00 2.599093e-24
6.386581e+00 2.584452e-24
6.401308e+00 2.567479e-24
6.416070e+00 2.526111e-24
6.430865e+00 2.511048e-24
6.445695e+00 2.497178e-24
6.460559e+00 2.483431e-24
6.475457e+00 2.469804e-24
6.490389e+00 2.456298e-24
6.505356e+00 2.442911e-24
6.520358e+00 2.429643e-24
6.535394e+00 2.416491e-24
6.550464e+00 2.403455e-24
6.565570e+00 2.390536e-24
6.580710e+00 2.377732e-24
6.595885e+00 2.385568e-24
6.611095e+00 2.379722e-24
6.626341e+00 2.367016e-24
6.641621e+00 2.354421e-24
6.656937e+00 2.341936e-24
6.672288e+00 2.339390e-24
6.687674e+00 2.346873e-24
6.703096e+00 2.334454e-24
6.718553e+00 2.318795e-24
6.734046e+00 2.281125e-24
6.749575e+00 2.269279e-24
6.765140e+00 2.257536e-24
6.780740e+00 2.245895e-24
6.796376e+00 2.234353e-24
6.812049e+00 2.222910e-24
6.827758e+00 2.211565e-24
6.843502e+00 2.185624e-24
6.859284e+00 2.165494e-24
6.875101e+00 2.154646e-24
6.890955e+00 2.143889e-24
6.906846e+00 2.133223e-24
6.922773e+00 2.122647e-24
6.938737e+00 2.112158e-24
6.954738e+00 2.101756e-24
6.970775e+00 2.091441e-24
6.986850e+00 2.081209e-24
7.002962e+00 2.071061e-24
7.019111e+00 2.060995e-24
7.035297e+00 2.053456e-24
7.051520e+00 2.062348e-24
7.067781e+00 2.050893e-24
7.084080e+00 2.021531e-24
7.100415e+00 2.011858e-24
7.116789e+00 2.002260e-24
7.133200e+00 1.992737e-24
7.149650e+00 1.983286e-24
7.166137e+00 1.973906e-24
7.182662e+00 1.964597e-24
7.199225e+00 1.955357e-24
7.215827e+00 1.946185e-24
7.232466e+00 1.937079e-24
7.249145e+00 1.928039e-24
7.265861e+00 1.919064e-24
7.282616e+00 1.910152e-24
7.299410e+00 1.901302e-24
7.316243e+00 1.876792e-24
7.333114e+00 1.883567e-24
7.350024e+00 1.875092e-24
7.366973e+00 1.850828e-24
7.383962e+00 1.842985e-24
7.400989e+00 1.849452e-24
7.418056e+00 1.841009e-24
7.435162e+00 1.832621e-24
7.452307e+00 1.824286e-24
7.469493e+00 1.813443e-24
7.486717e+00 1.793094e-24
7.503982e+00 1.785052e-24
7.521286e+00 1.777059e-24
7.538630e+00 1.769114e-24
7.556014e+00 1.761217e-24
7.573438e+00 1.753367e-24
7.590903e+00 1.745563e-24
7.608407e+00 1.737806e-24
7.625953e+00 1.730094e-24
7.643538e+00 1.722427e-24
7.661164e+00 1.723642e-24
7.678831e+00 1.720457e-24
7.696538e+00 1.724529e-24
7.714287e+00 1.719963e-24
7.732076e+00 1.698698e-24
7.749906e+00 1.690093e-24
7.767777e+00 1.682615e-24
7.785690e+00 1.677130e-24
7.803644e+00 1.681887e-24
7.821639e+00 1.679028e-24
7.839676e+00 1.682708e-24
7.857754e+00 1.661166e-24
7.875874e+00 1.632029e-24
7.894036e+00 1.619716e-24
7.912240e+00 1.612709e-24
7.930485e+00 1.605746e-24
7.948773e+00 1.598828e-24
7.967103e+00 1.591957e-24
7.985475e+00 1.585131e-24
8.003890e+00 1.578352e-24
8.022347e+00 1.571619e-24
8.040846e+00 1.564934e-24
8.059389e+00 1.558296e-24
8.077974e+00 1.551706e-24
8.096602e+00 1.545165e-24
8.115272e+00 1.538673e-24
8.133986e+00 1.532232e-24
8.152743e+00 1.525841e-24
8.171544e+00 1.519501e-24
8.190387e+00 1.513213e-24
8.209274e+00 1.506977e-24
8.228205e+00 1.500793e-24
8.247179e+00 1.494663e-24
8.266197e+00 1.488587e-24
8.285259e+00 1.492199e-24
8.304365e+00 1.495227e-24
8.323515e+00 1.546692e-24
8.342709e+00 1.542324e-24
8.361947e+00 1.477947e-24
8.381230e+00 1.462471e-24
8.400557e+00 1.456699e-24
8.419929e+00 1.450988e-24
8.439346e+00 1.445337e-24
8.458807e+00 1.439746e-24
8.478313e+00 1.434216e-24
8.497864e+00 1.428747e-24
8.517460e+00 1.423341e-24
8.537101e+00 1.420119e-24
8.556788e+00 1.422277e-24
8.576520e+00 1.416965e-24
8.596298e+00 1.404390e-24
8.616121e+00 1.397262e-24
8.635989e+00 1.392240e-24
8.655904e+00 1.387284e-24
8.675865e+00 1.382394e-24
8.695871e+00 1.377570e-24
8.715924e+00 1.372814e-24
8.736023e+00 1.376849e-24
8.756168e+00 1.368893e-24
8.776360e+00 1.358954e-24
8.796599e+00 1.354472e-24
8.816884e+00 1.342726e-24
8.837215e+00 1.338461e-24
8.857594e+00 1.334266e-24
8.878020e+00 1.330143e-24
8.898493e+00 1.332469e-24
8.919012e+00 1.329075e-24
8.939580e+00 1.325099e-24
8.960195e+00 1.321197e-24
8.980857e+00 1.317372e-24
9.001567e+00 1.321250e-24
9.022324e+00 1.317503e-24
9.043130e+00 1.318770e-24
9.063984e+00 1.311578e-24
9.084885e+00 1.307499e-24
9.105835e+00 1.308654e-24
9.126833e+00 1.295582e-24
9.147880e+00 1.289661e-24
9.168975e+00 1.287521e-24
9.190118e+00 1.287667e-24
9.211311e+00 1.285305e-24
9.232552e+00 1.284698e-24
9.253843e+00 1.296069e-24
9.275182e+00 1.330367e-24
9.296571e+00 1.319197e-24
9.318009e+00 1.298376e-24
9.339496e+00 1.276421e-24
9.361033e+00 1.269516e-24
9.382620e+00 1.267331e-24
9.404256e+00 1.265242e-24
9.425942e+00 1.259729e-24
9.447679e+00 1.255148e-24
9.469465e+00 1.253371e-24
9.491302e+00 1.251662e-24
9.513189e+00 1.254730e-24
9.535126e+00 1.254353e-24
9.557114e+00 1.250152e-24
9.579153e+00 1.245228e-24
9.601243e+00 1.244051e-24
9.623383e+00 1.245390e-24
9.645575e+00 1.240322e-24
9.667817e+00 1.238564e-24
9.690112e+00 1.234708e-24
9.712457e+00 1.229959e-24
9.734854e+00 1.227942e-24
9.757303e+00 1.225806e-24
9.779803e+00 1.223549e-24
9.802355e+00 1.221177e-24
9.824960e+00 1.218697e-24
9.847616e+00 1.216124e-24
9.870325e+00 1.213470e-24
9.893086e+00 1.210755e-24
9.915899e+00 1.204444e-24
9.938766e+00 1.201542e-24
9.961684e+00 1.201295e-24
9.984656e+00 1.204826e-24
1.000768e+01 1.206903e-24
1.003076e+01 1.191134e-24
1.005389e+01 1.187945e-24
1.007707e+01 1.185318e-24
1.010031e+01 1.182738e-24
1.012360e+01 1.179014e-24
1.014695e+01 1.174953e-24
1.017035e+01 1.172580e-24
1.019380e+01 1.170264e-24
1.021731e+01 1.168006e-24
1.024087e+01 1.165805e-24
1.026448e+01 1.165894e-24
1.028815e+01 1.164115e-24
1.031188e+01 1.160238e-24
1.033566e+01 1.157546e-24
1.035949e+01 1.155611e-24
1.038338e+01 1.153745e-24
1.040732e+01 1.167215e-24
1.043132e+01 1.160004e-24
1.045538e+01 1.148330e-24
1.047949e+01 1.146616e-24
1.050365e+01 1.144940e-24
1.052788e+01 1.143302e-24
1.055215e+01 1.141969e-24
1.057649e+01 1.142263e-24
1.060088e+01 1.140580e-24
1.062532e+01 1.137083e-24
1.064982e+01 1.137625e-24
1.067438e+01 1.136167e-24
1.069900e+01 1.134713e-24
1.072367e+01 1.131328e-24
1.074840e+01 1.129951e-24
1.077318e+01 1.128598e-24
1.079803e+01 1.127265e-24
1.082293e+01 1.125953e-24
1.084789e+01 1.124660e-24
1.087290e+01 1.123386e-24
1.089797e+01 1.122129e-24
1.092311e+01 1.120888e-24
1.094829e+01 1.119663e-24
1.097354e+01 1.118453e-24
1.099885e+01 1.117256e-24
1.102421e+01 1.116073e-24
1.104963e+01 1.114902e-24
1.107511e+01 1.113743e-24
1.110065e+01 1.112595e-24
1.112625e+01 1.111457e-24
1.115191e+01 1.110329e-24
1.117762e+01 1.109210e-24
1.120340e+01 1.108099e-24
1.122923e+01 1.106997e-24
1.125513e+01 1.105901e-24
1.128108e+01 1.104813e-24
1.130710e+01 1.103730e-24
1.133317e+01 1.102654e-24
1.135931e+01 1.101583e-24
1.138550e+01 1.101681e-24
1.141176e+01 1.100378e-24
1.143807e+01 1.099701e-24
1.146445e+01 1.098628e-24
1.149088e+01 1.099012e-24
1.151738e+01 1.097924e-24
1.154394e+01 1.096839e-24
1.157056e+01 1.095756e-24
1.159724e+01 1.093523e-24
1.162399e+01 1.092243e-24
1.165079e+01 1.091127e-24
1.167766e+01 1.088981e-24
1.170459e+01 1.087940e-24
1.173158e+01 1.086899e-24
1.175863e+01 1.085858e-24
1.178575e+01 1.084815e-24
1.181293e+01 1.083772e-24
1.184017e+01 1.082727e-24
1.186747e+01 1.081681e-24
1.189484e+01 1.080632e-24
1.192227e+01 1.080587e-24
1.194976e+01 1.079519e-24
1.197731e+01 1.080378e-24
1.200493e+01 1.081198e-24
1.203262e+01 1.078696e-24
1.206037e+01 1.076751e-24
1.208818e+01 1.075197e-24
1.211605e+01 1.074097e-24
1.214399e+01 1.072993e-24
1.217200e+01 1.071885e-24
1.220006e+01 1.070773e-24
1.222820e+01 1.069657e-24
1.225640e+01 1.068537e-24
1.228466e+01 1.067587e-24
1.231299e+01 1.068600e-24
1.234138e+01 1.065691e-24
1.236984e+01 1.064204e-24
1.239837e+01 1.063900e-24
1.242696e+01 1.064241e-24
1.245561e+01 1.088387e-24
1.248434e+01 1.069739e-24
1.251313e+01 1.059698e-24
1.254198e+01 1.057069e-24
1.257090e+01 1.055678e-24
1.259989e+01 1.053898e-24
1.262895e+01 1.052721e-24
1.265807e+01 1.051538e-24
1.268726e+01 1.050349e-24
1.271652e+01 1.049154e-24
1.274584e+01 1.047952e-24
1.277523e+01 1.046743e-24
1.280469e+01 1.045528e-24
1.283422e+01 1.044306e-24
1.286382e+01 1.043078e-24
1.289348e+01 1.041843e-24
1.292321e+01 1.040601e-24
1.295301e+01 1.039471e-24
1.298288e+01 1.038768e-24
1.301282e+01 1.037496e-24
1.304283e+01 1.036216e-24
1.307291e+01 1.034930e-24
1.310305e+01 1.033637e-24
1.313327e+01 1.032337e-24
1.316355e+01 1.031031e-24
1.319391e+01 1.029327e-24
1.322433e+01 1.028396e-24
1.325483e+01 1.026327e-24
1.328539e+01 1.024647e-24
1.331603e+01 1.023321e-24
1.334674e+01 1.021989e-24
1.337752e+01 1.020649e-24
1.340836e+01 1.019302e-24
1.343928e+01 1.017948e-24
1.347027e+01 1.016587e-24
1.350134e+01 1.015219e-24
1.353247e+01 1.013845e-24
1.356368e+01 1.012825e-24
1.359496e+01 1.011513e-24
1.362631e+01 1.010111e-24
1.365773e+01 1.008703e-24
1.368922e+01 1.007288e-24
1.372079e+01 1.005867e-24
1.375243e+01 1.004378e-24
1.378414e+01 1.002603e-24
1.381593e+01 1.001168e-24
1.384779e+01 9.997274e-25
1.387972e+01 9.982800e-25
1.391173e+01 9.968265e-25
1.394381e+01 9.953670e-25
1.397596e+01 9.939014e-25
1.400819e+01 9.924299e-25
1.404050e+01 9.909526e-25
1.407287e+01 9.894696e-25
1.410533e+01 9.879810e-25
1.413785e+01 9.864869e-25
1.417045e+01 9.849874e-25
1.420313e+01 9.834826e-25
1.423588e+01 9.819726e-25
1.426871e+01 9.804576e-25
1.430162e+01 9.789377e-25
1.433460e+01 9.774360e-25
1.436765e+01 9.761937e-25
1.440078e+01 9.746553e-25
1.443399e+01 9.731126e-25
1.446728e+01 9.715657e-25
1.450064e+01 9.703511e-25
1.453408e+01 9.684599e-25
1.456759e+01 9.669012e-25
1.460119e+01 9.653183e-25
1.463486e+01 9.634964e-25
1.466860e+01 9.619312e-25
1.470243e+01 9.603277e-25
1.473633e+01 9.585605e-25
1.477032e+01 9.569893e-25
1.480438e+01 9.554153e-25
1.483852e+01 9.538387e-25
1.487273e+01 9.522597e-25
1.490703e+01 9.506784e-25
1.494141e+01 9.490949e-25
1.497586e+01 9.476228e-25
1.501040e+01 9.461284e-25
1.504501e+01 9.443933e-25
1.507970e+01 9.427438e-25
1.511448e+01 9.411526e-25
1.514933e+01 9.395604e-25
1.518427e+01 9.379674e-25
1.521928e+01 9.363738e-25
1.525438e+01 9.347798e-25
1.528955e+01 9.331856e-25
1.532481e+01 9.315914e-25
1.536015e+01 9.299974e-25
1.539557e+01 9.284038e-25
1.543107e+01 9.268108e-25
1.546666e+01 9.252186e-25
1.550232e+01 9.236276e-25
1.553807e+01 9.218929e-25
1.557390e+01 9.203673e-25
1.560982e+01 9.187219e-25
1.564581e+01 9.171392e-25
1.568189e+01 9.155585e-25
1.571805e+01 9.139802e-25
1.575430e+01 9.124045e-25
1.579063e+01 9.108315e-25
1.582704e+01 9.092616e-25
1.586354e+01 9.076948e-25
1.590012e+01 9.061316e-25
1.593679e+01 9.045721e-25
1.597354e+01 9.030165e-25
1.601037e+01 9.014651e-25
1.604729e+01 8.999182e-25
1.608430e+01 8.983758e-25
1.612139e+01 8.969537e-25
1.615857e+01 8.954198e-25
1.619583e+01 8.938912e-25
1.623317e+01 8.924940e-25
1.627061e+01 8.909764e-25
1.630813e+01 8.894636e-25
1.634574e+01 8.879572e-25
1.638343e+01 8.864575e-25
1.642121e+01 8.849316e-25
1.645908e+01 8.834245e-25
1.649703e+01 8.820002e-25
1.653507e+01 8.804160e-25
1.657320e+01 8.789544e-25
1.661142e+01 8.776109e-25
1.664973e+01 8.764271e-25
1.668812e+01 8.746942e-25
1.672661e+01 8.731352e-25
1.676518e+01 8.716811e-25
1.680384e+01 8.702724e-25
1.684259e+01 8.688731e-25
1.688143e+01 8.674835e-25
1.692035e+01 8.661037e-25
1.695937e+01 8.647340e-25
1.699848e+01 8.633745e-25
1.703768e+01 8.620257e-25
1.707697e+01 8.606875e-25
1.711635e+01 8.593603e-25
1.715582e+01 8.580443e-25
1.719538e+01 8.567396e-25
1.723503e+01 8.554466e-25
1.727478e+01 8.541653e-25
1.731461e+01 8.528961e-25
1.735454e+01 8.516390e-25
1.739456e+01 8.503943e-25
1.743467e+01 8.491622e-25
1.747488e+01 8.479429e-25
1.751517e+01 8.467365e-25
1.755556e+01 8.455432e-25
1.759605e+01 8.443633e-25
1.763662e+01 8.431968e-25
1.767729e+01 8.420439e-25
1.771806e+01 8.409049e-25
1.775892e+01 8.397798e-25
1.779987e+01 8.386689e-25
1.784092e+01 8.375722e-25
1.788206e+01 8.364899e-25
1.792329e+01 8.354221e-25
1.796462e+01 8.343691e-25
1.800605e+01 8.333308e-25
1.804757e+01 8.323075e-25
1.808919e+01 8.312992e-25
1.813090e+01 8.303061e-25
1.817271e+01 8.293282e-25
1.821462e+01 8.283658e-25
1.825662e+01 8.274188e-25
1.829872e+01 8.264873e-25
1.834092e+01 8.255715e-25
1.838322e+01 8.247216e-25
1.842561e+01 8.238366e-25
1.846810e+01 8.229675e-25
1.851068e+01 8.221144e-25
1.855337e+01 8.212773e-25
1.859615e+01 8.204562e-25
1.863904e+01 8.196513e-25
1.868202e+01 8.188626e-25
1.872510e+01 8.180901e-25
1.876828e+01 8.173295e-25
1.881156e+01 8.165507e-25
1.885494e+01 8.158277e-25
1.889842e+01 8.151211e-25
1.894200e+01 8.144307e-25
1.898568e+01 8.137567e-25
1.902946e+01 8.130991e-25
1.907334e+01 8.124579e-25
1.911733e+01 8.118330e-25
1.916141e+01 8.112245e-25
1.920560e+01 8.106323e-25
1.924989e+01 8.100245e-25
1.929428e+01 8.094759e-25
1.933877e+01 8.089224e-25
1.938336e+01 8.083959e-25
1.942806e+01 8.079158e-25
1.947286e+01 8.073914e-25
1.951777e+01 8.069133e-25
1.956278e+01 8.064513e-25
1.960789e+01 8.060053e-25
1.965310e+01 8.055752e-25
1.969842e+01 8.051609e-25
1.974385e+01 8.047625e-25
1.978938e+01 8.043797e-25
1.983501e+01 8.040126e-25
1.988075e+01 8.036609e-25
1.992660e+01 8.033247e-25
1.997255e+01 8.030124e-25
2.001861e+01 8.027197e-25
2.006477e+01 8.024071e-25
2.011104e+01 8.021311e-25
2.015741e+01 8.018699e-25
2.020390e+01 8.016233e-25
2.025049e+01 8.013911e-25
2.029719e+01 8.011731e-25
2.034399e+01 8.009692e-25
2.039090e+01 8.007790e-25
2.043793e+01 8.006025e-25
2.048506e+01 8.004394e-25
2.053229e+01 8.002895e-25
2.057964e+01 8.001525e-25
2.062710e+01 8.000282e-25
2.067466e+01 7.999163e-25
2.072234e+01 7.998165e-25
2.077013e+01 7.997479e-25
2.081802e+01 7.996729e-25
2.086603e+01 7.996057e-25
2.091415e+01 7.995324e-25
2.096237e+01 7.994886e-25
2.101071e+01 7.994613e-25
2.105916e+01 7.994311e-25
2.110773e+01 7.994167e-25
2.115640e+01 7.994114e-25
2.120519e+01 7.994147e-25
2.125409e+01 7.994262e-25
2.130310e+01 7.994455e-25
2.135223e+01 7.994722e-25
2.140146e+01 7.995057e-25
2.145082e+01 7.995458e-25
2.150028e+01 7.995918e-25
2.154986e+01 7.996433e-25
2.159956e+01 7.996999e-25
2.164936e+01 7.997610e-25
2.169929e+01 7.998261e-25
2.174933e+01 7.998947e-25
2.179948e+01 7.999663e-25
2.184975e+01 8.000404e-25
2.190014e+01 8.001164e-25
2.195064e+01 8.001938e-25
2.200126e+01 8.002721e-25
2.205199e+01 8.003508e-25
2.210284e+01 8.004292e-25
2.215381e+01 8.005069e-25
2.220490e+01 8.005832e-25
2.225610e+01 8.006577e-25
2.230743e+01 8.007299e-25
2.235887e+01 8.007991e-25
2.241043e+01 8.008648e-25
2.246211e+01 8.009265e-25
2.251390e+01 8.009836e-25
2.256582e+01 8.010357e-25
2.261786e+01 8.010821e-25
2.267002e+01 8.011225e-25
2.272229e+01 8.011562e-25
2.277469e+01 8.011827e-25
2.282721e+01 8.012017e-25
2.287985e+01 8.012125e-25
2.293261e+01 8.012146e-25
2.298549e+01 8.012078e-25
2.303850e+01 8.011914e-25
2.309162e+01 8.011650e-25
2.314487e+01 8.011282e-25
2.319825e+01 8.010806e-25
2.325174e+01 8.010218e-25
2.330536e+01 8.009513e-25
2.335910e+01 8.008689e-25
2.341297e+01 8.007740e-25
2.346696e+01 8.006766e-25
2.352107e+01 8.005559e-25
2.357531e+01 8.004218e-25
2.362968e+01 8.002739e-25
2.368417e+01 8.001121e-25
2.373878e+01 7.999360e-25
2.379353e+01 7.997454e-25
2.384839e+01 7.995400e-25
2.390339e+01 7.993330e-25
2.395851e+01 7.990948e-25
2.401376e+01 7.988437e-25
2.406914e+01 7.985663e-25
2.412464e+01 7.982839e-25
2.418027e+01 7.979856e-25
2.423603e+01 7.976713e-25
2.429192e+01 7.973408e-25
2.434794e+01 7.969941e-25
2.440408e+01 7.966310e-25
2.446036e+01 7.962515e-25
2.451676e+01 7.958555e-25
2.457330e+01 7.954430e-25
2.462997e+01 7.950218e-25
2.468676e+01 7.945782e-25
2.474369e+01 7.941160e-25
2.480075e+01 7.936372e-25
2.485794e+01 7.931476e-25
2.491526e+01 7.926207e-25
2.497272e+01 7.920960e-25
2.503031e+01 7.915499e-25
2.508803e+01 7.909875e-25
2.514588e+01 7.904106e-25
2.520387e+01 7.898176e-25
2.526199e+01 7.892086e-25
2.532024e+01 7.885838e-25
2.537863e+01 7.879432e-25
2.543715e+01 7.872871e-25
2.549581e+01 7.866155e-25
2.555460e+01 7.859286e-25
2.561353e+01 7.852265e-25
2.567260e+01 7.845096e-25
2.573180e+01 7.837778e-25
2.579114e+01 7.830315e-25
2.585061e+01 7.822708e-25
2.591022e+01 7.814959e-25
2.596997e+01 7.807070e-25
2.602986e+01 7.799044e-25
2.608988e+01 7.790882e-25
2.615005e+01 7.782586e-25
2.621035e+01 7.774159e-25
2.627079e+01 7.765604e-25
2.633137e+01 7.756922e-25
2.639209e+01 7.748116e-25
2.645295e+01 7.739188e-25
2.651395e+01 7.730141e-25
2.657509e+01 7.720976e-25
2.663638e+01 7.711698e-25
2.669780e+01 7.702307e-25
2.675937e+01 7.692807e-25
2.682107e+01 7.683200e-25
2.688292e+01 7.673488e-25
2.694492e+01 7.663674e-25
2.700705e+01 7.653761e-25
2.706933e+01 7.643751e-25
2.713175e+01 7.633647e-25
2.719432e+01 7.623450e-25
2.725703e+01 7.613165e-25
2.731988e+01 7.602792e-25
2.738288e+01 7.592335e-25
2.744603e+01 7.581796e-25
2.750932e+01 7.571178e-25
2.757275e+01 7.560482e-25
2.763634e+01 7.549712e-25
2.770007e+01 7.538870e-25
2.776394e+01 7.527958e-25
2.782797e+01 7.516979e-25
2.789214e+01 7.505935e-25
2.795646e+01 7.494828e-25
2.802093e+01 7.483708e-25
2.808554e+01 7.472436e-25
2.815031e+01 7.461156e-25
2.821522e+01 7.449821e-25
2.828029e+01 7.438436e-25
2.834550e+01 7.427001e-25
2.841087e+01 7.415520e-25
2.847638e+01 7.403993e-25
2.854205e+01 7.392424e-25
2.860787e+01 7.380815e-25
2.867384e+01 7.369224e-25
2.873996e+01 7.357539e-25
2.880623e+01 7.345819e-25
2.887266e+01 7.334067e-25
2.893924e+01 7.322284e-25
2.900598e+01 7.310472e-25
2.907286e+01 7.298633e-25
2.913991e+01 7.286769e-25
2.920710e+01 7.274881e-25
2.927446e+01 7.262972e-25
2.934196e+01 7.251044e-25
2.940963e+01 7.239096e-25
2.947744e+01 7.227133e-25
2.954542e+01 7.215154e-25
2.961355e+01 7.203163e-25
2.968184e+01 7.191159e-25
2.975029e+01 7.179146e-25
2.981889e+01 7.167123e-25
2.988765e+01 7.155094e-25
2.995658e+01 7.143059e-25
3.002566e+01 7.131019e-25
3.009489e+01 7.118976e-25
3.016429e+01 7.106932e-25
3.023385e+01 7.094887e-25
3.030357e+01 7.082843e-25
3.037345e+01 7.070802e-25
3.044349e+01 7.058764e-25
3.051370e+01 7.046731e-25
3.058406e+01 7.034703e-25
3.065459e+01 7.022682e-25
3.072528e+01 7.010670e-25
3.079613e+01 6.998666e-25
3.086715e+01 6.986673e-25
3.093833e+01 6.974691e-25
3.100967e+01 6.962721e-25
3.108118e+01 6.950765e-25
3.115285e+01 6.938822e-25
3.122469e+01 6.926895e-25
3.129670e+01 6.914984e-25
3.136887e+01 6.903090e-25
3.144120e+01 6.891213e-25
3.151371e+01 6.879355e-25
3.158638e+01 6.867516e-25
3.165922e+01 6.855698e-25
3.173222e+01 6.843900e-25
3.180540e+01 6.832124e-25
3.187874e+01 6.820371e-25
3.195225e+01 6.808640e-25
3.202594e+01 6.796933e-25
3.209979e+01 6.785251e-25
3.217381e+01 6.773594e-25
3.224800e+01 6.761962e-25
3.232237e+01 6.750356e-25
3.239690e+01 6.738778e-25
3.247161e+01 6.727226e-25
3.254649e+01 6.715703e-25
3.262154e+01 6.704208e-25
3.269677e+01 6.692742e-25
3.277217e+01 6.681305e-25
3.284774e+01 6.669899e-25
3.292349e+01 6.658522e-25
3.299941e+01 6.647177e-25
3.307551e+01 6.635862e-25
3.315178e+01 6.624579e-25
3.322823e+01 6.613329e-25
3.330485e+01 6.602110e-25
3.338165e+01 6.590924e-25
3.345863e+01 6.579771e-25
3.353579e+01 6.568652e-25
3.361312e+01 6.557566e-25
3.369063e+01 6.546515e-25
3.376832e+01 6.535497e-25
3.384619e+01 6.524514e-25
3.392424e+01 6.513566e-25
3.400247e+01 6.502684e-25
3.408088e+01 6.491776e-25
3.415947e+01 6.480946e-25
3.423825e+01 6.470127e-25
3.431720e+01 6.459387e-25
3.439634e+01 6.448652e-25
3.447565e+01 6.437954e-25
3.455515e+01 6.427292e-25
3.463484e+01 6.416667e-25
3.471471e+01 6.406079e-25
3.479476e+01 6.395528e-25
3.487500e+01 6.385014e-25
3.495542e+01 6.374538e-25
3.503603e+01 6.364098e-25
3.511682e+01 6.353697e-25
3.519780e+01 6.343332e-25
3.527897e+01 6.333006e-25
3.536032e+01 6.322717e-25
3.544186e+01 6.312466e-25
3.552359e+01 6.302253e-25
3.560551e+01 6.292078e-25
3.568761e+01 6.281941e-25
3.576991e+01 6.271842e-25
3.585240e+01 6.261781e-25
3.593507e+01 6.251758e-25
3.601794e+01 6.241774e-25
3.610100e+01 6.231827e-25
3.618424e+01 6.221919e-25
3.626769e+01 6.212049e-25
3.635132e+01 6.202217e-25
3.643515e+01 6.192424e-25
3.651917e+01 6.182669e-25
3.660338e+01 6.172951e-25
3.668779e+01 6.163272e-25
3.677239e+01 6.153631e-25
3.685719e+01 6.144029e-25
3.694218e+01 6.134464e-25
3.702737e+01 6.124937e-25
3.711275e+01 6.115449e-25
3.719834e+01 6.105998e-25
3.728412e+01 6.096585e-25
3.737009e+01 6.087210e-25
3.745627e+01 6.077895e-25
3.754264e+01 6.068595e-25
3.762922e+01 6.059333e-25
3.771599e+01 6.050108e-25
3.780296e+01 6.040921e-25
3.789014e+01 6.031772e-25
3.797751e+01 6.022660e-25
3.806509e+01 6.013585e-25
3.815287e+01 6.004547e-25
3.824085e+01 5.995546e-25
3.832903e+01 5.986582e-25
3.841742e+01 5.977655e-25
3.850601e+01 5.968765e-25
3.859480e+01 5.959912e-25
3.868380e+01 5.951095e-25
3.877301e+01 5.942315e-25
3.886242e+01 5.933571e-25
3.895204e+01 5.924864e-25
3.904186e+01 5.916193e-25
3.913189e+01 5.907558e-25
3.922213e+01 5.898959e-25
3.931258e+01 5.890396e-25
3.940323e+01 5.881870e-25
3.949410e+01 5.873380e-25
3.958517e+01 5.864927e-25
3.967645e+01 5.856512e-25
3.976795e+01 5.848140e-25
3.985965e+01 5.839826e-25
3.995157e+01 5.831651e-25
4.004370e+01 5.825509e-25
4.013604e+01 5.816011e-25
4.022859e+01 5.806842e-25
4.032136e+01 5.798565e-25
4.041434e+01 5.790392e-25
4.050754e+01 5.782269e-25
4.060095e+01 5.774186e-25
4.069457e+01 5.766140e-25
4.078842e+01 5.758128e-25
4.088247e+01 5.750151e-25
4.097675e+01 5.742223e-25
4.107124e+01 5.734312e-25
4.116595e+01 5.726435e-25
4.126088e+01 5.718591e-25
4.135603e+01 5.710780e-25
4.145140e+01 5.703001e-25
4.154698e+01 5.695255e-25
4.164279e+01 5.687541e-25
4.173882e+01 5.679859e-25
4.183507e+01 5.672210e-25
4.193154e+01 5.664592e-25
4.202824e+01 5.657006e-25
4.212516e+01 5.649452e-25
4.222230e+01 5.641929e-25
4.231966e+01 5.634437e-25
4.241725e+01 5.626976e-25
4.251507e+01 5.619546e-25
4.261311e+01 5.612147e-25
4.271137e+01 5.604779e-25
4.280986e+01 5.597441e-25
4.290858e+01 5.590133e-25
4.300753e+01 5.582856e-25
4.310671e+01 5.575608e-25
4.320611e+01 5.568391e-25
4.330575e+01 5.561203e-25
4.340561e+01 5.554045e-25
4.350570e+01 5.546916e-25
4.360603e+01 5.539816e-25
4.370658e+01 5.532745e-25
4.380737e+01 5.525704e-25
4.390839e+01 5.518691e-25
4.400964e+01 5.511706e-25
4.411113e+01 5.504751e-25
4.421285e+01 5.497823e-25
4.431481e+01 5.490924e-25
4.441700e+01 5.484052e-25
4.451942e+01 5.477220e-25
4.462208e+01 5.470404e-25
4.472498e+01 5.463616e-25
4.482812e+01 5.456855e-25
4.493149e+01 5.450121e-25
4.503511e+01 5.443415e-25
4.513896e+01 5.436736e-25
4.524305e+01 5.430085e-25
4.534738e+01 5.423459e-25
4.545195e+01 5.416861e-25
4.555676e+01 5.410288e-25
4.566182e+01 5.403742e-25
4.576711e+01 5.397222e-25
4.587265e+01 5.390728e-25
4.597843e+01 5.384259e-25
4.608446e+01 5.377816e-25
4.619073e+01 5.371399e-25
4.629725e+01 5.365007e-25
4.640401e+01 5.358640e-25
4.651102e+01 5.352298e-25
4.661827e+01 5.345981e-25
4.672578e+01 5.339688e-25
4.683353e+01 5.333420e-25
4.694152e+01 5.327177e-25
4.704977e+01 5.320958e-25
4.715827e+01 5.314763e-25
4.726702e+01 5.308592e-25
4.737601e+01 5.302445e-25
4.748526e+01 5.296321e-25
4.759476e+01 5.290222e-25
4.770452e+01 5.284145e-25
4.781453e+01 5.278092e-25
4.792479e+01 5.272062e-25
4.803530e+01 5.266056e-25
4.814607e+01 5.260072e-25
4.825710e+01 5.254111e-25
4.836838e+01 5.248172e-25
4.847992e+01 5.242256e-25
4.859171e+01 5.236362e-25
4.870376e+01 5.230491e-25
4.881607e+01 5.224642e-25
4.892864e+01 5.218814e-25
4.904147e+01 5.213009e-25
4.915456e+01 5.207225e-25
4.926792e+01 5.201463e-25
4.938153e+01 5.195722e-25
4.949540e+01 5.190002e-25
4.960954e+01 5.184304e-25
4.972394e+01 5.178627e-25
4.983860e+01 5.172970e-25
4.995353e+01 5.167335e-25
5.006872e+01 5.161720e-25
5.018418e+01 5.156126e-25
5.029991e+01 5.150552e-25
5.041590e+01 5.144999e-25
5.053216e+01 5.139465e-25
5.064869e+01 5.133952e-25
5.076548e+01 5.128459e-25
5.088255e+01 5.122985e-25
5.099988e+01 5.117531e-25
5.111749e+01 5.112097e-25
5.123537e+01 5.106683e-25
5.135352e+01 5.101287e-25
5.147194e+01 5.095911e-25
5.159063e+01 5.090554e-25
5.170960e+01 5.085216e-25
5.182884e+01 5.079897e-25
5.194836e+01 5.074597e-25
5.206816e+01 5.069315e-25
5.218822e+01 5.064052e-25
5.230857e+01 5.058807e-25
5.242920e+01 5.053581e-25
5.255010e+01 5.048373e-25
5.267128e+01 5.043183e-25
5.279274e+01 5.038011e-25
5.291448e+01 5.032857e-25
5.303650e+01 5.027720e-25
5.315880e+01 5.022602e-25
5.328139e+01 5.017501e-25
5.340425e+01 5.012417e-25
5.352741e+01 5.007351e-25
5.365084e+01 5.002302e-25
5.377456e+01 4.997270e-25
5.389856e+01 4.992255e-25
5.402285e+01 4.987258e-25
5.414743e+01 4.982277e-25
5.427230e+01 4.977312e-25
5.439745e+01 4.972365e-25
5.452289e+01 4.967434e-25
5.464862e+01 4.962519e-25
5.477464e+01 4.957621e-25
5.490095e+01 4.952739e-25
5.502755e+01 4.947873e-25
5.515445e+01 4.943024e-25
5.528163e+01 4.938190e-25
5.540911e+01 4.933372e-25
5.553689e+01 4.928570e-25
5.566495e+01 4.923784e-25
5.579332e+01 4.919013e-25
5.592198e+01 4.914257e-25
5.605093e+01 4.909518e-25
5.618019e+01 4.904793e-25
5.630974e+01 4.900083e-25
5.643959e+01 4.895387e-25
5.656974e+01 4.890712e-25
5.670019e+01 4.886047e-25
5.683094e+01 4.881398e-25
5.696200e+01 4.876764e-25
5.709335e+01 4.872145e-25
5.722501e+01 4.867542e-25
5.735697e+01 4.862955e-25
5.748923e+01 4.858392e-25
5.762181e+01 4.853909e-25
5.775468e+01 4.850732e-25
5.788786e+01 4.844778e-25
5.802135e+01 4.840222e-25
5.815515e+01 4.835708e-25
5.828926e+01 4.831214e-25
5.842367e+01 4.826735e-25
5.855840e+01 4.822271e-25
5.869344e+01 4.817820e-25
5.882878e+01 4.813384e-25
5.896444e+01 4.808961e-25
5.910041e+01 4.804551e-25
5.923670e+01 4.800155e-25
5.937330e+01 4.795773e-25
5.951022e+01 4.791403e-25
5.964745e+01 4.787047e-25
5.978500e+01 4.782704e-25
5.992286e+01 4.778374e-25
6.006104e+01 4.774057e-25
6.019954e+01 4.769753e-25
6.033836e+01 4.765462e-25
6.047750e+01 4.761183e-25
6.061697e+01 4.756917e-25
6.075675e+01 4.752664e-25
6.089686e+01 4.748423e-25
6.103728e+01 4.744194e-25
6.117804e+01 4.739978e-25
6.131911e+01 4.735775e-25
6.146052e+01 4.731583e-25
6.160224e+01 4.727404e-25
6.174430e+01 4.723237e-25
6.188668e+01 4.719082e-25
6.202939e+01 4.714939e-25
6.217243e+01 4.710808e-25
6.231580e+01 4.706689e-25
6.245950e+01 4.702581e-25
6.260354e+01 4.698485e-25
6.274790e+01 4.694401e-25
6.289260e+01 4.690329e-25
6.303763e+01 4.686268e-25
6.318299e+01 4.682218e-25
6.332869e+01 4.678180e-25
6.347473e+01 4.674153e-25
6.362110e+01 4.670138e-25
6.376781e+01 4.666134e-25
6.391486e+01 4.662141e-25
6.406225e+01 4.658159e-25
6.420998e+01 4.654188e-25
6.435805e+01 4.650228e-25
6.450646e+01 4.646280e-25
6.465521e+01 4.642342e-25
6.480431e+01 4.638414e-25
6.495375e+01 4.634498e-25
6.510353e+01 4.630592e-25
6.525366e+01 4.626697e-25
6.540413e+01 4.622813e-25
6.555496e+01 4.618939e-25
6.570613e+01 4.615076e-25
6.585765e+01 4.611223e-25
6.600951e+01 4.607380e-25
6.616173e+01 4.603548e-25
6.631430e+01 4.599726e-25
6.646722e+01 4.595915e-25
6.662050e+01 4.592113e-25
6.677412e+01 4.588322e-25
6.692811e+01 4.584541e-25
6.708244e+01 4.580769e-25
6.723714e+01 4.577008e-25
6.739218e+01 4.573257e-25
6.754759e+01 4.569515e-25
6.770336e+01 4.565784e-25
6.785948e+01 4.562062e-25
6.801597e+01 4.558350e-25
6.817281e+01 4.554648e-25
6.833002e+01 4.550955e-25
6.848759e+01 4.547272e-25
6.864552e+01 4.543598e-25
6.880382e+01 4.539934e-25
6.896248e+01 4.536280e-25
6.912151e+01 4.532634e-25
6.928090e+01 4.528999e-25
6.944067e+01 4.525372e-25
6.960080e+01 4.521755e-25
6.976130e+01 4.518147e-25
6.992217e+01 4.514548e-25
7.008341e+01 4.510958e-25
7.024502e+01 4.507378e-25
7.040701e+01 4.503806e-25
7.056936e+01 4.500244e-25
7.073210e+01 4.496690e-25
7.089521e+01 4.493146e-25
7.105869e+01 4.489610e-25
7.122255e+01 4.486084e-25
7.138679e+01 4.482566e-25
7.155141e+01 4.479056e-25
7.171641e+01 4.475556e-25
7.188179e+01 4.472064e-25
7.204755e+01 4.468581e-25
7.221369e+01 4.465107e-25
7.238022e+01 4.461641e-25
7.254713e+01 4.458184e-25
7.271442e+01 4.454735e-25
7.288210e+01 4.451294e-25
7.305017e+01 4.447863e-25
7.321862e+01 4.444439e-25
7.338746e+01 4.441024e-25
7.355669e+01 4.437617e-25
7.372632e+01 4.434219e-25
7.389633e+01 4.430828e-25
7.406674e+01 4.427446e-25
7.423753e+01 4.424072e-25
7.440873e+01 4.420707e-25
7.458031e+01 4.417349e-25
7.475230e+01 4.413999e-25
7.492468e+01 4.410658e-25
7.509745e+01 4.407324e-25
7.527063e+01 4.403999e-25
7.544420e+01 4.400681e-25
7.561818e+01 4.397372e-25
7.579255e+01 4.394070e-25
7.596733e+01 4.390776e-25
7.614251e+01 4.387490e-25
7.631810e+01 4.384211e-25
7.649409e+01 4.380941e-25
7.667048e+01 4.377678e-25
7.684729e+01 4.374423e-25
7.702450e+01 4.371175e-25
7.720212e+01 4.367935e-25
7.738015e+01 4.364703e-25
7.755858e+01 4.361478e-25
7.773744e+01 4.358261e-25
7.791670e+01 4.355051e-25
7.809638e+01 4.351849e-25
7.827647e+01 4.348654e-25
7.845697e+01 4.345467e-25
7.863789e+01 4.342287e-25
7.881923e+01 4.339115e-25
7.900099e+01 4.335949e-25
7.918317e+01 4.332791e-25
7.936577e+01 4.329641e-25
7.954878e+01 4.326497e-25
7.973222e+01 4.323361e-25
7.991609e+01 4.320232e-25
8.010037e+01 4.317110e-25
8.028509e+01 4.313996e-25
8.047022e+01 4.310888e-25
8.065579e+01 4.307788e-25
8.084178e+01 4.304694e-25
8.102820e+01 4.301608e-25
8.121506e+01 4.298529e-25
8.140234e+01 4.295457e-25
8.159005e+01 4.292391e-25
8.177820e+01 4.289333e-25
8.196678e+01 4.286281e-25
8.215580e+01 4.283237e-25
8.234525e+01 4.280199e-25
8.253514e+01 4.277168e-25
8.272546e+01 4.274144e-25
8.291623e+01 4.271127e-25
8.310744e+01 4.268116e-25
8.329908e+01 4.265113e-25
8.349117e+01 4.262116e-25
8.368370e+01 4.259126e-25
8.387668e+01 4.256142e-25
8.407010e+01 4.253165e-25
8.426396e+01 4.250195e-25
8.445828e+01 4.247231e-25
8.465304e+01 4.244274e-25
8.484825e+01 4.241324e-25
8.504391e+01 4.238380e-25
8.524002e+01 4.235442e-25
8.543659e+01 4.232511e-25
8.563360e+01 4.229587e-25
8.583107e+01 4.226669e-25
8.602900e+01 4.223758e-25
8.622738e+01 4.220852e-25
8.642623e+01 4.217954e-25
8.662553e+01 4.215062e-25
8.682528e+01 4.212176e-25
8.702550e+01 4.209296e-25
8.722619e+01 4.206423e-25
8.742733e+01 4.203556e-25
8.762894e+01 4.200696e-25
8.783101e+01 4.197841e-25
8.803355e+01 4.194993e-25
8.823656e+01 4.192151e-25
8.844003e+01 4.189316e-25
8.864397e+01 4.186486e-25
8.884839e+01 4.183663e-25
8.905327e+01 4.180846e-25
8.925863e+01 4.178035e-25
8.946446e+01 4.175230e-25
8.967077e+01 4.172432e-25
8.987755e+01 4.169639e-25
9.008481e+01 4.166853e-25
9.029254e+01 4.164072e-25
9.050076e+01 4.161298e-25
9.070945e+01 4.158529e-25
9.091863e+01 4.155767e-25
9.112829e+01 4.153011e-25
9.133843e+01 4.150260e-25
9.154906e+01 4.147516e-25
9.176017e+01 4.144777e-25
9.197177e+01 4.142045e-25
9.218386e+01 4.139318e-25
9.239644e+01 4.136597e-25
9.260950e+01 4.133882e-25
9.282306e+01 4.131173e-25
9.303711e+01 4.128470e-25
9.325166e+01 4.125773e-25
9.346669e+01 4.123081e-25
9.368223e+01 4.120396e-25
9.389826e+01 4.117716e-25
9.411479e+01 4.115042e-25
9.433182e+01 4.112373e-25
9.454935e+01 4.109711e-25
9.476738e+01 4.107054e-25
9.498592e+01 4.104403e-25
9.520496e+01 4.101757e-25
9.542450e+01 4.099117e-25
9.564455e+01 4.096483e-25
9.586511e+01 4.093855e-25
9.608617e+01 4.091232e-25
9.630775e+01 4.088615e-25
9.652983e+01 4.086003e-25
9.675243e+01 4.083397e-25
9.697554e+01 4.080797e-25
9.719917e+01 4.078202e-25
9.742331e+01 4.075613e-25
9.764797e+01 4.073029e-25
9.787315e+01 4.070451e-25
9.809884e+01 4.067879e-25
9.832506e+01 4.065312e-25
9.855180e+01 4.062750e-25
9.877906e+01 4.060194e-25
9.900685e+01 4.057644e-25
9.923516e+01 4.055099e-25
9.946399e+01 4.052559e-25
9.969336e+01 4.050025e-25
9.992325e+01 4.047496e-25
1.001537e+02 4.044973e-25
1.003846e+02 4.042455e-25
1.006161e+02 4.039943e-25
1.008481e+02 4.037436e-25
1.010807e+02 4.034934e-25
1.013138e+02 4.032438e-25
1.015474e+02 4.029947e-25
1.017816e+02 4.027461e-25
1.020163e+02 4.024981e-25
1.022515e+02 4.022506e-25
1.024873e+02 4.020036e-25
1.027237e+02 4.017572e-25
1.029606e+02 4.015113e-25
1.031980e+02 4.012660e-25
1.034360e+02 4.010211e-25
1.036745e+02 4.007768e-25
1.039136e+02 4.005330e-25
1.041532e+02 4.002898e-25
1.043934e+02 4.000470e-25
1.046341e+02 3.998048e-25
1.048754e+02 3.995631e-25
1.051172e+02 3.993219e-25
1.053596e+02 3.990813e-25
1.056026e+02 3.988412e-25
1.058461e+02 3.986015e-25
1.060902e+02 3.983624e-25
1.063348e+02 3.981239e-25
1.065800e+02 3.978858e-25
1.068258e+02 3.976483e-25
1.070722e+02 3.974112e-25
1.073191e+02 3.971747e-25
1.075665e+02 3.969387e-25
1.078146e+02 3.967032e-25
1.080632e+02 3.964682e-25
1.083124e+02 3.962337e-25
1.085622e+02 3.959998e-25
1.088125e+02 3.957663e-25
1.090634e+02 3.955334e-25
1.093149e+02 3.953009e-25
1.095670e+02 3.950690e-25
1.098197e+02 3.948376e-25
1.100729e+02 3.946066e-25
1.103268e+02 3.943762e-25
1.105812e+02 3.941463e-25
1.108362e+02 3.939169e-25
1.110918e+02 3.936880e-25
1.113480e+02 3.934596e-25
1.116047e+02 3.932317e-25
1.118621e+02 3.930042e-25
1.121200e+02 3.927773e-25
1.123786e+02 3.925509e-25
1.126377e+02 3.923250e-25
1.128975e+02 3.920996e-25
1.131578e+02 3.918747e-25
1.134188e+02 3.916502e-25
1.136803e+02 3.914263e-25
1.139425e+02 3.912029e-25
1.142052e+02 3.909799e-25
1.144686e+02 3.907575e-25
1.147325e+02 3.905355e-25
1.149971e+02 3.903140e-25
1.152623e+02 3.900931e-25
1.155281e+02 3.898726e-25
1.157945e+02 3.896526e-25
1.160615e+02 3.894331e-25
1.163292e+02 3.892141e-25
1.165974e+02 3.889955e-25
1.168663e+02 3.887775e-25
1.171358e+02 3.885599e-25
1.174059e+02 3.883429e-25
1.176766e+02 3.881263e-25
1.179480e+02 3.879102e-25
1.182200e+02 3.876946e-25
1.184926e+02 3.874795e-25
1.187658e+02 3.872649e-25
1.190397e+02 3.870507e-25
1.193142e+02 3.868370e-25
1.195894e+02 3.866238e-25
1.198651e+02 3.864111e-25
1.201416e+02 3.861989e-25
1.204186e+02 3.859872e-25
1.206963e+02 3.857759e-25
1.209746e+02 3.855651e-25
1.212536e+02 3.853548e-25
1.215332e+02 3.851450e-25
1.218134e+02 3.849357e-25
1.220943e+02 3.847268e-25
1.223759e+02 3.845185e-25
1.226581e+02 3.843106e-25
1.229410e+02 3.841031e-25
1.232245e+02 3.838962e-25
1.235086e+02 3.836897e-25
1.237934e+02 3.834837e-25
1.240789e+02 3.832782e-25
1.243650e+02 3.830732e-25
1.246518e+02 3.828686e-25
1.249393e+02 3.826645e-25
1.252274e+02 3.824609e-25
1.255161e+02 3.822578e-25
1.258056e+02 3.820551e-25
1.260957e+02 3.818529e-25
1.263865e+02 3.816512e-25
1.266779e+02 3.814499e-25
1.269700e+02 3.812492e-25
1.272628e+02 3.810489e-25
1.275563e+02 3.808490e-25
1.278504e+02 3.806497e-25
1.281453e+02 3.804508e-25
1.284408e+02 3.802524e-25
1.287370e+02 3.800545e-25
1.290338e+02 3.798570e-25
1.293314e+02 3.796600e-25
1.296296e+02 3.794635e-25
1.299285e+02 3.792674e-25
1.302282e+02 3.790718e-25
1.305285e+02 3.788767e-25
1.308295e+02 3.786821e-25
1.311312e+02 3.784879e-25
1.314335e+02 3.782942e-25
1.317366e+02 3.781009e-25
1.320404e+02 3.779082e-25
1.323449e+02 3.777159e-25
1.326501e+02 3.775240e-25
1.329560e+02 3.773327e-25
1.332626e+02 3.771418e-25
1.335699e+02 3.769513e-25
1.338779e+02 3.767614e-25
1.341866e+02 3.765719e-25
1.344961e+02 3.763829e-25
1.348062e+02 3.761943e-25
1.351171e+02 3.760062e-25
1.354287e+02 3.758186e-25
1.357410e+02 3.756314e-25
1.360540e+02 3.754448e-25
1.363677e+02 3.752585e-25
1.366822e+02 3.750728e-25
1.369974e+02 3.748875e-25
1.373133e+02 3.747027e-25
1.376299e+02 3.745183e-25
1.379473e+02 3.743344e-25
1.382654e+02 3.741510e-25
1.385843e+02 3.739680e-25
1.389038e+02 3.737856e-25
1.392241e+02 3.736035e-25
1.395452e+02 3.734220e-25
1.398670e+02 3.732409e-25
1.401895e+02 3.730603e-25
1.405128e+02 3.728801e-25
1.408368e+02 3.727004e-25
1.411616e+02 3.725212e-25
1.414871e+02 3.723424e-25
1.418134e+02 3.721641e-25
1.421404e+02 3.719863e-25
1.424682e+02 3.718089e-25
1.427967e+02 3.716320e-25
1.431260e+02 3.714556e-25
1.434561e+02 3.712796e-25
1.437869e+02 3.711041e-25
1.441184e+02 3.709291e-25
1.444508e+02 3.707545e-25
1.447839e+02 3.705804e-25
1.451178e+02 3.704067e-25
1.454524e+02 3.702336e-25
1.457878e+02 3.700609e-25
1.461240e+02 3.698886e-25
1.464610e+02 3.697168e-25
1.467987e+02 3.695455e-25
1.471372e+02 3.693747e-25
1.474765e+02 3.692043e-25
1.478166e+02 3.690344e-25
1.481575e+02 3.688649e-25
1.484991e+02 3.686960e-25
1.488416e+02 3.685274e-25
1.491848e+02 3.683594e-25
1.495288e+02 3.681918e-25
1.498736e+02 3.680247e-25
1.502192e+02 3.678581e-25
1.505657e+02 3.676919e-25
1.509129e+02 3.675262e-25
1.512609e+02 3.673609e-25
1.516097e+02 3.671962e-25
1.519593e+02 3.670319e-25
1.523097e+02 3.668680e-25
1.526609e+02 3.667046e-25
1.530130e+02 3.665417e-25
1.533658e+02 3.663793e-25
1.537195e+02 3.662173e-25
1.540740e+02 3.660558e-25
1.544293e+02 3.658948e-25
1.547854e+02 3.657343e-25
1.551423e+02 3.655742e-25
1.555001e+02 3.654146e-25
1.558587e+02 3.652554e-25
1.562181e+02 3.650967e-25
1.565783e+02 3.649385e-25
1.569394e+02 3.647808e-25
1.573013e+02 3.646235e-25
1.576640e+02 3.644667e-25
1.580276e+02 3.643104e-25
1.583920e+02 3.641545e-25
1.587573e+02 3.639991e-25
1.591233e+02 3.638442e-25
1.594903e+02 3.636898e-25
1.598581e+02 3.635358e-25
1.602267e+02 3.633823e-25
1.605962e+02 3.632293e-25
1.609665e+02 3.630768e-25
1.613377e+02 3.629247e-25
1.617098e+02 3.627731e-25
1.620827e+02 3.626220e-25
1.624564e+02 3.624713e-25
1.628311e+02 3.623211e-25
1.632065e+02 3.621714e-25
1.635829e+02 3.620222e-25
1.639601e+02 3.618735e-25
1.643382e+02 3.617252e-25
1.647172e+02 3.615774e-25
1.650970e+02 3.614301e-25
1.654777e+02 3.612832e-25
1.658593e+02 3.611368e-25
1.662418e+02 3.609910e-25
1.666252e+02 3.608456e-25
1.670094e+02 3.607006e-25
1.673945e+02 3.605562e-25
1.677805e+02 3.604122e-25
1.681674e+02 3.602687e-25
1.685552e+02 3.601257e-25
1.689439e+02 3.599832e-25
1.693335e+02 3.598411e-25
1.697240e+02 3.596995e-25
1.701154e+02 3.595584e-25
1.705077e+02 3.594178e-25
1.709009e+02 3.592777e-25
1.712950e+02 3.591381e-25
1.716900e+02 3.589989e-25
1.720859e+02 3.588602e-25
1.724827e+02 3.587220e-25
1.728805e+02 3.585843e-25
1.732791e+02 3.584471e-25
1.736787e+02 3.583104e-25
1.740792e+02 3.581741e-25
1.744806e+02 3.580384e-25
1.748830e+02 3.579031e-25
1.752863e+02 3.577683e-25
1.756905e+02 3.576340e-25
1.760956e+02 3.575002e-25
1.765017e+02 3.573669e-25
1.769087e+02 3.572341e-25
1.773167e+02 3.571017e-25
1.777256e+02 3.569699e-25
1.781354e+02 3.568385e-25
1.785462e+02 3.567077e-25
1.789579e+02 3.565773e-25
1.793706e+02 3.564474e-25
1.797842e+02 3.563180e-25
1.801988e+02 3.561891e-25
1.806143e+02 3.560607e-25
1.810308e+02 3.559328e-25
1.814483e+02 3.558054e-25
1.818667e+02 3.556785e-25
1.822861e+02 3.555521e-25
1.827065e+02 3.554262e-25
1.831278e+02 3.553007e-25
1.835501e+02 3.551758e-25
1.839734e+02 3.550514e-25
1.843976e+02 3.549275e-25
1.848228e+02 3.548041e-25
1.852490e+02 3.546811e-25
1.856762e+02 3.545587e-25
1.861044e+02 3.544368e-25
1.865335e+02 3.543154e-25
1.869637e+02 3.541945e-25
1.873948e+02 3.540741e-25
1.878270e+02 3.539542e-25
1.882601e+02 3.538348e-25
1.886942e+02 3.537159e-25
1.891293e+02 3.535975e-25
1.895655e+02 3.534796e-25
1.900026e+02 3.533623e-25
1.904408e+02 3.532454e-25
1.908799e+02 3.531291e-25
1.913201e+02 3.530132e-25
1.917613e+02 3.528979e-25
1.922035e+02 3.527831e-25
1.926467e+02 3.526688e-25
1.930910e+02 3.525550e-25
1.935362e+02 3.524417e-25
1.939825e+02 3.523290e-25
1.944298e+02 3.522167e-25
1.948782e+02 3.521050e-25
1.953276e+02 3.519938e-25
1.957780e+02 3.518831e-25
1.962295e+02 3.517729e-25
1.966820e+02 3.516633e-25
1.971355e+02 3.515541e-25
1.975901e+02 3.514455e-25
1.980458e+02 3.513374e-25
1.985025e+02 3.512299e-25
1.989602e+02 3.511228e-25
1.994190e+02 3.510163e-25
1.998789e+02 3.509103e-25
2.003398e+02 3.508048e-25
2.008018e+02 3.506999e-25
2.012648e+02 3.505955e-25
2.017290e+02 3.504916e-25
2.021942e+02 3.503882e-25
2.026604e+02 3.502854e-25
2.031277e+02 3.501831e-25
2.035962e+02 3.500813e-25
2.040657e+02 3.499801e-25
2.045362e+02 3.498794e-25
2.050079e+02 3.497792e-25
2.054806e+02 3.496796e-25
2.059545e+02 3.495805e-25
2.064294e+02 3.494820e-25
2.069054e+02 3.493839e-25
2.073826e+02 3.492865e-25
2.078608e+02 3.491895e-25
2.083401e+02 3.490931e-25
2.088206e+02 3.489973e-25
2.093021e+02 3.489019e-25
2.097848e+02 3.488072e-25
2.102685e+02 3.487129e-25
2.107534e+02 3.486193e-25
2.112394e+02 3.485261e-25
2.117265e+02 3.484335e-25
2.122148e+02 3.483415e-25
2.127041e+02 3.482500e-25
2.131946e+02 3.481591e-25
2.136863e+02 3.480687e-25
2.141790e+02 3.479788e-25
2.146729e+02 3.478896e-25
2.151680e+02 3.478008e-25
2.156641e+02 3.477127e-25
2.161615e+02 3.476250e-25
2.166599e+02 3.475380e-25
2.171595e+02 3.474515e-25
2.176603e+02 3.473655e-25
2.181622e+02 3.472802e-25
2.186653e+02 3.471953e-25
2.191696e+02 3.471111e-25
2.196750e+02 3.470274e-25
2.201816e+02 3.469443e-25
2.206893e+02 3.468617e-25
2.211982e+02 3.467797e-25
2.217083e+02 3.466983e-25
2.222195e+02 3.466174e-25
2.227320e+02 3.465371e-25
2.232456e+02 3.464574e-25
2.237604e+02 3.463783e-25
2.242764e+02 3.462997e-25
2.247936e+02 3.462217e-25
2.253120e+02 3.461443e-25
2.258315e+02 3.460675e-25
2.263523e+02 3.459912e-25
2.268743e+02 3.459155e-25
2.273975e+02 3.458404e-25
2.279218e+02 3.457659e-25
2.284474e+02 3.456920e-25
2.289742e+02 3.456186e-25
2.295022e+02 3.455458e-25
2.300315e+02 3.454737e-25
2.305619e+02 3.454021e-25
2.310936e+02 3.453311e-25
2.316265e+02 3.452606e-25
2.321606e+02 3.451908e-25
2.326960e+02 3.451216e-25
2.332326e+02 3.450530e-25
2.337704e+02 3.449849e-25
2.343095e+02 3.449175e-25
2.348498e+02 3.448506e-25
2.353914e+02 3.447844e-25
2.359342e+02 3.447187e-25
2.364783e+02 3.446537e-25
2.370236e+02 3.445893e-25
2.375702e+02 3.445254e-25
2.381180e+02 3.444622e-25
2.386671e+02 3.443996e-25
2.392175e+02 3.443376e-25
2.397691e+02 3.442761e-25
2.403220e+02 3.442153e-25
2.408762e+02 3.441552e-25
2.414317e+02 3.440956e-25
2.419884e+02 3.440366e-25
2.425465e+02 3.439783e-25
2.431058e+02 3.439206e-25
2.436664e+02 3.438635e-25
2.442283e+02 3.438070e-25
2.447915e+02 3.437511e-25
2.453560e+02 3.436959e-25
2.459217e+02 3.436413e-25
2.464888e+02 3.435873e-25
2.470572e+02 3.435340e-25
2.476270e+02 3.434812e-25
2.481980e+02 3.434291e-25
2.487703e+02 3.433777e-25
2.493440e+02 3.433268e-25
2.499190e+02 3.432766e-25
2.504953e+02 3.432271e-25
2.510730e+02 3.431781e-25
2.516519e+02 3.431299e-25
2.522322e+02 3.430822e-25
2.528139e+02 3.430352e-25
2.533969e+02 3.429888e-25
2.539812e+02 3.429431e-25
2.545669e+02 3.428981e-25
2.551539e+02 3.428536e-25
2.557423e+02 3.428099e-25
2.563321e+02 3.427668e-25
2.569232e+02 3.427243e-25
2.575156e+02 3.426825e-25
2.581095e+02 3.426413e-25
2.587047e+02 3.426008e-25
2.593012e+02 3.425610e-25
2.598992e+02 3.425218e-25
2.604985e+02 3.424833e-25
2.610992e+02 3.424454e-25
2.617013e+02 3.424083e-25
2.623048e+02 3.423717e-25
2.629097e+02 3.423359e-25
2.635160e+02 3.423007e-25
2.641236e+02 3.422662e-25
2.647327e+02 3.422324e-25
2.653432e+02 3.421992e-25
2.659551e+02 3.421667e-25
2.665684e+02 3.421349e-25
2.671831e+02 3.421038e-25
2.677992e+02 3.420733e-25
2.684167e+02 3.420436e-25
2.690357e+02 3.420145e-25
2.696561e+02 3.419861e-25
2.702779e+02 3.419584e-25
2.709012e+02 3.419314e-25
2.715259e+02 3.419051e-25
2.721520e+02 3.418794e-25
2.727796e+02 3.418545e-25
2.734087e+02 3.418303e-25
2.740391e+02 3.418068e-25
2.746711e+02 3.417839e-25
2.753045e+02 3.417618e-25
2.759393e+02 3.417404e-25
2.765756e+02 3.417196e-25
2.772134e+02 3.416996e-25
2.778527e+02 3.416803e-25
2.784934e+02 3.416617e-25
2.791356e+02 3.416439e-25
2.797793e+02 3.416267e-25
2.804245e+02 3.416103e-25
2.810712e+02 3.415945e-25
2.817193e+02 3.415795e-25
2.823690e+02 3.415652e-25
2.830201e+02 3.415517e-25
2.836727e+02 3.415388e-25
2.843269e+02 3.415267e-25
2.849826e+02 3.415154e-25
2.856397e+02 3.415047e-25
2.862984e+02 3.414948e-25
2.869586e+02 3.414856e-25
2.876203e+02 3.414772e-25
2.882836e+02 3.414695e-25
2.889484e+02 3.414625e-25
2.896147e+02 3.414563e-25
2.902826e+02 3.414509e-25
2.909520e+02 3.414461e-25
2.916229e+02 3.414422e-25
2.922954e+02 3.414389e-25
2.929694e+02 3.414365e-25
2.936450e+02 3.414348e-25
2.943221e+02 3.414338e-25
2.950009e+02 3.414336e-25
2.956811e+02 3.414342e-25
2.963630e+02 3.414355e-25
2.970464e+02 3.414376e-25
2.977314e+02 3.414405e-25
2.984179e+02 3.414441e-25
2.991061e+02 3.414485e-25
2.997958e+02 3.414537e-25
3.004872e+02 3.414596e-25
3.011801e+02 3.414664e-25
3.018746e+02 3.414739e-25
3.025708e+02 3.414821e-25
3.032685e+02 3.414912e-25
3.039678e+02 3.415011e-25
3.046688e+02 3.415117e-25
3.053713e+02 3.415232e-25
3.060755e+02 3.415354e-25
3.067813e+02 3.415484e-25
3.074888e+02 3.415622e-25
3.081979e+02 3.415768e-25
3.089086e+02 3.415923e-25
3.096209e+02 3.416085e-25
3.103349e+02 3.416255e-25
3.110505e+02 3.416434e-25
3.117678e+02 3.416620e-25
3.124868e+02 3.416815e-25
3.132073e+02 3.417017e-25
3.139296e+02 3.417228e-25
3.146535e+02 3.417447e-25
3.153791e+02 3.417674e-25
3.161064e+02 3.417910e-25
3.168353e+02 3.418154e-25
3.175660e+02 3.418406e-25
3.182983e+02 3.418666e-25
3.190323e+02 3.418935e-25
3.197680e+02 3.419212e-25
3.205053e+02 3.419497e-25
3.212444e+02 3.419791e-25
3.219852e+02 3.420093e-25
3.227277e+02 3.420403e-25
3.234719e+02 3.420722e-25
3.242179e+02 3.421050e-25
3.249655e+02 3.421386e-25
3.257149e+02 3.421731e-25
3.264660e+02 3.422084e-25
3.272188e+02 3.422445e-25
3.279734e+02 3.422816e-25
3.287297e+02 3.423195e-25
3.294878e+02 3.423582e-25
3.302476e+02 3.423978e-25
3.310091e+02 3.424383e-25
3.317724e+02 3.424797e-25
3.325375e+02 3.425219e-25
3.333043e+02 3.425651e-25
3.340729e+02 3.426091e-25
3.348433e+02 3.426539e-25
3.356155e+02 3.426997e-25
3.363894e+02 3.427464e-25
3.371651e+02 3.427939e-25
3.379426e+02 3.428424e-25
3.387219e+02 3.428917e-25
3.395030e+02 3.429419e-25
3.402859e+02 3.429930e-25
3.410706e+02 3.430451e-25
3.418571e+02 3.430980e-25
3.426454e+02 3.431519e-25
3.434356e+02 3.432066e-25
3.442275e+02 3.432623e-25
3.450213e+02 3.433189e-25
3.458170e+02 3.433764e-25
3.466144e+02 3.434348e-25
3.474137e+02 3.434941e-25
3.482148e+02 3.435544e-25
3.490178e+02 3.436156e-25
3.498227e+02 3.436778e-25
3.506294e+02 3.437408e-25
3.514379e+02 3.438048e-25
3.522483e+02 3.438698e-25
3.530606e+02 3.439357e-25
3.538748e+02 3.440025e-25
3.546908e+02 3.440703e-25
3.555087e+02 3.441390e-25
3.563285e+02 3.442087e-25
3.571502e+02 3.442794e-25
3.579738e+02 3.443510e-25
3.587993e+02 3.444236e-25
3.596267e+02 3.444971e-25
3.604560e+02 3.445716e-25
3.612872e+02 3.446471e-25
3.621204e+02 3.447236e-25
3.629554e+02 3.448010e-25
3.637924e+02 3.448794e-25
3.646313e+02 3.449588e-25
3.654721e+02 3.450392e-25
3.663149e+02 3.451206e-25
3.671597e+02 3.452030e-25
3.680063e+02 3.452864e-25
3.688550e+02 3.453707e-25
3.697055e+02 3.454561e-25
3.705581e+02 3.455425e-25
3.714126e+02 3.456299e-25
3.722691e+02 3.457183e-25
3.731275e+02 3.458078e-25
3.739880e+02 3.458982e-25
3.748504e+02 3.459897e-25
3.757148e+02 3.460822e-25
3.765812e+02 3.461758e-25
3.774496e+02 3.462704e-25
3.783200e+02 3.463660e-25
3.791924e+02 3.464627e-25
3.800668e+02 3.465604e-25
3.809433e+02 3.466592e-25
3.818217e+02 3.467591e-25
3.827022e+02 3.468600e-25
3.835847e+02 3.469620e-25
3.844693e+02 3.470651e-25
3.853558e+02 3.471692e-25
3.862445e+02 3.472745e-25
3.871352e+02 3.473808e-25
3.880279e+02 3.474883e-25
3.889227e+02 3.475968e-25
3.898196e+02 3.477065e-25
3.907185e+02 3.478173e-25
3.916195e+02 3.479293e-25
3.925226e+02 3.480424e-25
3.934277e+02 3.481566e-25
3.943350e+02 3.482720e-25
3.952443e+02 3.483886e-25
3.961557e+02 3.485064e-25
3.970693e+02 3.486254e-25
3.979849e+02 3.487457e-25
3.989027e+02 3.488672e-25
3.998226e+02 3.489899e-25
4.007445e+02 3.491140e-25
4.016687e+02 3.492393e-25
4.025949e+02 3.493661e-25
4.035233e+02 3.494942e-25
4.044538e+02 3.496238e-25
4.053865e+02 3.497548e-25
4.063213e+02 3.498875e-25
4.072583e+02 3.500217e-25
4.081975e+02 3.501577e-25
4.091388e+02 3.502954e-25
4.100822e+02 3.504351e-25
4.110279e+02 3.505769e-25
4.119757e+02 3.507211e-25
4.129257e+02 3.508677e-25
4.138780e+02 3.510172e-25
4.148324e+02 3.511700e-25
4.157890e+02 3.513266e-25
4.167478e+02 3.514878e-25
4.177088e+02 3.516544e-25
4.186720e+02 3.518278e-25
4.196375e+02 3.520100e-25
4.206052e+02 3.522038e-25
4.215751e+02 3.524133e-25
4.225473e+02 3.526452e-25
4.235217e+02 3.529102e-25
4.244983e+02 3.532272e-25
4.254772e+02 3.536311e-25
4.264584e+02 3.541931e-25
4.274418e+02 3.550777e-25
4.284275e+02 3.567397e-25
4.294154e+02 3.608551e-25
4.304056e+02 3.781774e-25
4.313982e+02 8.879973e-25
4.323930e+02 4.055564e-25
4.333901e+02 3.646227e-25
4.343895e+02 3.584699e-25
4.353912e+02 3.565857e-25
4.363952e+02 3.558432e-25
4.374015e+02 3.555306e-25
4.384102e+02 3.554155e-25
4.394212e+02 3.554038e-25
4.404345e+02 3.554517e-25
4.414501e+02 3.555365e-25
4.424681e+02 3.556455e-25
4.434884e+02 3.557713e-25
4.445111e+02 3.559091e-25
4.455362e+02 3.560560e-25
4.465636e+02 3.562098e-25
4.475934e+02 3.563691e-25
4.486255e+02 3.565330e-25
4.496600e+02 3.567007e-25
4.506970e+02 3.568717e-25
4.517363e+02 3.570456e-25
4.527780e+02 3.572221e-25
4.538221e+02 3.574009e-25
4.548686e+02 3.575819e-25
4.559175e+02 3.577648e-25
4.569689e+02 3.579497e-25
4.580227e+02 3.581364e-25
4.590789e+02 3.583248e-25
4.601375e+02 3.585149e-25
4.611986e+02 3.587066e-25
4.622621e+02 3.588999e-25
4.633281e+02 3.590947e-25
4.643965e+02 3.592910e-25
4.654674e+02 3.594888e-25
4.665408e+02 3.596882e-25
4.676166e+02 3.598889e-25
4.686950e+02 3.600911e-25
4.697758e+02 3.602948e-25
4.708591e+02 3.604999e-25
4.719449e+02 3.607064e-25
4.730332e+02 3.609143e-25
4.741240e+02 3.611236e-25
4.752174e+02 3.613343e-25
4.763132e+02 3.615465e-25
4.774116e+02 3.617600e-25
4.785125e+02 3.619749e-25
4.796160e+02 3.621913e-25
4.807220e+02 3.624090e-25
4.818305e+02 3.626281e-25
4.829416e+02 3.628487e-25
4.840553e+02 3.630706e-25
4.851715e+02 3.632939e-25
4.862903e+02 3.635187e-25
4.874117e+02 3.637448e-25
4.885357e+02 3.639723e-25
4.896623e+02 3.642013e-25
4.907914e+02 3.644317e-25
4.919232e+02 3.646635e-25
4.930576e+02 3.648967e-25
4.941946e+02 3.651313e-25
4.953342e+02 3.653676e-25
4.964764e+02 3.656037e-25
4.976213e+02 3.658433e-25
4.987688e+02 3.660836e-25
4.999190e+02 3.663254e-25
5.010718e+02 3.665686e-25
5.022273e+02 3.668132e-25
5.033854e+02 3.670592e-25
5.045462e+02 3.673067e-25
5.057097e+02 3.675557e-25
5.068759e+02 3.678060e-25
5.080447e+02 3.680579e-25
5.092163e+02 3.683112e-25
5.103906e+02 3.685659e-25
5.115675e+02 3.688221e-25
5.127472e+02 3.690798e-25
5.139296e+02 3.693389e-25
5.151147e+02 3.695996e-25
5.163026e+02 3.698617e-25
5.174932e+02 3.701252e-25
5.186865e+02 3.703903e-25
5.198826e+02 3.706569e-25
5.210815e+02 3.709249e-25
5.222831e+02 3.711944e-25
5.234875e+02 3.714655e-25
5.246946e+02 3.717380e-25
5.259046e+02 3.720121e-25
5.271173e+02 3.722876e-25
5.283329e+02 3.725647e-25
5.295512e+02 3.728433e-25
5.307724e+02 3.731234e-25
5.319963e+02 3.734050e-25
5.332231e+02 3.736882e-25
5.344527e+02 3.739729e-25
5.356852e+02 3.742592e-25
5.369205e+02 3.745469e-25
5.381586e+02 3.748363e-25
5.393996e+02 3.751271e-25
5.406435e+02 3.754196e-25
5.418902e+02 3.757135e-25
5.431398e+02 3.760091e-25
5.443923e+02 3.763062e-25
5.456477e+02 3.766049e-25
5.469059e+02 3.769051e-25
5.481671e+02 3.772069e-25
5.494312e+02 3.775103e-25
5.506982e+02 3.778153e-25
5.519681e+02 3.781219e-25
5.532409e+02 3.784301e-25
5.545167e+02 3.787398e-25
5.557954e+02 3.790512e-25
5.570771e+02 3.793642e-25
5.583617e+02 3.796787e-25
5.596493e+02 3.799949e-25
5.609399e+02 3.803127e-25
5.622334e+02 3.806321e-25
5.635299e+02 3.809532e-25
5.648294e+02 3.812759e-25
5.661319e+02 3.816002e-25
5.674374e+02 3.819261e-25
5.687459e+02 3.822537e-25
5.700575e+02 3.825829e-25
5.713720e+02 3.829138e-25
5.726896e+02 3.832463e-25
5.740102e+02 3.835805e-25
5.753339e+02 3.839163e-25
5.766606e+02 3.842539e-25
5.779904e+02 3.845930e-25
5.793233e+02 3.849339e-25
5.806592e+02 3.852764e-25
5.819982e+02 3.856206e-25
5.833403e+02 3.859665e-25
5.846855e+02 3.863141e-25
5.860338e+02 3.866634e-25
5.873852e+02 3.870144e-25
5.887397e+02 3.873670e-25
5.900973e+02 3.877214e-25
5.914581e+02 3.880775e-25
5.928220e+02 3.884353e-25
5.941890e+02 3.887948e-25
5.955593e+02 3.891561e-25
5.969326e+02 3.895191e-25
5.983091e+02 3.898838e-25
5.996889e+02 3.902502e-25
6.010717e+02 3.906184e-25
6.024578e+02 3.909884e-25
6.038471e+02 3.913600e-25
6.052396e+02 3.917335e-25
6.066353e+02 3.921087e-25
6.080342e+02 3.924856e-25
6.094363e+02 3.928643e-25
6.108417e+02 3.932448e-25
6.122503e+02 3.936271e-25
6.136621e+02 3.940111e-25
6.150772e+02 3.943969e-25
6.164956e+02 3.947845e-25
6.179172e+02 3.951739e-25
6.193422e+02 3.955651e-25
6.207704e+02 3.959581e-25
6.222019e+02 3.963529e-25
6.236367e+02 3.967495e-25
6.250748e+02 3.971480e-25
6.265162e+02 3.975482e-25
6.279610e+02 3.979503e-25
6.294090e+02 3.983541e-25
6.308605e+02 3.987599e-25
6.323152e+02 3.991674e-25
6.337734e+02 3.995768e-25
6.352348e+02 3.999880e-25
6.366997e+02 4.004011e-25
6.381679e+02 4.008161e-25
6.396396e+02 4.012329e-25
6.411146e+02 4.016515e-25
6.425930e+02 4.020720e-25
6.440748e+02 4.024944e-25
6.455600e+02 4.029187e-25
6.470487e+02 4.033449e-25
6.485408e+02 4.037729e-25
6.500364e+02 4.042028e-25
6.515353e+02 4.046346e-25
6.530378e+02 4.050683e-25
6.545437e+02 4.055039e-25
6.560531e+02 4.059415e-25
6.575659e+02 4.063809e-25
6.590823e+02 4.068222e-25
6.606021e+02 4.072655e-25
6.621255e+02 4.077107e-25
6.636524e+02 4.081578e-25
6.651828e+02 4.086068e-25
6.667167e+02 4.090578e-25
6.682541e+02 4.095108e-25
6.697951e+02 4.099656e-25
6.713397e+02 4.104225e-25
6.728878e+02 4.108813e-25
6.744395e+02 4.113420e-25
6.759947e+02 4.118047e-25
6.775536e+02 4.122694e-25
6.791160e+02 4.127361e-25
6.806821e+02 4.132047e-25
6.822517e+02 4.136753e-25
6.838250e+02 4.141479e-25
6.854019e+02 4.146225e-25
6.869825e+02 4.150991e-25
6.885666e+02 4.155777e-25
6.901545e+02 4.160583e-25
6.917460e+02 4.165410e-25
6.933412e+02 4.170256e-25
6.949400e+02 4.175123e-25
6.965425e+02 4.180009e-25
6.981488e+02 4.184917e-25
6.997587e+02 4.189844e-25
7.013724e+02 4.194792e-25
7.029897e+02 4.199760e-25
7.046108e+02 4.204749e-25
7.062357e+02 4.209759e-25
7.078643e+02 4.214789e-25
7.094966e+02 4.219839e-25
7.111327e+02 4.224911e-25
7.127726e+02 4.230003e-25
7.144162e+02 4.235115e-25
7.160637e+02 4.240249e-25
7.177149e+02 4.245404e-25
7.193700e+02 4.250579e-25
7.210289e+02 4.255775e-25
7.226916e+02 4.260993e-25
7.243581e+02 4.266231e-25
7.260285e+02 4.271491e-25
7.277027e+02 4.276772e-25
7.293808e+02 4.282074e-25
7.310627e+02 4.287397e-25
7.327486e+02 4.292742e-25
7.344383e+02 4.298108e-25
7.361319e+02 4.303495e-25
7.378294e+02 4.308904e-25
7.395309e+02 4.314335e-25
7.412363e+02 4.319786e-25
7.429455e+02 4.325260e-25
7.446588e+02 4.330755e-25
7.463760e+02 4.336272e-25
7.480971e+02 4.341811e-25
7.498222e+02 4.347371e-25
7.515513e+02 4.352954e-25
7.532844e+02 4.358558e-25
7.550215e+02 4.364184e-25
7.567626e+02 4.369832e-25
7.585077e+02 4.375503e-25
7.602568e+02 4.381195e-25
7.620100e+02 4.386910e-25
7.637672e+02 4.392647e-25
7.655284e+02 4.398406e-25
7.672937e+02 4.404187e-25
7.690631e+02 4.409991e-25
7.708366e+02 4.415817e-25
7.726141e+02 4.421666e-25
7.743958e+02 4.427537e-25
7.761816e+02 4.433431e-25
7.779714e+02 4.439348e-25
7.797654e+02 4.445287e-25
7.815636e+02 4.451249e-25
7.833659e+02 4.457234e-25
7.851723e+02 4.463241e-25
7.869829e+02 4.469272e-25
7.887977e+02 4.475326e-25
7.906167e+02 4.481402e-25
7.924399e+02 4.487502e-25
7.942672e+02 4.493625e-25
7.960988e+02 4.499771e-25
7.979346e+02 4.505941e-25
7.997747e+02 4.512134e-25
8.016190e+02 4.518351e-25
8.034675e+02 4.524591e-25
8.053203e+02 4.530854e-25
8.071774e+02 4.537142e-25
8.090387e+02 4.543453e-25
8.109044e+02 4.549789e-25
8.127744e+02 4.556148e-25
8.146486e+02 4.562532e-25
8.165272e+02 4.568941e-25
8.184101e+02 4.575374e-25
8.202974e+02 4.581832e-25
8.221890e+02 4.588316e-25
8.240850e+02 4.594827e-25
8.259853e+02 4.601364e-25
8.278900e+02 4.607929e-25
8.297992e+02 4.614523e-25
8.317127e+02 4.621149e-25
8.336306e+02 4.627811e-25
8.355530e+02 4.634515e-25
8.374798e+02 4.641272e-25
8.394110e+02 4.648104e-25
8.413467e+02 4.655056e-25
8.432868e+02 4.662245e-25
8.452315e+02 4.670033e-25
8.471806e+02 4.680089e-25
8.491342e+02 4.712068e-25
8.510923e+02 4.891871e-25
8.530549e+02 4.704676e-25
8.550221e+02 4.704949e-25
8.569938e+02 4.710304e-25
8.589700e+02 4.716646e-25
8.609508e+02 4.723321e-25
8.629361e+02 4.730148e-25
8.649261e+02 4.737062e-25
8.669206e+02 4.744036e-25
8.689197e+02 4.751054e-25
8.709235e+02 4.758111e-25
8.729318e+02 4.765201e-25
8.749448e+02 4.772321e-25
8.769624e+02 4.779472e-25
8.789847e+02 4.786650e-25
8.810117e+02 4.793856e-25
8.830433e+02 4.801090e-25
8.850796e+02 4.808350e-25
8.871206e+02 4.815637e-25
8.891663e+02 4.822950e-25
8.912167e+02 4.830290e-25
8.932719e+02 4.837657e-25
8.953318e+02 4.845049e-25
8.973964e+02 4.852468e-25
8.994658e+02 4.859913e-25
9.015400e+02 4.867385e-25
9.036189e+02 4.874883e-25
9.057027e+02 4.882407e-25
9.077913e+02 4.889958e-25
9.098846e+02 4.897535e-25
9.119828e+02 4.905139e-25
9.140859e+02 4.912769e-25
9.161938e+02 4.920425e-25
9.183065e+02 4.928109e-25
9.204241e+02 4.935819e-25
9.225466e+02 4.943556e-25
9.246740e+02 4.951319e-25
9.268063e+02 4.959110e-25
9.289436e+02 4.966927e-25
9.310857e+02 4.974771e-25
9.332328e+02 4.982643e-25
9.353848e+02 4.990541e-25
9.375419e+02 4.998467e-25
9.397038e+02 5.006419e-25
9.418708e+02 5.014399e-25
9.440428e+02 5.022406e-25
9.462197e+02 5.030441e-25
9.484017e+02 5.038503e-25
9.505887e+02 5.046593e-25
9.527808e+02 5.054710e-25
9.549779e+02 5.062854e-25
9.571801e+02 5.071026e-25
9.593874e+02 5.079227e-25
9.615997e+02 5.087454e-25
9.638172e+02 5.095710e-25
9.660398e+02 5.103994e-25
9.682674e+02 5.112305e-25
9.705003e+02 5.120645e-25
9.727383e+02 5.129012e-25
9.749814e+02 5.137408e-25
9.772297e+02 5.145832e-25
9.794832e+02 5.154285e-25
9.817419e+02 5.162765e-25
9.840058e+02 5.171275e-25
9.862749e+02 5.179812e-25
9.885493e+02 5.188378e-25
9.908289e+02 5.196973e-25
9.931138e+02 5.205596e-25
9.954039e+02 5.214249e-25
9.976993e+02 5.222930e-25