1.000000e+00 2.971042e-17
1.002306e+00 3.088966e-17
1.004617e+00 3.214969e-17
1.006934e+00 3.349564e-17
1.009256e+00 3.493302e-17
1.011583e+00 3.656778e-17
1.013916e+00 3.831234e-17
1.016254e+00 4.013181e-17
1.018598e+00 4.198369e-17
1.020947e+00 4.376556e-17
1.023301e+00 4.576564e-17
1.025661e+00 4.788872e-17
1.028026e+00 5.002016e-17
1.030396e+00 5.152581e-17
1.032773e+00 5.224321e-17
1.035154e+00 5.233010e-17
1.037541e+00 5.197341e-17
1.039934e+00 5.128365e-17
1.042332e+00 5.044391e-17
1.044735e+00 4.947313e-17
1.047145e+00 4.839037e-17
1.049559e+00 4.635984e-17
1.051980e+00 4.388226e-17
1.054406e+00 4.119824e-17
1.056837e+00 3.851143e-17
1.059274e+00 3.617698e-17
1.061717e+00 3.401318e-17
1.064165e+00 3.197407e-17
1.066619e+00 3.002258e-17
1.069079e+00 2.820764e-17
1.071544e+00 2.655505e-17
1.074015e+00 2.504513e-17
1.076492e+00 2.366080e-17
1.078974e+00 2.238800e-17
1.081462e+00 2.120945e-17
1.083956e+00 2.011913e-17
1.086456e+00 1.911142e-17
1.088961e+00 1.819030e-17
1.091472e+00 1.733341e-17
1.093989e+00 1.653534e-17
1.096512e+00 1.579119e-17
1.099040e+00 1.510385e-17
1.101575e+00 1.446070e-17
1.104115e+00 1.385827e-17
1.106661e+00 1.329338e-17
1.109213e+00 1.276799e-17
1.111771e+00 1.227297e-17
1.114335e+00 1.180617e-17
1.116904e+00 1.136559e-17
1.119480e+00 1.095353e-17
1.122062e+00 1.056351e-17
1.124649e+00 1.019392e-17
1.127242e+00 9.843271e-18
1.129842e+00 9.512923e-18
1.132447e+00 9.199004e-18
1.135059e+00 8.900425e-18
1.137676e+00 8.616180e-18
1.140300e+00 8.347177e-18
1.142929e+00 8.090439e-18
1.145565e+00 7.845556e-18
1.148207e+00 7.612480e-18
1.150854e+00 7.394021e-18
1.153508e+00 7.203677e-18
1.156168e+00 3.034270e-17
1.158834e+00 6.806310e-18
1.161507e+00 6.593229e-18
1.164185e+00 6.408885e-18
1.166870e+00 6.234644e-18
1.169560e+00 6.067924e-18
1.172257e+00 5.908696e-18
1.174961e+00 5.755590e-18
1.177670e+00 5.608233e-18
1.180386e+00 5.466307e-18
1.183108e+00 5.330201e-18
1.185836e+00 5.198851e-18
1.188571e+00 5.072076e-18
1.191312e+00 4.949704e-18
1.194059e+00 4.832110e-18
1.196812e+00 4.718428e-18
1.199572e+00 4.608481e-18
1.202338e+00 4.502101e-18
1.205111e+00 4.399669e-18
1.207890e+00 4.300502e-18
1.210675e+00 4.204458e-18
1.213467e+00 4.111403e-18
1.216265e+00 4.021580e-18
1.219070e+00 3.934489e-18
1.221881e+00 3.850025e-18
1.224699e+00 3.768087e-18
1.227523e+00 3.688894e-18
1.230354e+00 3.611989e-18
1.233191e+00 3.537296e-18
1.236035e+00 3.464743e-18
1.238885e+00 3.394533e-18
1.241742e+00 3.326286e-18
1.244605e+00 3.259931e-18
1.247475e+00 3.195401e-18
1.250352e+00 3.132866e-18
1.253235e+00 3.072018e-18
1.256125e+00 3.012804e-18
1.259022e+00 2.955172e-18
1.261925e+00 2.899280e-18
1.264835e+00 2.844844e-18
1.267752e+00 2.791819e-18
1.270676e+00 2.740159e-18
1.273606e+00 2.690013e-18
1.276543e+00 2.641143e-18
1.279486e+00 2.593510e-18
1.282437e+00 2.547076e-18
1.285394e+00 2.501942e-18
1.288358e+00 2.457848e-18
1.291329e+00 2.414722e-18
1.294307e+00 2.372569e-18
1.297292e+00 2.331669e-18
1.300283e+00 2.291703e-18
1.303282e+00 2.252596e-18
1.306287e+00 2.214274e-18
1.309300e+00 2.176674e-18
1.312319e+00 2.139684e-18
1.315345e+00 2.103298e-18
1.318378e+00 2.067508e-18
1.321418e+00 2.032376e-18
1.324466e+00 1.997826e-18
1.327520e+00 1.963808e-18
1.330581e+00 1.930270e-18
1.333649e+00 1.897202e-18
1.336725e+00 1.864522e-18
1.339807e+00 1.832185e-18
1.342897e+00 1.800574e-18
1.345994e+00 1.769703e-18
1.349098e+00 1.739174e-18
1.352209e+00 1.708932e-18
1.355327e+00 1.678922e-18
1.358452e+00 1.649160e-18
1.361585e+00 1.619502e-18
1.364725e+00 1.589879e-18
1.367872e+00 1.560218e-18
1.371026e+00 1.530504e-18
1.374188e+00 1.500582e-18
1.377356e+00 1.470366e-18
1.380533e+00 1.439768e-18
1.383716e+00 1.408751e-18
1.386907e+00 1.377165e-18
1.390105e+00 1.344922e-18
1.393311e+00 1.313824e-18
1.396524e+00 1.282454e-18
1.399744e+00 1.250580e-18
1.402972e+00 1.218162e-18
1.406207e+00 1.185173e-18
1.409450e+00 1.151626e-18
1.412700e+00 1.117480e-18
1.415958e+00 1.082742e-18
1.419223e+00 1.047438e-18
1.422496e+00 1.011635e-18
1.425776e+00 9.753643e-19
1.429064e+00 9.387046e-19
1.432359e+00 9.017504e-19
1.435662e+00 8.646263e-19
1.438973e+00 8.274363e-19
1.442291e+00 7.908901e-19
1.445617e+00 7.566976e-19
1.448951e+00 7.228772e-19
1.452292e+00 6.895158e-19
1.455641e+00 6.567122e-19
1.458998e+00 6.245599e-19
1.462362e+00 5.931526e-19
1.465735e+00 5.625615e-19
1.469115e+00 5.328564e-19
1.472502e+00 5.040970e-19
1.475898e+00 4.763360e-19
1.479301e+00 4.496080e-19
1.482713e+00 4.239413e-19
1.486132e+00 3.993543e-19
1.489559e+00 3.758575e-19
1.492994e+00 3.534486e-19
1.496437e+00 3.327722e-19
1.499888e+00 3.137143e-19
1.503346e+00 2.955838e-19
1.506813e+00 2.783577e-19
1.510288e+00 2.620114e-19
1.513770e+00 2.465180e-19
1.517261e+00 2.318488e-19
1.520760e+00 2.179729e-19
1.524267e+00 2.048591e-19
1.527782e+00 1.924760e-19
1.531305e+00 1.807918e-19
1.534836e+00 1.697742e-19
1.538375e+00 1.593916e-19
1.541923e+00 1.496130e-19
1.545479e+00 1.404076e-19
1.549043e+00 1.317462e-19
1.552615e+00 1.239173e-19
1.556195e+00 1.166173e-19
1.559784e+00 1.097351e-19
1.563380e+00 1.032486e-19
1.566986e+00 9.713653e-20
1.570599e+00 9.137867e-20
1.574221e+00 8.595565e-20
1.577851e+00 8.084845e-20
1.581490e+00 7.603977e-20
1.585137e+00 7.151331e-20
1.588792e+00 6.725321e-20
1.592456e+00 6.324403e-20
1.596128e+00 5.947143e-20
1.599809e+00 5.592183e-20
1.603498e+00 5.258166e-20
1.607195e+00 4.944984e-20
1.610902e+00 4.661358e-20
1.614616e+00 4.393930e-20
1.618340e+00 4.141770e-20
1.622072e+00 3.904018e-20
1.625812e+00 3.679843e-20
1.629561e+00 3.468420e-20
1.633319e+00 3.269094e-20
1.637085e+00 3.081279e-20
1.640861e+00 2.904235e-20
1.644644e+00 2.737270e-20
1.648437e+00 2.579856e-20
1.652238e+00 2.431533e-20
1.656048e+00 2.291772e-20
1.659867e+00 2.160045e-20
1.663695e+00 2.035893e-20
1.667531e+00 1.920365e-20
1.671377e+00 1.813762e-20
1.675231e+00 1.713079e-20
1.679094e+00 1.617870e-20
1.682966e+00 1.527942e-20
1.686847e+00 1.443131e-20
1.690737e+00 1.363054e-20
1.694636e+00 1.287437e-20
1.698544e+00 1.216034e-20
1.702460e+00 1.148512e-20
1.706386e+00 1.084684e-20
1.710321e+00 1.024477e-20
1.714265e+00 9.677025e-21
1.718218e+00 9.140959e-21
1.722181e+00 8.634820e-21
1.726152e+00 8.156947e-21
1.730132e+00 7.714460e-21
1.734122e+00 7.300045e-21
1.738121e+00 6.906477e-21
1.742129e+00 6.534283e-21
1.746147e+00 6.183964e-21
1.750173e+00 5.852686e-21
1.754209e+00 5.539432e-21
1.758254e+00 5.243226e-21
1.762309e+00 4.963162e-21
1.766373e+00 4.698365e-21
1.770446e+00 4.445718e-21
1.774529e+00 4.206408e-21
1.778621e+00 3.982180e-21
1.782722e+00 3.770483e-21
1.786833e+00 3.570376e-21
1.790954e+00 3.381234e-21
1.795084e+00 3.206749e-21
1.799223e+00 3.041826e-21
1.803372e+00 2.883281e-21
1.807531e+00 2.732380e-21
1.811699e+00 2.591809e-21
1.815877e+00 2.459360e-21
1.820064e+00 2.334055e-21
1.824261e+00 2.215516e-21
1.828468e+00 2.103400e-21
1.832684e+00 1.997367e-21
1.836911e+00 1.893998e-21
1.841147e+00 1.795332e-21
1.845392e+00 1.705001e-21
1.849648e+00 1.620036e-21
1.853913e+00 1.539740e-21
1.858188e+00 1.464258e-21
1.862473e+00 1.394118e-21
1.866768e+00 1.327675e-21
1.871073e+00 1.260578e-21
1.875388e+00 1.197069e-21
1.879712e+00 1.140738e-21
1.884047e+00 1.087491e-21
1.888391e+00 1.037183e-21
1.892746e+00 9.896582e-22
1.897111e+00 9.447845e-22
1.901486e+00 9.007395e-22
1.905870e+00 8.556425e-22
1.910265e+00 8.148200e-22
1.914670e+00 7.789574e-22
1.919086e+00 7.451359e-22
1.923511e+00 7.132508e-22
1.927947e+00 6.835057e-22
1.932393e+00 6.557142e-22
1.936849e+00 6.250815e-22
1.941315e+00 5.945538e-22
1.945792e+00 5.705756e-22
1.950279e+00 5.483988e-22
1.954776e+00 5.275215e-22
1.959284e+00 5.078637e-22
1.963802e+00 4.893721e-22
1.968331e+00 4.719777e-22
1.972870e+00 4.556267e-22
1.977419e+00 4.402610e-22
1.981979e+00 4.258253e-22
1.986549e+00 4.076240e-22
1.991130e+00 3.881128e-22
1.995722e+00 3.751806e-22
2.000324e+00 3.639258e-22
2.004937e+00 3.535575e-22
2.009560e+00 3.437969e-22
2.014194e+00 3.346184e-22
2.018839e+00 3.259824e-22
2.023495e+00 3.178581e-22
2.028161e+00 3.102174e-22
2.032838e+00 3.030234e-22
2.037525e+00 2.962598e-22
2.042224e+00 2.890385e-22
2.046933e+00 2.758214e-22
2.051654e+00 2.653788e-22
2.056385e+00 2.599712e-22
2.061127e+00 2.548754e-22
2.065880e+00 2.500673e-22
2.070644e+00 2.455412e-22
2.075419e+00 2.413023e-22
2.080205e+00 2.372979e-22
2.085001e+00 2.335009e-22
2.089810e+00 2.299027e-22
2.094629e+00 2.221711e-22
2.099459e+00 2.118388e-22
2.104300e+00 2.079534e-22
2.109153e+00 2.050116e-22
2.114016e+00 2.022164e-22
2.118891e+00 1.995509e-22
2.123778e+00 1.970070e-22
2.128675e+00 1.945797e-22
2.133584e+00 1.922524e-22
2.138504e+00 1.900293e-22
2.143435e+00 1.855367e-22
2.148378e+00 1.768890e-22
2.153332e+00 1.727785e-22
2.158298e+00 1.709183e-22
2.163275e+00 1.691325e-22
2.168263e+00 1.674055e-22
2.173263e+00 1.657384e-22
2.178275e+00 1.641266e-22
2.183298e+00 1.625614e-22
2.188333e+00 1.550548e-22
2.193379e+00 1.495944e-22
2.198437e+00 1.482102e-22
2.203507e+00 1.468666e-22
2.208588e+00 1.455561e-22
2.213681e+00 1.442846e-22
2.218786e+00 1.430421e-22
2.223902e+00 1.418289e-22
2.229031e+00 1.363382e-22
2.234171e+00 1.305853e-22
2.239323e+00 1.295039e-22
2.244487e+00 1.284445e-22
2.249663e+00 1.274046e-22
2.254850e+00 1.263887e-22
2.260050e+00 1.253890e-22
2.265262e+00 1.244077e-22
2.270485e+00 1.234445e-22
2.275721e+00 1.218164e-22
2.280969e+00 1.159501e-22
2.286229e+00 1.128349e-22
2.291501e+00 1.119758e-22
2.296785e+00 1.111333e-22
2.302082e+00 1.103007e-22
2.307390e+00 1.094793e-22
2.312711e+00 1.049895e-22
2.318044e+00 1.008760e-22
2.323390e+00 1.001324e-22
2.328747e+00 9.939884e-23
2.334117e+00 9.867237e-23
2.339500e+00 9.795646e-23
2.344895e+00 9.724832e-23
2.350302e+00 9.632131e-23
2.355722e+00 9.159574e-23
2.361154e+00 8.898916e-23
2.366599e+00 8.835014e-23
2.372057e+00 8.772056e-23
2.377527e+00 8.709590e-23
2.383009e+00 8.647651e-23
2.388504e+00 8.586541e-23
2.394012e+00 8.371371e-23
2.399533e+00 7.947895e-23
2.405066e+00 7.861140e-23
2.410612e+00 7.805807e-23
2.416171e+00 7.750920e-23
2.421743e+00 7.696691e-23
2.427327e+00 7.642819e-23
2.432925e+00 7.589350e-23
2.438535e+00 7.233474e-23
2.444159e+00 7.000222e-23
2.449795e+00 6.951365e-23
2.455444e+00 6.903092e-23
2.461106e+00 6.709241e-23
2.466782e+00 6.369515e-23
2.472470e+00 6.325388e-23
2.478172e+00 6.281544e-23
2.483886e+00 6.237973e-23
2.489614e+00 6.194867e-23
2.495355e+00 6.152070e-23
2.501110e+00 6.057868e-23
2.506877e+00 5.747521e-23
2.512658e+00 5.640088e-23
2.518452e+00 5.601181e-23
2.524260e+00 5.562567e-23
2.530081e+00 5.524326e-23
2.535915e+00 5.601557e-23
2.541763e+00 5.816627e-23
2.547624e+00 5.517174e-23
2.553499e+00 5.373967e-23
2.559388e+00 5.294425e-23
2.565289e+00 5.019688e-23
2.571205e+00 4.929666e-23
2.577134e+00 4.895853e-23
2.583077e+00 4.862256e-23
2.589034e+00 4.828999e-23
2.595004e+00 4.795933e-23
2.600988e+00 4.763059e-23
2.606986e+00 4.730464e-23
2.612998e+00 4.698122e-23
2.619023e+00 4.665966e-23
2.625063e+00 4.633998e-23
2.631116e+00 4.602355e-23
2.637184e+00 4.570898e-23
2.643265e+00 4.485124e-23
2.649360e+00 4.246661e-23
2.655470e+00 4.195924e-23
2.661593e+00 4.167283e-23
2.667731e+00 4.138811e-23
2.673883e+00 4.110567e-23
2.680049e+00 4.082545e-23
2.686229e+00 4.054687e-23
2.692424e+00 4.026994e-23
2.698632e+00 3.999536e-23
2.704855e+00 3.972277e-23
2.711093e+00 4.032171e-23
2.717345e+00 4.181137e-23
2.723611e+00 4.152604e-23
2.729891e+00 4.287329e-23
2.736187e+00 4.278806e-23
2.742496e+00 4.068127e-23
2.748821e+00 4.040364e-23
2.755159e+00 3.857121e-23
2.761513e+00 3.735051e-23
2.767881e+00 3.709569e-23
2.774264e+00 3.684275e-23
2.780661e+00 3.659187e-23
2.787073e+00 3.634251e-23
2.793500e+00 3.609467e-23
2.799942e+00 3.584837e-23
2.806399e+00 3.560435e-23
2.812870e+00 3.536182e-23
2.819357e+00 3.441909e-23
2.825858e+00 3.271360e-23
2.832375e+00 3.249100e-23
2.838906e+00 3.227008e-23
2.845453e+00 3.205053e-23
2.852014e+00 3.183234e-23
2.858591e+00 3.161550e-23
2.865183e+00 3.140055e-23
2.871790e+00 3.118702e-23
2.878413e+00 3.097482e-23
2.885050e+00 3.076394e-23
2.891703e+00 3.054622e-23
2.898372e+00 2.885026e-23
2.905055e+00 2.829138e-23
2.911754e+00 2.809920e-23
2.918469e+00 2.790823e-23
2.925199e+00 2.771848e-23
2.931944e+00 2.753033e-23
2.938705e+00 2.734342e-23
2.945482e+00 2.715770e-23
2.952274e+00 2.697316e-23
2.959082e+00 2.678980e-23
2.965906e+00 2.660782e-23
2.972745e+00 2.642720e-23
2.979601e+00 2.537374e-23
2.986472e+00 2.449394e-23
2.993358e+00 2.432778e-23
3.000261e+00 2.416268e-23
3.007180e+00 2.399893e-23
3.014114e+00 2.383628e-23
3.021065e+00 2.367468e-23
3.028031e+00 2.351413e-23
3.035014e+00 2.335461e-23
3.042013e+00 2.313906e-23
3.049028e+00 2.182979e-23
3.056059e+00 2.152289e-23
3.063106e+00 2.137726e-23
3.070170e+00 2.123258e-23
3.077250e+00 2.108883e-23
3.084346e+00 2.094603e-23
3.091458e+00 2.080419e-23
3.098587e+00 2.066347e-23
3.105733e+00 2.052366e-23
3.112894e+00 2.038476e-23
3.120073e+00 2.024677e-23
3.127268e+00 2.010968e-23
3.134479e+00 1.997349e-23
3.141707e+00 1.983819e-23
3.148952e+00 1.970397e-23
3.156214e+00 1.872150e-23
3.163492e+00 1.830644e-23
3.170787e+00 1.818277e-23
3.178099e+00 1.805992e-23
3.185427e+00 1.793788e-23
3.192773e+00 1.781664e-23
3.200136e+00 1.769619e-23
3.207515e+00 1.757667e-23
3.214912e+00 1.745795e-23
3.222325e+00 1.734000e-23
3.229756e+00 1.722284e-23
3.237204e+00 1.710645e-23
3.244669e+00 1.699083e-23
3.252151e+00 1.687597e-23
3.259651e+00 1.661140e-23
3.267167e+00 1.570146e-23
3.274702e+00 1.559556e-23
3.282253e+00 1.549042e-23
3.289822e+00 1.538597e-23
3.297408e+00 1.528221e-23
3.305012e+00 1.517914e-23
3.312634e+00 1.507675e-23
3.320272e+00 1.497504e-23
3.327929e+00 1.518598e-23
3.335603e+00 1.566253e-23
3.343295e+00 1.555659e-23
3.351005e+00 1.545135e-23
3.358732e+00 1.534682e-23
3.366478e+00 1.524300e-23
3.374241e+00 1.513992e-23
3.382022e+00 1.503753e-23
3.389821e+00 1.493582e-23
3.397638e+00 1.483478e-23
3.405473e+00 1.473442e-23
3.413326e+00 1.463473e-23
3.421197e+00 1.453570e-23
3.429086e+00 1.486852e-23
3.436994e+00 1.521834e-23
3.444919e+00 1.511513e-23
3.452863e+00 1.501262e-23
3.460826e+00 1.491079e-23
3.468806e+00 1.480965e-23
3.476805e+00 1.470918e-23
3.484823e+00 1.460939e-23
3.492859e+00 1.451028e-23
3.500914e+00 1.432093e-23
3.508987e+00 1.348912e-23
3.517078e+00 1.339776e-23
3.525189e+00 1.329001e-23
3.533318e+00 1.247272e-23
3.541466e+00 1.238705e-23
3.549633e+00 1.230331e-23
3.557818e+00 1.158892e-23
3.566022e+00 1.146939e-23
3.574246e+00 1.139200e-23
3.582488e+00 1.131512e-23
3.590749e+00 1.123875e-23
3.599029e+00 1.116289e-23
3.607329e+00 1.108753e-23
3.615647e+00 1.101268e-23
3.623985e+00 1.149593e-23
3.632342e+00 1.093959e-23
3.640718e+00 1.134595e-23
3.649114e+00 1.078442e-23
3.657529e+00 1.064577e-23
3.665963e+00 1.005653e-23
3.674417e+00 1.046261e-23
3.682890e+00 1.100422e-23
3.691383e+00 1.038141e-23
3.699895e+00 9.748488e-24
3.708427e+00 9.675857e-24
3.716979e+00 9.610585e-24
3.725550e+00 9.545743e-24
3.734141e+00 9.481331e-24
3.742752e+00 9.417344e-24
3.751383e+00 9.353780e-24
3.760034e+00 9.290635e-24
3.768704e+00 9.227907e-24
3.777395e+00 9.165593e-24
3.786106e+00 9.103690e-24
3.794836e+00 9.042196e-24
3.803587e+00 8.981107e-24
3.812358e+00 8.920421e-24
3.821150e+00 8.860134e-24
3.829961e+00 8.800245e-24
3.838793e+00 8.740750e-24
3.847646e+00 8.681647e-24
3.856518e+00 8.622932e-24
3.865411e+00 8.189598e-24
3.874325e+00 8.068379e-24
3.883259e+00 8.013890e-24
3.892214e+00 7.987780e-24
3.901190e+00 8.335150e-24
3.910186e+00 8.278741e-24
3.919203e+00 8.222701e-24
3.928240e+00 8.003459e-24
3.937299e+00 7.694503e-24
3.946378e+00 7.642483e-24
3.955479e+00 7.590803e-24
3.964600e+00 7.539461e-24
3.973743e+00 7.488454e-24
3.982906e+00 7.437779e-24
3.992091e+00 7.787442e-24
4.001296e+00 7.734657e-24
4.010524e+00 7.682217e-24
4.019772e+00 7.630121e-24
4.029041e+00 7.782321e-24
4.038332e+00 8.515376e-24
4.047645e+00 8.840608e-24
4.056979e+00 7.642597e-24
4.066334e+00 7.374704e-24
4.075711e+00 7.324642e-24
4.085110e+00 7.274917e-24
4.094530e+00 7.225517e-24
4.103972e+00 7.176439e-24
4.113436e+00 7.127681e-24
4.122922e+00 7.079241e-24
4.132429e+00 7.031116e-24
4.141958e+00 6.983314e-24
4.151510e+00 6.935851e-24
4.161083e+00 6.772176e-24
4.170679e+00 6.491754e-24
4.180296e+00 6.447654e-24
4.189936e+00 6.403839e-24
4.199598e+00 6.360308e-24
4.209282e+00 6.317083e-24
4.218989e+00 6.367379e-24
4.228718e+00 6.729114e-24
4.238470e+00 6.885582e-24
4.248244e+00 6.838622e-24
4.258040e+00 6.446472e-24
4.267859e+00 6.063628e-24
4.277701e+00 6.022366e-24
4.287565e+00 5.981370e-24
4.297452e+00 5.940638e-24
4.307362e+00 5.900168e-24
4.317295e+00 5.859974e-24
4.327251e+00 5.820061e-24
4.337230e+00 5.780405e-24
4.347231e+00 5.741004e-24
4.357256e+00 5.701856e-24
4.367304e+00 5.662974e-24
4.377375e+00 5.624365e-24
4.387469e+00 5.586004e-24
4.397587e+00 5.547889e-24
4.407728e+00 5.510019e-24
4.417892e+00 5.515107e-24
4.428079e+00 5.726999e-24
4.438291e+00 5.687861e-24
4.448525e+00 5.648974e-24
4.458784e+00 5.610346e-24
4.469066e+00 5.571997e-24
4.479371e+00 5.693994e-24
4.489701e+00 6.053777e-24
4.500054e+00 6.829351e-24
4.510431e+00 5.646033e-24
4.520832e+00 5.532320e-24
4.531257e+00 5.643759e-24
4.541707e+00 5.311905e-24
4.552180e+00 5.490053e-24
4.562677e+00 5.098857e-24
4.573199e+00 4.937380e-24
4.583745e+00 4.916372e-24
4.594315e+00 5.131132e-24
4.604909e+00 4.943008e-24
4.615528e+00 4.803523e-24
4.626172e+00 5.026338e-24
4.636840e+00 4.991885e-24
4.647532e+00 4.957651e-24
4.658249e+00 4.923634e-24
4.668991e+00 4.889873e-24
4.679758e+00 4.856328e-24
4.690550e+00 4.822995e-24
4.701366e+00 5.011660e-24
4.712208e+00 4.757026e-24
4.723074e+00 4.724364e-24
4.733965e+00 4.691918e-24
4.744882e+00 4.659708e-24
4.755824e+00 4.627702e-24
4.766791e+00 5.119192e-24
4.777783e+00 4.564337e-24
4.788800e+00 4.532974e-24
4.799843e+00 4.501808e-24
4.810912e+00 4.243725e-24
4.822006e+00 4.214570e-24
4.833126e+00 4.185599e-24
4.844271e+00 4.156844e-24
4.855442e+00 4.128273e-24
4.866638e+00 4.099882e-24
4.877861e+00 4.071706e-24
4.889109e+00 4.193011e-24
4.900384e+00 4.230697e-24
4.911684e+00 4.294312e-24
4.923010e+00 4.403437e-24
4.934363e+00 4.403559e-24
4.945741e+00 4.721127e-24
4.957146e+00 4.825664e-24
4.968578e+00 5.079686e-24
4.980035e+00 4.872155e-24
4.991519e+00 4.726371e-24
5.003030e+00 4.434267e-24
5.014567e+00 4.226079e-24
5.026130e+00 4.137626e-24
5.037721e+00 4.231569e-24
5.049338e+00 4.313029e-24
5.060981e+00 4.283235e-24
5.072652e+00 4.089021e-24
5.084350e+00 3.996781e-24
5.096074e+00 3.969185e-24
5.107826e+00 3.748071e-24
5.119605e+00 3.709775e-24
5.131410e+00 3.840113e-24
5.143243e+00 3.822327e-24
5.155104e+00 3.633474e-24
5.166991e+00 3.608373e-24
5.178907e+00 3.583460e-24
5.190849e+00 3.558698e-24
5.202819e+00 3.534116e-24
5.214817e+00 3.509692e-24
5.226842e+00 3.485434e-24
5.238896e+00 3.461341e-24
5.250977e+00 3.437404e-24
5.263085e+00 3.413638e-24
5.275222e+00 3.390019e-24
5.287387e+00 3.366575e-24
5.299580e+00 3.517823e-24
5.311800e+00 3.502754e-24
5.324049e+00 3.478448e-24
5.336327e+00 3.454314e-24
5.348632e+00 3.430333e-24
5.360966e+00 3.229134e-24
5.373329e+00 3.206762e-24
5.385720e+00 3.184543e-24
5.398139e+00 3.162472e-24
5.410587e+00 2.982338e-24
5.423064e+00 2.961719e-24
5.435570e+00 2.941241e-24
5.448104e+00 3.040114e-24
5.460668e+00 3.054332e-24
5.473260e+00 3.033138e-24
5.485881e+00 2.965691e-24
5.498532e+00 2.964436e-24
5.511212e+00 2.918789e-24
5.523920e+00 2.801763e-24
5.536659e+00 2.782386e-24
5.549426e+00 2.898807e-24
5.562223e+00 2.888766e-24
5.575050e+00 2.868693e-24
5.587906e+00 2.848772e-24
5.600792e+00 2.687477e-24
5.613707e+00 2.668895e-24
5.626652e+00 2.789809e-24
5.639627e+00 2.665868e-24
5.652632e+00 2.574032e-24
5.665668e+00 2.470917e-24
5.678733e+00 2.453936e-24
5.691828e+00 2.437070e-24
5.704953e+00 2.420339e-24
5.718109e+00 2.384440e-24
5.731295e+00 2.277161e-24
5.744511e+00 2.261637e-24
5.757758e+00 2.246227e-24
5.771036e+00 2.230942e-24
5.784344e+00 2.228544e-24
5.797682e+00 2.306630e-24
5.811052e+00 2.219735e-24
5.824452e+00 2.275244e-24
5.837883e+00 2.259739e-24
5.851346e+00 2.244351e-24
5.864839e+00 2.229087e-24
5.878363e+00 2.173013e-24
5.891919e+00 2.098625e-24
5.905506e+00 2.084511e-24
5.919124e+00 2.070511e-24
5.932773e+00 2.056625e-24
5.946454e+00 2.042861e-24
5.960167e+00 2.029208e-24
5.973911e+00 2.015672e-24
5.987687e+00 2.002255e-24
6.001495e+00 2.066172e-24
6.015334e+00 1.975760e-24
6.029206e+00 1.962688e-24
6.043109e+00 1.949727e-24
6.057044e+00 1.936882e-24
6.071012e+00 1.924153e-24
6.085012e+00 1.911534e-24
6.099044e+00 1.899029e-24
6.113108e+00 1.937008e-24
6.127205e+00 1.938781e-24
6.141335e+00 1.862191e-24
6.155496e+00 1.850137e-24
6.169691e+00 1.869009e-24
6.183918e+00 1.905354e-24
6.198179e+00 1.814631e-24
6.212472e+00 1.931758e-24
6.226798e+00 1.874509e-24
6.241157e+00 1.862452e-24
6.255549e+00 1.912278e-24
6.269974e+00 1.757629e-24
6.284433e+00 1.746546e-24
6.298925e+00 1.735571e-24
6.313450e+00 1.652429e-24
6.328009e+00 1.642237e-24
6.342601e+00 1.695239e-24
6.357228e+00 1.622149e-24
6.371887e+00 1.655852e-24
6.386581e+00 1.671887e-24
6.401308e+00 1.650744e-24
6.416070e+00 1.583141e-24
6.430865e+00 1.573630e-24
6.445695e+00 1.564212e-24
6.460559e+00 1.554886e-24
6.475457e+00 1.545653e-24
6.490389e+00 1.536515e-24
6.505356e+00 1.527468e-24
6.520358e+00 1.583071e-24
6.535394e+00 1.557755e-24
6.550464e+00 1.500869e-24
6.565570e+00 1.492183e-24
6.580710e+00 1.483587e-24
6.595885e+00 1.475078e-24
6.611095e+00 1.466656e-24
6.626341e+00 1.458321e-24
6.641621e+00 1.450072e-24
6.656937e+00 1.441911e-24
6.672288e+00 1.493294e-24
6.687674e+00 1.484809e-24
6.703096e+00 1.476411e-24
6.718553e+00 1.410113e-24
6.734046e+00 1.402373e-24
6.749575e+00 1.394716e-24
6.765140e+00 1.387143e-24
6.780740e+00 1.418071e-24
6.796376e+00 1.488868e-24
6.812049e+00 1.420027e-24
6.827758e+00 1.516226e-24
6.843502e+00 1.339570e-24
6.859284e+00 1.294646e-24
6.875101e+00 1.288638e-24
6.890955e+00 1.329464e-24
6.906846e+00 1.322612e-24
6.922773e+00 1.268770e-24
6.938737e+00 1.262490e-24
6.954738e+00 1.302522e-24
6.970775e+00 1.295979e-24
6.986850e+00 1.289512e-24
7.002962e+00 1.283121e-24
7.019111e+00 1.263620e-24
7.035297e+00 1.236633e-24
7.051520e+00 1.312728e-24
7.067781e+00 1.258306e-24
7.084080e+00 1.252288e-24
7.100415e+00 1.246342e-24
7.116789e+00 1.198267e-24
7.133200e+00 1.192859e-24
7.149650e+00 1.228943e-24
7.166137e+00 1.220631e-24
7.182662e+00 1.217701e-24
7.199225e+00 1.212186e-24
7.215827e+00 1.170833e-24
7.232466e+00 1.161865e-24
7.249145e+00 1.156937e-24
7.265861e+00 1.152076e-24
7.282616e+00 1.115626e-24
7.299410e+00 1.108302e-24
7.316243e+00 1.103978e-24
7.333114e+00 1.099717e-24
7.350024e+00 1.095519e-24
7.366973e+00 1.091383e-24
7.383962e+00 1.089713e-24
7.400989e+00 1.115535e-24
7.418056e+00 1.153158e-24
7.435162e+00 1.142140e-24
7.452307e+00 1.094125e-24
7.469493e+00 1.067840e-24
7.486717e+00 1.064125e-24
7.503982e+00 1.060467e-24
7.521286e+00 1.056866e-24
7.538630e+00 1.053323e-24
7.556014e+00 1.049836e-24
7.573438e+00 1.046405e-24
7.590903e+00 1.043029e-24
7.608407e+00 1.039708e-24
7.625953e+00 1.033519e-24
7.643538e+00 1.033230e-24
7.661164e+00 1.030071e-24
7.678831e+00 1.026965e-24
7.696538e+00 1.023911e-24
7.714287e+00 1.020908e-24
7.732076e+00 1.040246e-24
7.749906e+00 1.015055e-24
7.767777e+00 9.891720e-25
7.785690e+00 1.009403e-24
7.803644e+00 1.006651e-24
7.821639e+00 1.045311e-24
7.839676e+00 1.053445e-24
7.857754e+00 1.023040e-24
7.875874e+00 9.961192e-25
7.894036e+00 9.874776e-25
7.912240e+00 9.701288e-25
7.930485e+00 9.679481e-25
7.948773e+00 9.658098e-25
7.967103e+00 9.637136e-25
7.985475e+00 9.667085e-25
8.003890e+00 9.794483e-25
8.022347e+00 9.638158e-25
8.040846e+00 9.557393e-25
8.059389e+00 9.704885e-25
8.077974e+00 9.519908e-25
8.096602e+00 9.501742e-25
8.115272e+00 9.483954e-25
8.133986e+00 9.466539e-25
8.152743e+00 9.449497e-25
8.171544e+00 9.432816e-25
8.190387e+00 9.416493e-25
8.209274e+00 9.400525e-25
8.228205e+00 9.384909e-25
8.247179e+00 9.538795e-25
8.266197e+00 9.521785e-25
8.285259e+00 9.505136e-25
8.304365e+00 9.488839e-25
8.323515e+00 1.044091e-24
8.342709e+00 1.076751e-24
8.361947e+00 9.618888e-25
8.381230e+00 9.601798e-25
8.400557e+00 9.585061e-25
8.419929e+00 9.760398e-25
8.439346e+00 9.552648e-25
8.458807e+00 9.370680e-25
8.478313e+00 9.521616e-25
8.497864e+00 9.506610e-25
8.517460e+00 9.491940e-25
8.537101e+00 9.477609e-25
8.556788e+00 9.606255e-25
8.576520e+00 9.623798e-25
8.596298e+00 9.436593e-25
8.616121e+00 9.273080e-25
8.635989e+00 9.262264e-25
8.655904e+00 9.251747e-25
8.675865e+00 9.241531e-25
8.695871e+00 9.302805e-25
8.715924e+00 9.222002e-25
8.736023e+00 9.212689e-25
8.756168e+00 9.203675e-25
8.776360e+00 9.093752e-25
8.796599e+00 9.115513e-25
8.816884e+00 9.061102e-25
8.837215e+00 9.107874e-25
8.857594e+00 9.163139e-25
8.878020e+00 9.155950e-25
8.898493e+00 9.149069e-25
8.919012e+00 9.142501e-25
8.939580e+00 9.136248e-25
8.960195e+00 9.252024e-25
8.980857e+00 9.380933e-25
9.001567e+00 9.372536e-25
9.022324e+00 9.364513e-25
9.043130e+00 9.533798e-25
9.063984e+00 9.548518e-25
9.084885e+00 9.214617e-25
9.105835e+00 9.336189e-25
9.126833e+00 9.180212e-25
9.147880e+00 9.172292e-25
9.168975e+00 9.284489e-25
9.190118e+00 9.193171e-25
9.211311e+00 9.189932e-25
9.232552e+00 9.305018e-25
9.253843e+00 9.659053e-25
9.275182e+00 1.037826e-24
9.296571e+00 1.022463e-24
9.318009e+00 9.699877e-25
9.339496e+00 9.320863e-25
9.361033e+00 9.249810e-25
9.382620e+00 9.174941e-25
9.404256e+00 9.174106e-25
9.425942e+00 9.079620e-25
9.447679e+00 9.080049e-25
9.469465e+00 9.080492e-25
9.491302e+00 9.080897e-25
9.513189e+00 9.081213e-25
9.535126e+00 9.081378e-25
9.557114e+00 9.081334e-25
9.579153e+00 9.081021e-25
9.601243e+00 9.080380e-25
9.623383e+00 9.079354e-25
9.645575e+00 9.077890e-25
9.667817e+00 9.075936e-25
9.690112e+00 9.154706e-25
9.712457e+00 9.070400e-25
9.734854e+00 8.997284e-25
9.757303e+00 8.993948e-25
9.779803e+00 8.989986e-25
9.802355e+00 8.985395e-25
9.824960e+00 8.980179e-25
9.847616e+00 8.974354e-25
9.870325e+00 8.967937e-25
9.893086e+00 9.023883e-25
9.915899e+00 8.953438e-25
9.938766e+00 8.945424e-25
9.961684e+00 8.960647e-25
9.984656e+00 8.928057e-25
1.000768e+01 8.977100e-25
1.003076e+01 8.909179e-25
1.005389e+01 8.849778e-25
1.007707e+01 8.889114e-25
1.010031e+01 8.878733e-25
1.012360e+01 8.820979e-25
1.014695e+01 8.811011e-25
1.017035e+01 8.800909e-25
1.019380e+01 8.790700e-25
1.021731e+01 8.780408e-25
1.024087e+01 8.770053e-25
1.026448e+01 8.759655e-25
1.028815e+01 8.791403e-25
1.031188e+01 8.738785e-25
1.033566e+01 8.728339e-25
1.035949e+01 8.717898e-25
1.038338e+01 8.707470e-25
1.040732e+01 8.769804e-25
1.043132e+01 8.705543e-25
1.045538e+01 8.676317e-25
1.047949e+01 8.665986e-25
1.050365e+01 8.655685e-25
1.052788e+01 8.645414e-25
1.055215e+01 8.604214e-25
1.057649e+01 8.624958e-25
1.060088e+01 8.614771e-25
1.062532e+01 8.575076e-25
1.064982e+01 8.565395e-25
1.067438e+01 8.584349e-25
1.069900e+01 8.574246e-25
1.072367e+01 8.536407e-25
1.074840e+01 8.526754e-25
1.077318e+01 8.517101e-25
1.079803e+01 8.507445e-25
1.082293e+01 8.497781e-25
1.084789e+01 8.513796e-25
1.087290e+01 8.478421e-25
1.089797e+01 8.468718e-25
1.092311e+01 8.458995e-25
1.094829e+01 8.449250e-25
1.097354e+01 8.439479e-25
1.099885e+01 8.429679e-25
1.102421e+01 8.401546e-25
1.104963e+01 8.390124e-25
1.107511e+01 8.380518e-25
1.110065e+01 8.370869e-25
1.112625e+01 8.361171e-25
1.115191e+01 8.351424e-25
1.117762e+01 8.341625e-25
1.120340e+01 8.331771e-25
1.122923e+01 8.321861e-25
1.125513e+01 8.311893e-25
1.128108e+01 8.301864e-25
1.130710e+01 8.291773e-25
1.133317e+01 8.281935e-25
1.135931e+01 8.258561e-25
1.138550e+01 8.269112e-25
1.141176e+01 8.236704e-25
1.143807e+01 8.226483e-25
1.146445e+01 8.216187e-25
1.149088e+01 8.219249e-25
1.151738e+01 8.195364e-25
1.154394e+01 8.184835e-25
1.157056e+01 8.174226e-25
1.159724e+01 8.176201e-25
1.162399e+01 8.152764e-25
1.165079e+01 8.141910e-25
1.167766e+01 8.139141e-25
1.170459e+01 8.119949e-25
1.173158e+01 8.120612e-25
1.175863e+01 8.109248e-25
1.178575e+01 8.097801e-25
1.181293e+01 8.075004e-25
1.184017e+01 8.063550e-25
1.186747e+01 8.052009e-25
1.189484e+01 8.040380e-25
1.192227e+01 8.039292e-25
1.194976e+01 8.027333e-25
1.197731e+01 8.027129e-25
1.200493e+01 8.028210e-25
1.203262e+01 8.003539e-25
1.206037e+01 7.987135e-25
1.208818e+01 7.966229e-25
1.211605e+01 7.953745e-25
1.214399e+01 7.938471e-25
1.217200e+01 7.919176e-25
1.220006e+01 7.906562e-25
1.222820e+01 7.893858e-25
1.225640e+01 7.881064e-25
1.228466e+01 7.869541e-25
1.231299e+01 7.863903e-25
1.234138e+01 7.850718e-25
1.236984e+01 7.837446e-25
1.239837e+01 7.824086e-25
1.242696e+01 7.812793e-25
1.245561e+01 7.883729e-25
1.248434e+01 7.917861e-25
1.251313e+01 7.778822e-25
1.254198e+01 7.755998e-25
1.257090e+01 7.738171e-25
1.259989e+01 7.720615e-25
1.262895e+01 7.706678e-25
1.265807e+01 7.692655e-25
1.268726e+01 7.678548e-25
1.271652e+01 7.671497e-25
1.274584e+01 7.650083e-25
1.277523e+01 7.635726e-25
1.280469e+01 7.621287e-25
1.283422e+01 7.606766e-25
1.286382e+01 7.592164e-25
1.289348e+01 7.577483e-25
1.292321e+01 7.562722e-25
1.295301e+01 7.547883e-25
1.298288e+01 7.538916e-25
1.301282e+01 7.524188e-25
1.304283e+01 7.509033e-25
1.307291e+01 7.493804e-25
1.310305e+01 7.478502e-25
1.313327e+01 7.463127e-25
1.316355e+01 7.454344e-25
1.319391e+01 7.438738e-25
1.322433e+01 7.423063e-25
1.325483e+01 7.414660e-25
1.328539e+01 7.398753e-25
1.331603e+01 7.390977e-25
1.334674e+01 7.380398e-25
1.337752e+01 7.367780e-25
1.340836e+01 7.351395e-25
1.343928e+01 7.345168e-25
1.347027e+01 7.328537e-25
1.350134e+01 7.311853e-25
1.353247e+01 7.295118e-25
1.356368e+01 7.272053e-25
1.359496e+01 7.251945e-25
1.362631e+01 7.235189e-25
1.365773e+01 7.218384e-25
1.368922e+01 7.193526e-25
1.372079e+01 7.176733e-25
1.375243e+01 7.153097e-25
1.378414e+01 7.136301e-25
1.381593e+01 7.119461e-25
1.384779e+01 7.102576e-25
1.387972e+01 7.080030e-25
1.391173e+01 7.063136e-25
1.394381e+01 7.046200e-25
1.397596e+01 7.029226e-25
1.400819e+01 7.012213e-25
1.404050e+01 6.995165e-25
1.407287e+01 6.978081e-25
1.410533e+01 6.960965e-25
1.413785e+01 6.943817e-25
1.417045e+01 6.926639e-25
1.420313e+01 6.914364e-25
1.423588e+01 6.897067e-25
1.426871e+01 6.879747e-25
1.430162e+01 6.862404e-25
1.433460e+01 6.845041e-25
1.436765e+01 6.832963e-25
1.440078e+01 6.815496e-25
1.443399e+01 6.798015e-25
1.446728e+01 6.786378e-25
1.450064e+01 6.768799e-25
1.453408e+01 6.751212e-25
1.456759e+01 6.733619e-25
1.460119e+01 6.710456e-25
1.463486e+01 6.692928e-25
1.466860e+01 6.675398e-25
1.470243e+01 6.653201e-25
1.473633e+01 6.635735e-25
1.477032e+01 6.614308e-25
1.480438e+01 6.596902e-25
1.483852e+01 6.579503e-25
1.487273e+01 6.558791e-25
1.490703e+01 6.541457e-25
1.494141e+01 6.524137e-25
1.497586e+01 6.506833e-25
1.501040e+01 6.489548e-25
1.504501e+01 6.472284e-25
1.507970e+01 6.455042e-25
1.511448e+01 6.437827e-25
1.514933e+01 6.420640e-25
1.518427e+01 6.403484e-25
1.521928e+01 6.386360e-25
1.525438e+01 6.369273e-25
1.528955e+01 6.352223e-25
1.532481e+01 6.335215e-25
1.536015e+01 6.318250e-25
1.539557e+01 6.301331e-25
1.543107e+01 6.287178e-25
1.546666e+01 6.270326e-25
1.550232e+01 6.250879e-25
1.553807e+01 6.231894e-25
1.557390e+01 6.215276e-25
1.560982e+01 6.198367e-25
1.564581e+01 6.180320e-25
1.568189e+01 6.163922e-25
1.571805e+01 6.149459e-25
1.575430e+01 6.131343e-25
1.579063e+01 6.115168e-25
1.582704e+01 6.099073e-25
1.586354e+01 6.083061e-25
1.590012e+01 6.067135e-25
1.593679e+01 6.053026e-25
1.597354e+01 6.035556e-25
1.601037e+01 6.019908e-25
1.604729e+01 6.004360e-25
1.608430e+01 5.988914e-25
1.612139e+01 5.974263e-25
1.615857e+01 5.959943e-25
1.619583e+01 5.944803e-25
1.623317e+01 5.929780e-25
1.627061e+01 5.914875e-25
1.630813e+01 5.898573e-25
1.634574e+01 5.883936e-25
1.638343e+01 5.870910e-25
1.642121e+01 5.855054e-25
1.645908e+01 5.840814e-25
1.649703e+01 5.826714e-25
1.653507e+01 5.812495e-25
1.657320e+01 5.797737e-25
1.661142e+01 5.785285e-25
1.664973e+01 5.778269e-25
1.668812e+01 5.760400e-25
1.672661e+01 5.745006e-25
1.676518e+01 5.731072e-25
1.680384e+01 5.718224e-25
1.684259e+01 5.705547e-25
1.688143e+01 5.693044e-25
1.692035e+01 5.680717e-25
1.695937e+01 5.668570e-25
1.699848e+01 5.656606e-25
1.703768e+01 5.644829e-25
1.707697e+01 5.633242e-25
1.711635e+01 5.621849e-25
1.715582e+01 5.610651e-25
1.719538e+01 5.599653e-25
1.723503e+01 5.588020e-25
1.727478e+01 5.577442e-25
1.731461e+01 5.567682e-25
1.735454e+01 5.557719e-25
1.739456e+01 5.546971e-25
1.743467e+01 5.538028e-25
1.747488e+01 5.528511e-25
1.751517e+01 5.519218e-25
1.755556e+01 5.510150e-25
1.759605e+01 5.501310e-25
1.763662e+01 5.492702e-25
1.767729e+01 5.484326e-25
1.771806e+01 5.476187e-25
1.775892e+01 5.468285e-25
1.779987e+01 5.460624e-25
1.784092e+01 5.453204e-25
1.788206e+01 5.446029e-25
1.792329e+01 5.439101e-25
1.796462e+01 5.432420e-25
1.800605e+01 5.425990e-25
1.804757e+01 5.419811e-25
1.808919e+01 5.413884e-25
1.813090e+01 5.408213e-25
1.817271e+01 5.402797e-25
1.821462e+01 5.397638e-25
1.825662e+01 5.392736e-25
1.829872e+01 5.388094e-25
1.834092e+01 5.383712e-25
1.838322e+01 5.379590e-25
1.842561e+01 5.376357e-25
1.846810e+01 5.372747e-25
1.851068e+01 5.369400e-25
1.855337e+01 5.366314e-25
1.859615e+01 5.363490e-25
1.863904e+01 5.360928e-25
1.868202e+01 5.358627e-25
1.872510e+01 5.356587e-25
1.876828e+01 5.354808e-25
1.881156e+01 5.352745e-25
1.885494e+01 5.351492e-25
1.889842e+01 5.350497e-25
1.894200e+01 5.349758e-25
1.898568e+01 5.349272e-25
1.902946e+01 5.349040e-25
1.907334e+01 5.349058e-25
1.911733e+01 5.349325e-25
1.916141e+01 5.349839e-25
1.920560e+01 5.350596e-25
1.924989e+01 5.351594e-25
1.929428e+01 5.352830e-25
1.933877e+01 5.354301e-25
1.938336e+01 5.356004e-25
1.942806e+01 5.357935e-25
1.947286e+01 5.360091e-25
1.951777e+01 5.362466e-25
1.956278e+01 5.365058e-25
1.960789e+01 5.367861e-25
1.965310e+01 5.370870e-25
1.969842e+01 5.374082e-25
1.974385e+01 5.377490e-25
1.978938e+01 5.381090e-25
1.983501e+01 5.384876e-25
1.988075e+01 5.388841e-25
1.992660e+01 5.392981e-25
1.997255e+01 5.397288e-25
2.001861e+01 5.401756e-25
2.006477e+01 5.406379e-25
2.011104e+01 5.411150e-25
2.015741e+01 5.416062e-25
2.020390e+01 5.421108e-25
2.025049e+01 5.426279e-25
2.029719e+01 5.431570e-25
2.034399e+01 5.436972e-25
2.039090e+01 5.442477e-25
2.043793e+01 5.448077e-25
2.048506e+01 5.453765e-25
2.053229e+01 5.459532e-25
2.057964e+01 5.465369e-25
2.062710e+01 5.471270e-25
2.067466e+01 5.477224e-25
2.072234e+01 5.483224e-25
2.077013e+01 5.489262e-25
2.081802e+01 5.495369e-25
2.086603e+01 5.501414e-25
2.091415e+01 5.507512e-25
2.096237e+01 5.513613e-25
2.101071e+01 5.519708e-25
2.105916e+01 5.525790e-25
2.110773e+01 5.531849e-25
2.115640e+01 5.537877e-25
2.120519e+01 5.543867e-25
2.125409e+01 5.549809e-25
2.130310e+01 5.555696e-25
2.135223e+01 5.561520e-25
2.140146e+01 5.567273e-25
2.145082e+01 5.572947e-25
2.150028e+01 5.578535e-25
2.154986e+01 5.584030e-25
2.159956e+01 5.589424e-25
2.164936e+01 5.594710e-25
2.169929e+01 5.599883e-25
2.174933e+01 5.604934e-25
2.179948e+01 5.609858e-25
2.184975e+01 5.614648e-25
2.190014e+01 5.619299e-25
2.195064e+01 5.623805e-25
2.200126e+01 5.628161e-25
2.205199e+01 5.632361e-25
2.210284e+01 5.636400e-25
2.215381e+01 5.640274e-25
2.220490e+01 5.643978e-25
2.225610e+01 5.647508e-25
2.230743e+01 5.650860e-25
2.235887e+01 5.654031e-25
2.241043e+01 5.657016e-25
2.246211e+01 5.659813e-25
2.251390e+01 5.662420e-25
2.256582e+01 5.664832e-25
2.261786e+01 5.667048e-25
2.267002e+01 5.669066e-25
2.272229e+01 5.670884e-25
2.277469e+01 5.672499e-25
2.282721e+01 5.673911e-25
2.287985e+01 5.675119e-25
2.293261e+01 5.676121e-25
2.298549e+01 5.676917e-25
2.303850e+01 5.677506e-25
2.309162e+01 5.677889e-25
2.314487e+01 5.678064e-25
2.319825e+01 5.678031e-25
2.325174e+01 5.677793e-25
2.330536e+01 5.677348e-25
2.335910e+01 5.676697e-25
2.341297e+01 5.675842e-25
2.346696e+01 5.674783e-25
2.352107e+01 5.673521e-25
2.357531e+01 5.672058e-25
2.362968e+01 5.670396e-25
2.368417e+01 5.668550e-25
2.373878e+01 5.666528e-25
2.379353e+01 5.664229e-25
2.384839e+01 5.661786e-25
2.390339e+01 5.659358e-25
2.395851e+01 5.656472e-25
2.401376e+01 5.653624e-25
2.406914e+01 5.650273e-25
2.412464e+01 5.646771e-25
2.418027e+01 5.643353e-25
2.423603e+01 5.639629e-25
2.429192e+01 5.635732e-25
2.434794e+01 5.631666e-25
2.440408e+01 5.627433e-25
2.446036e+01 5.623036e-25
2.451676e+01 5.618478e-25
2.457330e+01 5.613762e-25
2.462997e+01 5.608892e-25
2.468676e+01 5.603870e-25
2.474369e+01 5.598845e-25
2.480075e+01 5.593383e-25
2.485794e+01 5.588085e-25
2.491526e+01 5.582328e-25
2.497272e+01 5.576595e-25
2.503031e+01 5.570729e-25
2.508803e+01 5.564734e-25
2.514588e+01 5.558613e-25
2.520387e+01 5.552368e-25
2.526199e+01 5.546003e-25
2.532024e+01 5.539404e-25
2.537863e+01 5.532927e-25
2.543715e+01 5.526222e-25
2.549581e+01 5.519409e-25
2.555460e+01 5.512492e-25
2.561353e+01 5.505474e-25
2.567260e+01 5.498358e-25
2.573180e+01 5.491147e-25
2.579114e+01 5.483843e-25
2.585061e+01 5.476450e-25
2.591022e+01 5.468971e-25
2.596997e+01 5.461301e-25
2.602986e+01 5.453766e-25
2.608988e+01 5.446046e-25
2.615005e+01 5.438250e-25
2.621035e+01 5.430383e-25
2.627079e+01 5.422446e-25
2.633137e+01 5.414442e-25
2.639209e+01 5.406374e-25
2.645295e+01 5.398244e-25
2.651395e+01 5.390056e-25
2.657509e+01 5.381810e-25
2.663638e+01 5.373511e-25
2.669780e+01 5.365160e-25
2.675937e+01 5.356759e-25
2.682107e+01 5.348312e-25
2.688292e+01 5.339819e-25
2.694492e+01 5.331285e-25
2.700705e+01 5.322709e-25
2.706933e+01 5.314096e-25
2.713175e+01 5.305447e-25
2.719432e+01 5.296763e-25
2.725703e+01 5.288048e-25
2.731988e+01 5.279302e-25
2.738288e+01 5.270528e-25
2.744603e+01 5.261728e-25
2.750932e+01 5.252904e-25
2.757275e+01 5.244057e-25
2.763634e+01 5.235189e-25
2.770007e+01 5.226302e-25
2.776394e+01 5.217397e-25
2.782797e+01 5.208477e-25
2.789214e+01 5.199543e-25
2.795646e+01 5.190595e-25
2.802093e+01 5.181637e-25
2.808554e+01 5.172669e-25
2.815031e+01 5.163693e-25
2.821522e+01 5.154710e-25
2.828029e+01 5.145721e-25
2.834550e+01 5.136729e-25
2.841087e+01 5.127733e-25
2.847638e+01 5.118736e-25
2.854205e+01 5.109739e-25
2.860787e+01 5.100743e-25
2.867384e+01 5.091748e-25
2.873996e+01 5.082757e-25
2.880623e+01 5.073770e-25
2.887266e+01 5.064789e-25
2.893924e+01 5.055814e-25
2.900598e+01 5.046846e-25
2.907286e+01 5.037886e-25
2.913991e+01 5.028936e-25
2.920710e+01 5.019996e-25
2.927446e+01 5.011067e-25
2.934196e+01 5.002151e-25
2.940963e+01 4.993247e-25
2.947744e+01 4.984356e-25
2.954542e+01 4.975480e-25
2.961355e+01 4.966646e-25
2.968184e+01 4.957833e-25
2.975029e+01 4.949018e-25
2.981889e+01 4.940206e-25
2.988765e+01 4.931412e-25
2.995658e+01 4.922637e-25
3.002566e+01 4.913881e-25
3.009489e+01 4.905145e-25
3.016429e+01 4.896430e-25
3.023385e+01 4.887735e-25
3.030357e+01 4.879062e-25
3.037345e+01 4.870411e-25
3.044349e+01 4.861782e-25
3.051370e+01 4.853177e-25
3.058406e+01 4.844595e-25
3.065459e+01 4.836037e-25
3.072528e+01 4.827503e-25
3.079613e+01 4.818994e-25
3.086715e+01 4.810510e-25
3.093833e+01 4.802052e-25
3.100967e+01 4.793620e-25
3.108118e+01 4.785214e-25
3.115285e+01 4.776834e-25
3.122469e+01 4.768481e-25
3.129670e+01 4.760156e-25
3.136887e+01 4.751858e-25
3.144120e+01 4.743588e-25
3.151371e+01 4.735346e-25
3.158638e+01 4.727132e-25
3.165922e+01 4.718946e-25
3.173222e+01 4.710790e-25
3.180540e+01 4.702662e-25
3.187874e+01 4.694564e-25
3.195225e+01 4.686495e-25
3.202594e+01 4.678455e-25
3.209979e+01 4.670445e-25
3.217381e+01 4.662465e-25
3.224800e+01 4.654515e-25
3.232237e+01 4.646595e-25
3.239690e+01 4.638706e-25
3.247161e+01 4.630847e-25
3.254649e+01 4.623018e-25
3.262154e+01 4.615220e-25
3.269677e+01 4.607453e-25
3.277217e+01 4.599717e-25
3.284774e+01 4.592011e-25
3.292349e+01 4.584337e-25
3.299941e+01 4.576693e-25
3.307551e+01 4.569081e-25
3.315178e+01 4.561499e-25
3.322823e+01 4.553949e-25
3.330485e+01 4.546430e-25
3.338165e+01 4.538943e-25
3.345863e+01 4.531486e-25
3.353579e+01 4.524061e-25
3.361312e+01 4.516667e-25
3.369063e+01 4.509305e-25
3.376832e+01 4.501973e-25
3.384619e+01 4.494674e-25
3.392424e+01 4.487405e-25
3.400247e+01 4.480168e-25
3.408088e+01 4.472961e-25
3.415947e+01 4.465787e-25
3.423825e+01 4.458643e-25
3.431720e+01 4.451571e-25
3.439634e+01 4.444489e-25
3.447565e+01 4.437439e-25
3.455515e+01 4.430419e-25
3.463484e+01 4.423430e-25
3.471471e+01 4.416472e-25
3.479476e+01 4.409545e-25
3.487500e+01 4.402649e-25
3.495542e+01 4.395784e-25
3.503603e+01 4.388949e-25
3.511682e+01 4.382145e-25
3.519780e+01 4.375371e-25
3.527897e+01 4.368628e-25
3.536032e+01 4.361915e-25
3.544186e+01 4.355233e-25
3.552359e+01 4.348581e-25
3.560551e+01 4.341959e-25
3.568761e+01 4.335366e-25
3.576991e+01 4.328804e-25
3.585240e+01 4.322272e-25
3.593507e+01 4.315769e-25
3.601794e+01 4.309296e-25
3.610100e+01 4.302853e-25
3.618424e+01 4.296439e-25
3.626769e+01 4.290054e-25
3.635132e+01 4.283699e-25
3.643515e+01 4.277373e-25
3.651917e+01 4.271075e-25
3.660338e+01 4.264807e-25
3.668779e+01 4.258567e-25
3.677239e+01 4.252366e-25
3.685719e+01 4.246206e-25
3.694218e+01 4.240051e-25
3.702737e+01 4.233925e-25
3.711275e+01 4.227827e-25
3.719834e+01 4.221757e-25
3.728412e+01 4.215715e-25
3.737009e+01 4.209701e-25
3.745627e+01 4.203715e-25
3.754264e+01 4.197756e-25
3.762922e+01 4.191824e-25
3.771599e+01 4.185920e-25
3.780296e+01 4.180043e-25
3.789014e+01 4.174193e-25
3.797751e+01 4.168370e-25
3.806509e+01 4.162574e-25
3.815287e+01 4.156805e-25
3.824085e+01 4.151062e-25
3.832903e+01 4.145345e-25
3.841742e+01 4.139655e-25
3.850601e+01 4.133991e-25
3.859480e+01 4.128353e-25
3.868380e+01 4.122740e-25
3.877301e+01 4.117154e-25
3.886242e+01 4.111593e-25
3.895204e+01 4.106058e-25
3.904186e+01 4.100548e-25
3.913189e+01 4.095063e-25
3.922213e+01 4.089604e-25
3.931258e+01 4.084169e-25
3.940323e+01 4.078760e-25
3.949410e+01 4.073376e-25
3.958517e+01 4.068017e-25
3.967645e+01 4.062685e-25
3.976795e+01 4.057381e-25
3.985965e+01 4.052113e-25
3.995157e+01 4.046926e-25
4.004370e+01 4.042828e-25
4.013604e+01 4.036953e-25
4.022859e+01 4.031246e-25
4.032136e+01 4.026024e-25
4.041434e+01 4.020865e-25
4.050754e+01 4.015737e-25
4.060095e+01 4.010636e-25
4.069457e+01 4.005558e-25
4.078842e+01 4.000505e-25
4.088247e+01 3.995474e-25
4.097675e+01 3.990466e-25
4.107124e+01 3.985480e-25
4.116595e+01 3.980517e-25
4.126088e+01 3.975576e-25
4.135603e+01 3.970657e-25
4.145140e+01 3.965760e-25
4.154698e+01 3.960884e-25
4.164279e+01 3.956031e-25
4.173882e+01 3.951198e-25
4.183507e+01 3.946387e-25
4.193154e+01 3.941597e-25
4.202824e+01 3.936828e-25
4.212516e+01 3.932080e-25
4.222230e+01 3.927353e-25
4.231966e+01 3.922647e-25
4.241725e+01 3.917961e-25
4.251507e+01 3.913295e-25
4.261311e+01 3.908650e-25
4.271137e+01 3.904025e-25
4.280986e+01 3.899420e-25
4.290858e+01 3.894835e-25
4.300753e+01 3.890270e-25
4.310671e+01 3.885724e-25
4.320611e+01 3.881198e-25
4.330575e+01 3.876691e-25
4.340561e+01 3.872204e-25
4.350570e+01 3.867735e-25
4.360603e+01 3.863286e-25
4.370658e+01 3.858856e-25
4.380737e+01 3.854445e-25
4.390839e+01 3.850052e-25
4.400964e+01 3.845678e-25
4.411113e+01 3.841322e-25
4.421285e+01 3.836985e-25
4.431481e+01 3.832666e-25
4.441700e+01 3.828365e-25
4.451942e+01 3.824082e-25
4.462208e+01 3.819817e-25
4.472498e+01 3.815570e-25
4.482812e+01 3.811340e-25
4.493149e+01 3.807128e-25
4.503511e+01 3.802934e-25
4.513896e+01 3.798757e-25
4.524305e+01 3.794597e-25
4.534738e+01 3.790454e-25
4.545195e+01 3.786328e-25
4.555676e+01 3.782219e-25
4.566182e+01 3.778126e-25
4.576711e+01 3.774051e-25
4.587265e+01 3.769992e-25
4.597843e+01 3.765949e-25
4.608446e+01 3.761923e-25
4.619073e+01 3.757913e-25
4.629725e+01 3.753919e-25
4.640401e+01 3.749942e-25
4.651102e+01 3.745980e-25
4.661827e+01 3.742034e-25
4.672578e+01 3.738104e-25
4.683353e+01 3.734189e-25
4.694152e+01 3.730290e-25
4.704977e+01 3.726407e-25
4.715827e+01 3.722538e-25
4.726702e+01 3.718685e-25
4.737601e+01 3.714847e-25
4.748526e+01 3.711025e-25
4.759476e+01 3.707217e-25
4.770452e+01 3.703424e-25
4.781453e+01 3.699646e-25
4.792479e+01 3.695882e-25
4.803530e+01 3.692133e-25
4.814607e+01 3.688398e-25
4.825710e+01 3.684678e-25
4.836838e+01 3.680972e-25
4.847992e+01 3.677281e-25
4.859171e+01 3.673603e-25
4.870376e+01 3.669940e-25
4.881607e+01 3.666290e-25
4.892864e+01 3.662654e-25
4.904147e+01 3.659032e-25
4.915456e+01 3.655424e-25
4.926792e+01 3.651829e-25
4.938153e+01 3.648248e-25
4.949540e+01 3.644680e-25
4.960954e+01 3.641126e-25
4.972394e+01 3.637585e-25
4.983860e+01 3.634056e-25
4.995353e+01 3.630541e-25
5.006872e+01 3.627039e-25
5.018418e+01 3.623550e-25
5.029991e+01 3.620074e-25
5.041590e+01 3.616610e-25
5.053216e+01 3.613159e-25
5.064869e+01 3.609721e-25
5.076548e+01 3.606295e-25
5.088255e+01 3.602882e-25
5.099988e+01 3.599481e-25
5.111749e+01 3.596092e-25
5.123537e+01 3.592716e-25
5.135352e+01 3.589351e-25
5.147194e+01 3.585999e-25
5.159063e+01 3.582658e-25
5.170960e+01 3.579330e-25
5.182884e+01 3.576013e-25
5.194836e+01 3.572708e-25
5.206816e+01 3.569415e-25
5.218822e+01 3.566133e-25
5.230857e+01 3.562863e-25
5.242920e+01 3.559604e-25
5.255010e+01 3.556357e-25
5.267128e+01 3.553121e-25
5.279274e+01 3.549896e-25
5.291448e+01 3.546683e-25
5.303650e+01 3.543480e-25
5.315880e+01 3.540289e-25
5.328139e+01 3.537108e-25
5.340425e+01 3.533939e-25
5.352741e+01 3.530780e-25
5.365084e+01 3.527632e-25
5.377456e+01 3.524495e-25
5.389856e+01 3.521368e-25
5.402285e+01 3.518253e-25
5.414743e+01 3.515147e-25
5.427230e+01 3.512052e-25
5.439745e+01 3.508967e-25
5.452289e+01 3.505893e-25
5.464862e+01 3.502829e-25
5.477464e+01 3.499775e-25
5.490095e+01 3.496732e-25
5.502755e+01 3.493698e-25
5.515445e+01 3.490675e-25
5.528163e+01 3.487661e-25
5.540911e+01 3.484657e-25
5.553689e+01 3.481663e-25
5.566495e+01 3.478679e-25
5.579332e+01 3.475705e-25
5.592198e+01 3.472740e-25
5.605093e+01 3.469785e-25
5.618019e+01 3.466840e-25
5.630974e+01 3.463904e-25
5.643959e+01 3.460977e-25
5.656974e+01 3.458061e-25
5.670019e+01 3.455153e-25
5.683094e+01 3.452255e-25
5.696200e+01 3.449366e-25
5.709335e+01 3.446486e-25
5.722501e+01 3.443615e-25
5.735697e+01 3.440755e-25
5.748923e+01 3.437905e-25
5.762181e+01 3.435083e-25
5.775468e+01 3.432723e-25
5.788786e+01 3.429408e-25
5.802135e+01 3.426581e-25
5.815515e+01 3.423770e-25
5.828926e+01 3.420970e-25
5.842367e+01 3.418178e-25
5.855840e+01 3.415396e-25
5.869344e+01 3.412621e-25
5.882878e+01 3.409856e-25
5.896444e+01 3.407099e-25
5.910041e+01 3.404351e-25
5.923670e+01 3.401610e-25
5.937330e+01 3.398879e-25
5.951022e+01 3.396155e-25
5.964745e+01 3.393440e-25
5.978500e+01 3.390733e-25
5.992286e+01 3.388034e-25
6.006104e+01 3.385344e-25
6.019954e+01 3.382661e-25
6.033836e+01 3.379986e-25
6.047750e+01 3.377320e-25
6.061697e+01 3.374661e-25
6.075675e+01 3.372010e-25
6.089686e+01 3.369367e-25
6.103728e+01 3.366732e-25
6.117804e+01 3.364105e-25
6.131911e+01 3.361485e-25
6.146052e+01 3.358873e-25
6.160224e+01 3.356269e-25
6.174430e+01 3.353672e-25
6.188668e+01 3.351083e-25
6.202939e+01 3.348502e-25
6.217243e+01 3.345927e-25
6.231580e+01 3.343361e-25
6.245950e+01 3.340802e-25
6.260354e+01 3.338250e-25
6.274790e+01 3.335705e-25
6.289260e+01 3.333168e-25
6.303763e+01 3.330638e-25
6.318299e+01 3.328115e-25
6.332869e+01 3.325600e-25
6.347473e+01 3.323092e-25
6.362110e+01 3.320590e-25
6.376781e+01 3.318096e-25
6.391486e+01 3.315609e-25
6.406225e+01 3.313129e-25
6.420998e+01 3.310656e-25
6.435805e+01 3.308190e-25
6.450646e+01 3.305730e-25
6.465521e+01 3.303278e-25
6.480431e+01 3.300832e-25
6.495375e+01 3.298393e-25
6.510353e+01 3.295961e-25
6.525366e+01 3.293536e-25
6.540413e+01 3.291118e-25
6.555496e+01 3.288706e-25
6.570613e+01 3.286301e-25
6.585765e+01 3.283902e-25
6.600951e+01 3.281510e-25
6.616173e+01 3.279124e-25
6.631430e+01 3.276745e-25
6.646722e+01 3.274373e-25
6.662050e+01 3.272007e-25
6.677412e+01 3.269647e-25
6.692811e+01 3.267294e-25
6.708244e+01 3.264947e-25
6.723714e+01 3.262607e-25
6.739218e+01 3.260273e-25
6.754759e+01 3.257945e-25
6.770336e+01 3.255623e-25
6.785948e+01 3.253308e-25
6.801597e+01 3.250998e-25
6.817281e+01 3.248695e-25
6.833002e+01 3.246398e-25
6.848759e+01 3.244107e-25
6.864552e+01 3.241823e-25
6.880382e+01 3.239544e-25
6.896248e+01 3.237271e-25
6.912151e+01 3.235005e-25
6.928090e+01 3.232744e-25
6.944067e+01 3.230489e-25
6.960080e+01 3.228240e-25
6.976130e+01 3.225998e-25
6.992217e+01 3.223761e-25
7.008341e+01 3.221529e-25
7.024502e+01 3.219304e-25
7.040701e+01 3.217084e-25
7.056936e+01 3.214871e-25
7.073210e+01 3.212663e-25
7.089521e+01 3.210460e-25
7.105869e+01 3.208264e-25
7.122255e+01 3.206073e-25
7.138679e+01 3.203887e-25
7.155141e+01 3.201708e-25
7.171641e+01 3.199534e-25
7.188179e+01 3.197365e-25
7.204755e+01 3.195202e-25
7.221369e+01 3.193045e-25
7.238022e+01 3.190893e-25
7.254713e+01 3.188747e-25
7.271442e+01 3.186606e-25
7.288210e+01 3.184471e-25
7.305017e+01 3.182341e-25
7.321862e+01 3.180216e-25
7.338746e+01 3.178097e-25
7.355669e+01 3.175983e-25
7.372632e+01 3.173874e-25
7.389633e+01 3.171771e-25
7.406674e+01 3.169673e-25
7.423753e+01 3.167581e-25
7.440873e+01 3.165494e-25
7.458031e+01 3.163411e-25
7.475230e+01 3.161335e-25
7.492468e+01 3.159263e-25
7.509745e+01 3.157197e-25
7.527063e+01 3.155135e-25
7.544420e+01 3.153079e-25
7.561818e+01 3.151028e-25
7.579255e+01 3.148982e-25
7.596733e+01 3.146941e-25
7.614251e+01 3.144906e-25
7.631810e+01 3.142875e-25
7.649409e+01 3.140849e-25
7.667048e+01 3.138828e-25
7.684729e+01 3.136813e-25
7.702450e+01 3.134802e-25
7.720212e+01 3.132796e-25
7.738015e+01 3.130796e-25
7.755858e+01 3.128800e-25
7.773744e+01 3.126809e-25
7.791670e+01 3.124823e-25
7.809638e+01 3.122842e-25
7.827647e+01 3.120865e-25
7.845697e+01 3.118894e-25
7.863789e+01 3.116927e-25
7.881923e+01 3.114965e-25
7.900099e+01 3.113008e-25
7.918317e+01 3.111056e-25
7.936577e+01 3.109108e-25
7.954878e+01 3.107166e-25
7.973222e+01 3.105228e-25
7.991609e+01 3.103294e-25
8.010037e+01 3.101366e-25
8.028509e+01 3.099442e-25
8.047022e+01 3.097523e-25
8.065579e+01 3.095608e-25
8.084178e+01 3.093698e-25
8.102820e+01 3.091793e-25
8.121506e+01 3.089892e-25
8.140234e+01 3.087996e-25
8.159005e+01 3.086104e-25
8.177820e+01 3.084217e-25
8.196678e+01 3.082335e-25
8.215580e+01 3.080457e-25
8.234525e+01 3.078584e-25
8.253514e+01 3.076715e-25
8.272546e+01 3.074850e-25
8.291623e+01 3.072991e-25
8.310744e+01 3.071135e-25
8.329908e+01 3.069284e-25
8.349117e+01 3.067438e-25
8.368370e+01 3.065596e-25
8.387668e+01 3.063758e-25
8.407010e+01 3.061925e-25
8.426396e+01 3.060096e-25
8.445828e+01 3.058272e-25
8.465304e+01 3.056452e-25
8.484825e+01 3.054636e-25
8.504391e+01 3.052824e-25
8.524002e+01 3.051017e-25
8.543659e+01 3.049215e-25
8.563360e+01 3.047416e-25
8.583107e+01 3.045622e-25
8.602900e+01 3.043832e-25
8.622738e+01 3.042047e-25
8.642623e+01 3.040266e-25
8.662553e+01 3.038489e-25
8.682528e+01 3.036716e-25
8.702550e+01 3.034947e-25
8.722619e+01 3.033183e-25
8.742733e+01 3.031423e-25
8.762894e+01 3.029667e-25
8.783101e+01 3.027915e-25
8.803355e+01 3.026168e-25
8.823656e+01 3.024424e-25
8.844003e+01 3.022685e-25
8.864397e+01 3.020950e-25
8.884839e+01 3.019219e-25
8.905327e+01 3.017492e-25
8.925863e+01 3.015769e-25
8.946446e+01 3.014051e-25
8.967077e+01 3.012336e-25
8.987755e+01 3.010626e-25
9.008481e+01 3.008920e-25
9.029254e+01 3.007217e-25
9.050076e+01 3.005519e-25
9.070945e+01 3.003825e-25
9.091863e+01 3.002135e-25
9.112829e+01 3.000449e-25
9.133843e+01 2.998767e-25
9.154906e+01 2.997088e-25
9.176017e+01 2.995414e-25
9.197177e+01 2.993744e-25
9.218386e+01 2.992078e-25
9.239644e+01 2.990416e-25
9.260950e+01 2.988758e-25
9.282306e+01 2.987104e-25
9.303711e+01 2.985454e-25
9.325166e+01 2.983807e-25
9.346669e+01 2.982165e-25
9.368223e+01 2.980526e-25
9.389826e+01 2.978892e-25
9.411479e+01 2.977261e-25
9.433182e+01 2.975635e-25
9.454935e+01 2.974012e-25
9.476738e+01 2.972393e-25
9.498592e+01 2.970778e-25
9.520496e+01 2.969167e-25
9.542450e+01 2.967559e-25
9.564455e+01 2.965956e-25
9.586511e+01 2.964356e-25
9.608617e+01 2.962760e-25
9.630775e+01 2.961169e-25
9.652983e+01 2.959580e-25
9.675243e+01 2.957996e-25
9.697554e+01 2.956416e-25
9.719917e+01 2.954839e-25
9.742331e+01 2.953266e-25
9.764797e+01 2.951697e-25
9.787315e+01 2.950132e-25
9.809884e+01 2.948570e-25
9.832506e+01 2.947013e-25
9.855180e+01 2.945459e-25
9.877906e+01 2.943908e-25
9.900685e+01 2.942362e-25
9.923516e+01 2.940819e-25
9.946399e+01 2.939280e-25
9.969336e+01 2.937745e-25
9.992325e+01 2.936213e-25
1.001537e+02 2.934686e-25
1.003846e+02 2.933162e-25
1.006161e+02 2.931641e-25
1.008481e+02 2.930125e-25
1.010807e+02 2.928612e-25
1.013138e+02 2.927102e-25
1.015474e+02 2.925597e-25
1.017816e+02 2.924095e-25
1.020163e+02 2.922597e-25
1.022515e+02 2.921102e-25
1.024873e+02 2.919611e-25
1.027237e+02 2.918124e-25
1.029606e+02 2.916640e-25
1.031980e+02 2.915161e-25
1.034360e+02 2.913684e-25
1.036745e+02 2.912212e-25
1.039136e+02 2.910743e-25
1.041532e+02 2.909277e-25
1.043934e+02 2.907816e-25
1.046341e+02 2.906357e-25
1.048754e+02 2.904903e-25
1.051172e+02 2.903452e-25
1.053596e+02 2.902005e-25
1.056026e+02 2.900561e-25
1.058461e+02 2.899121e-25
1.060902e+02 2.897685e-25
1.063348e+02 2.896252e-25
1.065800e+02 2.894822e-25
1.068258e+02 2.893397e-25
1.070722e+02 2.891974e-25
1.073191e+02 2.890556e-25
1.075665e+02 2.889141e-25
1.078146e+02 2.887729e-25
1.080632e+02 2.886321e-25
1.083124e+02 2.884917e-25
1.085622e+02 2.883516e-25
1.088125e+02 2.882119e-25
1.090634e+02 2.880725e-25
1.093149e+02 2.879335e-25
1.095670e+02 2.877949e-25
1.098197e+02 2.876565e-25
1.100729e+02 2.875186e-25
1.103268e+02 2.873810e-25
1.105812e+02 2.872437e-25
1.108362e+02 2.871068e-25
1.110918e+02 2.869703e-25
1.113480e+02 2.868341e-25
1.116047e+02 2.866982e-25
1.118621e+02 2.865628e-25
1.121200e+02 2.864276e-25
1.123786e+02 2.862928e-25
1.126377e+02 2.861584e-25
1.128975e+02 2.860243e-25
1.131578e+02 2.858905e-25
1.134188e+02 2.857571e-25
1.136803e+02 2.856241e-25
1.139425e+02 2.854914e-25
1.142052e+02 2.853590e-25
1.144686e+02 2.852270e-25
1.147325e+02 2.850954e-25
1.149971e+02 2.849641e-25
1.152623e+02 2.848331e-25
1.155281e+02 2.847025e-25
1.157945e+02 2.845722e-25
1.160615e+02 2.844423e-25
1.163292e+02 2.843127e-25
1.165974e+02 2.841835e-25
1.168663e+02 2.840546e-25
1.171358e+02 2.839261e-25
1.174059e+02 2.837979e-25
1.176766e+02 2.836700e-25
1.179480e+02 2.835425e-25
1.182200e+02 2.834154e-25
1.184926e+02 2.832885e-25
1.187658e+02 2.831621e-25
1.190397e+02 2.830360e-25
1.193142e+02 2.829102e-25
1.195894e+02 2.827847e-25
1.198651e+02 2.826596e-25
1.201416e+02 2.825349e-25
1.204186e+02 2.824105e-25
1.206963e+02 2.822864e-25
1.209746e+02 2.821627e-25
1.212536e+02 2.820393e-25
1.215332e+02 2.819163e-25
1.218134e+02 2.817936e-25
1.220943e+02 2.816712e-25
1.223759e+02 2.815492e-25
1.226581e+02 2.814276e-25
1.229410e+02 2.813062e-25
1.232245e+02 2.811852e-25
1.235086e+02 2.810646e-25
1.237934e+02 2.809443e-25
1.240789e+02 2.808244e-25
1.243650e+02 2.807047e-25
1.246518e+02 2.805855e-25
1.249393e+02 2.804665e-25
1.252274e+02 2.803479e-25
1.255161e+02 2.802297e-25
1.258056e+02 2.801118e-25
1.260957e+02 2.799942e-25
1.263865e+02 2.798770e-25
1.266779e+02 2.797601e-25
1.269700e+02 2.796436e-25
1.272628e+02 2.795274e-25
1.275563e+02 2.794115e-25
1.278504e+02 2.792960e-25
1.281453e+02 2.791808e-25
1.284408e+02 2.790660e-25
1.287370e+02 2.789515e-25
1.290338e+02 2.788373e-25
1.293314e+02 2.787235e-25
1.296296e+02 2.786100e-25
1.299285e+02 2.784969e-25
1.302282e+02 2.783841e-25
1.305285e+02 2.782716e-25
1.308295e+02 2.781595e-25
1.311312e+02 2.780478e-25
1.314335e+02 2.779363e-25
1.317366e+02 2.778252e-25
1.320404e+02 2.777145e-25
1.323449e+02 2.776041e-25
1.326501e+02 2.774940e-25
1.329560e+02 2.773843e-25
1.332626e+02 2.772749e-25
1.335699e+02 2.771659e-25
1.338779e+02 2.770572e-25
1.341866e+02 2.769488e-25
1.344961e+02 2.768408e-25
1.348062e+02 2.767331e-25
1.351171e+02 2.766258e-25
1.354287e+02 2.765188e-25
1.357410e+02 2.764121e-25
1.360540e+02 2.763058e-25
1.363677e+02 2.761999e-25
1.366822e+02 2.760942e-25
1.369974e+02 2.759889e-25
1.373133e+02 2.758840e-25
1.376299e+02 2.757794e-25
1.379473e+02 2.756751e-25
1.382654e+02 2.755712e-25
1.385843e+02 2.754676e-25
1.389038e+02 2.753644e-25
1.392241e+02 2.752615e-25
1.395452e+02 2.751590e-25
1.398670e+02 2.750568e-25
1.401895e+02 2.749549e-25
1.405128e+02 2.748534e-25
1.408368e+02 2.747522e-25
1.411616e+02 2.746514e-25
1.414871e+02 2.745509e-25
1.418134e+02 2.744508e-25
1.421404e+02 2.743510e-25
1.424682e+02 2.742515e-25
1.427967e+02 2.741524e-25
1.431260e+02 2.740537e-25
1.434561e+02 2.739552e-25
1.437869e+02 2.738572e-25
1.441184e+02 2.737594e-25
1.444508e+02 2.736621e-25
1.447839e+02 2.735650e-25
1.451178e+02 2.734683e-25
1.454524e+02 2.733720e-25
1.457878e+02 2.732760e-25
1.461240e+02 2.731803e-25
1.464610e+02 2.730850e-25
1.467987e+02 2.729901e-25
1.471372e+02 2.728955e-25
1.474765e+02 2.728012e-25
1.478166e+02 2.727073e-25
1.481575e+02 2.726137e-25
1.484991e+02 2.725205e-25
1.488416e+02 2.724276e-25
1.491848e+02 2.723351e-25
1.495288e+02 2.722429e-25
1.498736e+02 2.721511e-25
1.502192e+02 2.720596e-25
1.505657e+02 2.719685e-25
1.509129e+02 2.718777e-25
1.512609e+02 2.717873e-25
1.516097e+02 2.716972e-25
1.519593e+02 2.716075e-25
1.523097e+02 2.715181e-25
1.526609e+02 2.714291e-25
1.530130e+02 2.713405e-25
1.533658e+02 2.712521e-25
1.537195e+02 2.711642e-25
1.540740e+02 2.710766e-25
1.544293e+02 2.709893e-25
1.547854e+02 2.709024e-25
1.551423e+02 2.708158e-25
1.555001e+02 2.707296e-25
1.558587e+02 2.706438e-25
1.562181e+02 2.705583e-25
1.565783e+02 2.704732e-25
1.569394e+02 2.703884e-25
1.573013e+02 2.703040e-25
1.576640e+02 2.702199e-25
1.580276e+02 2.701362e-25
1.583920e+02 2.700528e-25
1.587573e+02 2.699698e-25
1.591233e+02 2.698872e-25
1.594903e+02 2.698049e-25
1.598581e+02 2.697230e-25
1.602267e+02 2.696414e-25
1.605962e+02 2.695602e-25
1.609665e+02 2.694794e-25
1.613377e+02 2.693989e-25
1.617098e+02 2.693188e-25
1.620827e+02 2.692390e-25
1.624564e+02 2.691596e-25
1.628311e+02 2.690806e-25
1.632065e+02 2.690019e-25
1.635829e+02 2.689236e-25
1.639601e+02 2.688456e-25
1.643382e+02 2.687680e-25
1.647172e+02 2.686908e-25
1.650970e+02 2.686139e-25
1.654777e+02 2.685374e-25
1.658593e+02 2.684613e-25
1.662418e+02 2.683855e-25
1.666252e+02 2.683101e-25
1.670094e+02 2.682351e-25
1.673945e+02 2.681604e-25
1.677805e+02 2.680861e-25
1.681674e+02 2.680122e-25
1.685552e+02 2.679386e-25
1.689439e+02 2.678654e-25
1.693335e+02 2.677926e-25
1.697240e+02 2.677202e-25
1.701154e+02 2.676481e-25
1.705077e+02 2.675764e-25
1.709009e+02 2.675050e-25
1.712950e+02 2.674340e-25
1.716900e+02 2.673634e-25
1.720859e+02 2.672932e-25
1.724827e+02 2.672234e-25
1.728805e+02 2.671539e-25
1.732791e+02 2.670848e-25
1.736787e+02 2.670161e-25
1.740792e+02 2.669477e-25
1.744806e+02 2.668797e-25
1.748830e+02 2.668121e-25
1.752863e+02 2.667449e-25
1.756905e+02 2.666781e-25
1.760956e+02 2.666116e-25
1.765017e+02 2.665455e-25
1.769087e+02 2.664798e-25
1.773167e+02 2.664145e-25
1.777256e+02 2.663495e-25
1.781354e+02 2.662850e-25
1.785462e+02 2.662208e-25
1.789579e+02 2.661570e-25
1.793706e+02 2.660936e-25
1.797842e+02 2.660305e-25
1.801988e+02 2.659679e-25
1.806143e+02 2.659056e-25
1.810308e+02 2.658438e-25
1.814483e+02 2.657823e-25
1.818667e+02 2.657212e-25
1.822861e+02 2.656605e-25
1.827065e+02 2.656001e-25
1.831278e+02 2.655402e-25
1.835501e+02 2.654806e-25
1.839734e+02 2.654215e-25
1.843976e+02 2.653627e-25
1.848228e+02 2.653043e-25
1.852490e+02 2.652464e-25
1.856762e+02 2.651888e-25
1.861044e+02 2.651316e-25
1.865335e+02 2.650748e-25
1.869637e+02 2.650184e-25
1.873948e+02 2.649624e-25
1.878270e+02 2.649068e-25
1.882601e+02 2.648515e-25
1.886942e+02 2.647967e-25
1.891293e+02 2.647423e-25
1.895655e+02 2.646883e-25
1.900026e+02 2.646347e-25
1.904408e+02 2.645814e-25
1.908799e+02 2.645286e-25
1.913201e+02 2.644762e-25
1.917613e+02 2.644242e-25
1.922035e+02 2.643726e-25
1.926467e+02 2.643214e-25
1.930910e+02 2.642706e-25
1.935362e+02 2.642202e-25
1.939825e+02 2.641702e-25
1.944298e+02 2.641206e-25
1.948782e+02 2.640715e-25
1.953276e+02 2.640227e-25
1.957780e+02 2.639744e-25
1.962295e+02 2.639264e-25
1.966820e+02 2.638789e-25
1.971355e+02 2.638318e-25
1.975901e+02 2.637851e-25
1.980458e+02 2.637388e-25
1.985025e+02 2.636929e-25
1.989602e+02 2.636475e-25
1.994190e+02 2.636024e-25
1.998789e+02 2.635578e-25
2.003398e+02 2.635136e-25
2.008018e+02 2.634698e-25
2.012648e+02 2.634265e-25
2.017290e+02 2.633835e-25
2.021942e+02 2.633410e-25
2.026604e+02 2.632989e-25
2.031277e+02 2.632572e-25
2.035962e+02 2.632160e-25
2.040657e+02 2.631752e-25
2.045362e+02 2.631348e-25
2.050079e+02 2.630948e-25
2.054806e+02 2.630553e-25
2.059545e+02 2.630161e-25
2.064294e+02 2.629775e-25
2.069054e+02 2.629392e-25
2.073826e+02 2.629014e-25
2.078608e+02 2.628640e-25
2.083401e+02 2.628270e-25
2.088206e+02 2.627905e-25
2.093021e+02 2.627544e-25
2.097848e+02 2.627188e-25
2.102685e+02 2.626836e-25
2.107534e+02 2.626488e-25
2.112394e+02 2.626145e-25
2.117265e+02 2.625806e-25
2.122148e+02 2.625471e-25
2.127041e+02 2.625141e-25
2.131946e+02 2.624815e-25
2.136863e+02 2.624494e-25
2.141790e+02 2.624177e-25
2.146729e+02 2.623865e-25
2.151680e+02 2.623557e-25
2.156641e+02 2.623254e-25
2.161615e+02 2.622955e-25
2.166599e+02 2.622661e-25
2.171595e+02 2.622371e-25
2.176603e+02 2.622085e-25
2.181622e+02 2.621805e-25
2.186653e+02 2.621528e-25
2.191696e+02 2.621257e-25
2.196750e+02 2.620990e-25
2.201816e+02 2.620727e-25
2.206893e+02 2.620469e-25
2.211982e+02 2.620216e-25
2.217083e+02 2.619967e-25
2.222195e+02 2.619723e-25
2.227320e+02 2.619483e-25
2.232456e+02 2.619248e-25
2.237604e+02 2.619018e-25
2.242764e+02 2.618793e-25
2.247936e+02 2.618572e-25
2.253120e+02 2.618356e-25
2.258315e+02 2.618144e-25
2.263523e+02 2.617937e-25
2.268743e+02 2.617735e-25
2.273975e+02 2.617538e-25
2.279218e+02 2.617345e-25
2.284474e+02 2.617157e-25
2.289742e+02 2.616974e-25
2.295022e+02 2.616796e-25
2.300315e+02 2.616622e-25
2.305619e+02 2.616454e-25
2.310936e+02 2.616290e-25
2.316265e+02 2.616131e-25
2.321606e+02 2.615977e-25
2.326960e+02 2.615827e-25
2.332326e+02 2.615683e-25
2.337704e+02 2.615543e-25
2.343095e+02 2.615408e-25
2.348498e+02 2.615278e-25
2.353914e+02 2.615153e-25
2.359342e+02 2.615033e-25
2.364783e+02 2.614918e-25
2.370236e+02 2.614808e-25
2.375702e+02 2.614703e-25
2.381180e+02 2.614603e-25
2.386671e+02 2.614507e-25
2.392175e+02 2.614417e-25
2.397691e+02 2.614332e-25
2.403220e+02 2.614252e-25
2.408762e+02 2.614176e-25
2.414317e+02 2.614106e-25
2.419884e+02 2.614041e-25
2.425465e+02 2.613981e-25
2.431058e+02 2.613926e-25
2.436664e+02 2.613877e-25
2.442283e+02 2.613832e-25
2.447915e+02 2.613792e-25
2.453560e+02 2.613758e-25
2.459217e+02 2.613729e-25
2.464888e+02 2.613705e-25
2.470572e+02 2.613686e-25
2.476270e+02 2.613672e-25
2.481980e+02 2.613663e-25
2.487703e+02 2.613660e-25
2.493440e+02 2.613662e-25
2.499190e+02 2.613669e-25
2.504953e+02 2.613682e-25
2.510730e+02 2.613699e-25
2.516519e+02 2.613722e-25
2.522322e+02 2.613751e-25
2.528139e+02 2.613784e-25
2.533969e+02 2.613823e-25
2.539812e+02 2.613868e-25
2.545669e+02 2.613917e-25
2.551539e+02 2.613973e-25
2.557423e+02 2.614033e-25
2.563321e+02 2.614099e-25
2.569232e+02 2.614170e-25
2.575156e+02 2.614247e-25
2.581095e+02 2.614329e-25
2.587047e+02 2.614417e-25
2.593012e+02 2.614510e-25
2.598992e+02 2.614609e-25
2.604985e+02 2.614713e-25
2.610992e+02 2.614822e-25
2.617013e+02 2.614938e-25
2.623048e+02 2.615058e-25
2.629097e+02 2.615185e-25
2.635160e+02 2.615317e-25
2.641236e+02 2.615454e-25
2.647327e+02 2.615597e-25
2.653432e+02 2.615746e-25
2.659551e+02 2.615900e-25
2.665684e+02 2.616061e-25
2.671831e+02 2.616226e-25
2.677992e+02 2.616398e-25
2.684167e+02 2.616575e-25
2.690357e+02 2.616758e-25
2.696561e+02 2.616947e-25
2.702779e+02 2.617141e-25
2.709012e+02 2.617341e-25
2.715259e+02 2.617547e-25
2.721520e+02 2.617759e-25
2.727796e+02 2.617976e-25
2.734087e+02 2.618200e-25
2.740391e+02 2.618429e-25
2.746711e+02 2.618664e-25
2.753045e+02 2.618905e-25
2.759393e+02 2.619152e-25
2.765756e+02 2.619405e-25
2.772134e+02 2.619664e-25
2.778527e+02 2.619929e-25
2.784934e+02 2.620200e-25
2.791356e+02 2.620476e-25
2.797793e+02 2.620759e-25
2.804245e+02 2.621048e-25
2.810712e+02 2.621343e-25
2.817193e+02 2.621644e-25
2.823690e+02 2.621951e-25
2.830201e+02 2.622264e-25
2.836727e+02 2.622583e-25
2.843269e+02 2.622908e-25
2.849826e+02 2.623239e-25
2.856397e+02 2.623577e-25
2.862984e+02 2.623921e-25
2.869586e+02 2.624271e-25
2.876203e+02 2.624627e-25
2.882836e+02 2.624989e-25
2.889484e+02 2.625358e-25
2.896147e+02 2.625733e-25
2.902826e+02 2.626114e-25
2.909520e+02 2.626502e-25
2.916229e+02 2.626896e-25
2.922954e+02 2.627296e-25
2.929694e+02 2.627702e-25
2.936450e+02 2.628115e-25
2.943221e+02 2.628535e-25
2.950009e+02 2.628960e-25
2.956811e+02 2.629393e-25
2.963630e+02 2.629831e-25
2.970464e+02 2.630276e-25
2.977314e+02 2.630728e-25
2.984179e+02 2.631186e-25
2.991061e+02 2.631651e-25
2.997958e+02 2.632122e-25
3.004872e+02 2.632600e-25
3.011801e+02 2.633084e-25
3.018746e+02 2.633575e-25
3.025708e+02 2.634073e-25
3.032685e+02 2.634577e-25
3.039678e+02 2.635088e-25
3.046688e+02 2.635605e-25
3.053713e+02 2.636130e-25
3.060755e+02 2.636661e-25
3.067813e+02 2.637198e-25
3.074888e+02 2.637743e-25
3.081979e+02 2.638294e-25
3.089086e+02 2.638852e-25
3.096209e+02 2.639417e-25
3.103349e+02 2.639989e-25
3.110505e+02 2.640568e-25
3.117678e+02 2.641153e-25
3.124868e+02 2.641746e-25
3.132073e+02 2.642345e-25
3.139296e+02 2.642951e-25
3.146535e+02 2.643565e-25
3.153791e+02 2.644185e-25
3.161064e+02 2.644812e-25
3.168353e+02 2.645446e-25
3.175660e+02 2.646088e-25
3.182983e+02 2.646736e-25
3.190323e+02 2.647392e-25
3.197680e+02 2.648054e-25
3.205053e+02 2.648724e-25
3.212444e+02 2.649401e-25
3.219852e+02 2.650085e-25
3.227277e+02 2.650776e-25
3.234719e+02 2.651475e-25
3.242179e+02 2.652180e-25
3.249655e+02 2.652893e-25
3.257149e+02 2.653613e-25
3.264660e+02 2.654341e-25
3.272188e+02 2.655076e-25
3.279734e+02 2.655818e-25
3.287297e+02 2.656568e-25
3.294878e+02 2.657325e-25
3.302476e+02 2.658089e-25
3.310091e+02 2.658861e-25
3.317724e+02 2.659640e-25
3.325375e+02 2.660427e-25
3.333043e+02 2.661221e-25
3.340729e+02 2.662023e-25
3.348433e+02 2.662833e-25
3.356155e+02 2.663650e-25
3.363894e+02 2.664474e-25
3.371651e+02 2.665306e-25
3.379426e+02 2.666146e-25
3.387219e+02 2.666994e-25
3.395030e+02 2.667849e-25
3.402859e+02 2.668712e-25
3.410706e+02 2.669582e-25
3.418571e+02 2.670460e-25
3.426454e+02 2.671347e-25
3.434356e+02 2.672241e-25
3.442275e+02 2.673142e-25
3.450213e+02 2.674052e-25
3.458170e+02 2.674970e-25
3.466144e+02 2.675895e-25
3.474137e+02 2.676828e-25
3.482148e+02 2.677770e-25
3.490178e+02 2.678719e-25
3.498227e+02 2.679676e-25
3.506294e+02 2.680641e-25
3.514379e+02 2.681615e-25
3.522483e+02 2.682596e-25
3.530606e+02 2.683586e-25
3.538748e+02 2.684583e-25
3.546908e+02 2.685589e-25
3.555087e+02 2.686603e-25
3.563285e+02 2.687625e-25
3.571502e+02 2.688656e-25
3.579738e+02 2.689694e-25
3.587993e+02 2.690741e-25
3.596267e+02 2.691796e-25
3.604560e+02 2.692860e-25
3.612872e+02 2.693932e-25
3.621204e+02 2.695012e-25
3.629554e+02 2.696101e-25
3.637924e+02 2.697198e-25
3.646313e+02 2.698304e-25
3.654721e+02 2.699418e-25
3.663149e+02 2.700540e-25
3.671597e+02 2.701672e-25
3.680063e+02 2.702811e-25
3.688550e+02 2.703960e-25
3.697055e+02 2.705117e-25
3.705581e+02 2.706283e-25
3.714126e+02 2.707457e-25
3.722691e+02 2.708640e-25
3.731275e+02 2.709832e-25
3.739880e+02 2.711033e-25
3.748504e+02 2.712242e-25
3.757148e+02 2.713460e-25
3.765812e+02 2.714688e-25
3.774496e+02 2.715924e-25
3.783200e+02 2.717169e-25
3.791924e+02 2.718423e-25
3.800668e+02 2.719686e-25
3.809433e+02 2.720959e-25
3.818217e+02 2.722240e-25
3.827022e+02 2.723530e-25
3.835847e+02 2.724830e-25
3.844693e+02 2.726139e-25
3.853558e+02 2.727457e-25
3.862445e+02 2.728784e-25
3.871352e+02 2.730121e-25
3.880279e+02 2.731467e-25
3.889227e+02 2.732823e-25
3.898196e+02 2.734188e-25
3.907185e+02 2.735563e-25
3.916195e+02 2.736948e-25
3.925226e+02 2.738342e-25
3.934277e+02 2.739746e-25
3.943350e+02 2.741159e-25
3.952443e+02 2.742583e-25
3.961557e+02 2.744017e-25
3.970693e+02 2.745461e-25
3.979849e+02 2.746915e-25
3.989027e+02 2.748379e-25
3.998226e+02 2.749854e-25
4.007445e+02 2.751340e-25
4.016687e+02 2.752836e-25
4.025949e+02 2.754344e-25
4.035233e+02 2.755862e-25
4.044538e+02 2.757392e-25
4.053865e+02 2.758934e-25
4.063213e+02 2.760488e-25
4.072583e+02 2.762055e-25
4.081975e+02 2.763635e-25
4.091388e+02 2.765228e-25
4.100822e+02 2.766836e-25
4.110279e+02 2.768459e-25
4.119757e+02 2.770099e-25
4.129257e+02 2.771756e-25
4.138780e+02 2.773433e-25
4.148324e+02 2.775132e-25
4.157890e+02 2.776856e-25
4.167478e+02 2.778609e-25
4.177088e+02 2.780396e-25
4.186720e+02 2.782226e-25
4.196375e+02 2.784108e-25
4.206052e+02 2.786059e-25
4.215751e+02 2.788102e-25
4.225473e+02 2.790275e-25
4.235217e+02 2.792638e-25
4.244983e+02 2.795297e-25
4.254772e+02 2.798450e-25
4.264584e+02 2.802497e-25
4.274418e+02 2.808366e-25
4.284275e+02 2.818626e-25
4.294154e+02 2.842774e-25
4.304056e+02 2.942333e-25
4.313982e+02 6.119795e-25
4.323930e+02 3.102335e-25
4.333901e+02 2.867670e-25
4.343895e+02 2.833767e-25
4.353912e+02 2.824056e-25
4.363952e+02 2.820794e-25
4.374015e+02 2.819958e-25
4.384102e+02 2.820238e-25
4.394212e+02 2.821103e-25
4.404345e+02 2.822308e-25
4.414501e+02 2.823724e-25
4.424681e+02 2.825280e-25
4.434884e+02 2.826935e-25
4.445111e+02 2.828661e-25
4.455362e+02 2.830441e-25
4.465636e+02 2.832265e-25
4.475934e+02 2.834123e-25
4.486255e+02 2.836012e-25
4.496600e+02 2.837925e-25
4.506970e+02 2.839861e-25
4.517363e+02 2.841817e-25
4.527780e+02 2.843792e-25
4.538221e+02 2.845784e-25
4.548686e+02 2.847792e-25
4.559175e+02 2.849815e-25
4.569689e+02 2.851853e-25
4.580227e+02 2.853905e-25
4.590789e+02 2.855971e-25
4.601375e+02 2.858051e-25
4.611986e+02 2.860144e-25
4.622621e+02 2.862249e-25
4.633281e+02 2.864368e-25
4.643965e+02 2.866499e-25
4.654674e+02 2.868642e-25
4.665408e+02 2.870798e-25
4.676166e+02 2.872967e-25
4.686950e+02 2.875148e-25
4.697758e+02 2.877341e-25
4.708591e+02 2.879546e-25
4.719449e+02 2.881764e-25
4.730332e+02 2.883993e-25
4.741240e+02 2.886235e-25
4.752174e+02 2.888489e-25
4.763132e+02 2.890755e-25
4.774116e+02 2.893034e-25
4.785125e+02 2.895324e-25
4.796160e+02 2.897627e-25
4.807220e+02 2.899942e-25
4.818305e+02 2.902269e-25
4.829416e+02 2.904608e-25
4.840553e+02 2.906960e-25
4.851715e+02 2.909324e-25
4.862903e+02 2.911700e-25
4.874117e+02 2.914089e-25
4.885357e+02 2.916489e-25
4.896623e+02 2.918903e-25
4.907914e+02 2.921328e-25
4.919232e+02 2.923766e-25
4.930576e+02 2.926217e-25
4.941946e+02 2.928680e-25
4.953342e+02 2.931156e-25
4.964764e+02 2.933640e-25
4.976213e+02 2.936143e-25
4.987688e+02 2.938656e-25
4.999190e+02 2.941182e-25
5.010718e+02 2.943720e-25
5.022273e+02 2.946271e-25
5.033854e+02 2.948835e-25
5.045462e+02 2.951411e-25
5.057097e+02 2.954001e-25
5.068759e+02 2.956603e-25
5.080447e+02 2.959218e-25
5.092163e+02 2.961846e-25
5.103906e+02 2.964486e-25
5.115675e+02 2.967140e-25
5.127472e+02 2.969807e-25
5.139296e+02 2.972487e-25
5.151147e+02 2.975180e-25
5.163026e+02 2.977886e-25
5.174932e+02 2.980605e-25
5.186865e+02 2.983337e-25
5.198826e+02 2.986082e-25
5.210815e+02 2.988841e-25
5.222831e+02 2.991613e-25
5.234875e+02 2.994398e-25
5.246946e+02 2.997197e-25
5.259046e+02 3.000009e-25
5.271173e+02 3.002834e-25
5.283329e+02 3.005673e-25
5.295512e+02 3.008526e-25
5.307724e+02 3.011391e-25
5.319963e+02 3.014271e-25
5.332231e+02 3.017164e-25
5.344527e+02 3.020071e-25
5.356852e+02 3.022991e-25
5.369205e+02 3.025926e-25
5.381586e+02 3.028873e-25
5.393996e+02 3.031835e-25
5.406435e+02 3.034811e-25
5.418902e+02 3.037800e-25
5.431398e+02 3.040804e-25
5.443923e+02 3.043821e-25
5.456477e+02 3.046852e-25
5.469059e+02 3.049898e-25
5.481671e+02 3.052957e-25
5.494312e+02 3.056031e-25
5.506982e+02 3.059118e-25
5.519681e+02 3.062220e-25
5.532409e+02 3.065337e-25
5.545167e+02 3.068467e-25
5.557954e+02 3.071612e-25
5.570771e+02 3.074771e-25
5.583617e+02 3.077944e-25
5.596493e+02 3.081132e-25
5.609399e+02 3.084334e-25
5.622334e+02 3.087551e-25
5.635299e+02 3.090783e-25
5.648294e+02 3.094029e-25
5.661319e+02 3.097289e-25
5.674374e+02 3.100565e-25
5.687459e+02 3.103855e-25
5.700575e+02 3.107160e-25
5.713720e+02 3.110479e-25
5.726896e+02 3.113814e-25
5.740102e+02 3.117163e-25
5.753339e+02 3.120527e-25
5.766606e+02 3.123906e-25
5.779904e+02 3.127300e-25
5.793233e+02 3.130710e-25
5.806592e+02 3.134134e-25
5.819982e+02 3.137573e-25
5.833403e+02 3.141028e-25
5.846855e+02 3.144498e-25
5.860338e+02 3.147983e-25
5.873852e+02 3.151483e-25
5.887397e+02 3.154999e-25
5.900973e+02 3.158530e-25
5.914581e+02 3.162077e-25
5.928220e+02 3.165639e-25
5.941890e+02 3.169216e-25
5.955593e+02 3.172809e-25
5.969326e+02 3.176418e-25
5.983091e+02 3.180042e-25
5.996889e+02 3.183682e-25
6.010717e+02 3.187338e-25
6.024578e+02 3.191009e-25
6.038471e+02 3.194697e-25
6.052396e+02 3.198400e-25
6.066353e+02 3.202119e-25
6.080342e+02 3.205854e-25
6.094363e+02 3.209605e-25
6.108417e+02 3.213372e-25
6.122503e+02 3.217155e-25
6.136621e+02 3.220954e-25
6.150772e+02 3.224769e-25
6.164956e+02 3.228601e-25
6.179172e+02 3.232449e-25
6.193422e+02 3.236313e-25
6.207704e+02 3.240194e-25
6.222019e+02 3.244091e-25
6.236367e+02 3.248004e-25
6.250748e+02 3.251934e-25
6.265162e+02 3.255880e-25
6.279610e+02 3.259843e-25
6.294090e+02 3.263823e-25
6.308605e+02 3.267819e-25
6.323152e+02 3.271832e-25
6.337734e+02 3.275862e-25
6.352348e+02 3.279908e-25
6.366997e+02 3.283971e-25
6.381679e+02 3.288052e-25
6.396396e+02 3.292149e-25
6.411146e+02 3.296263e-25
6.425930e+02 3.300394e-25
6.440748e+02 3.304543e-25
6.455600e+02 3.308708e-25
6.470487e+02 3.312891e-25
6.485408e+02 3.317091e-25
6.500364e+02 3.321308e-25
6.515353e+02 3.325542e-25
6.530378e+02 3.329794e-25
6.545437e+02 3.334064e-25
6.560531e+02 3.338350e-25
6.575659e+02 3.342655e-25
6.590823e+02 3.346977e-25
6.606021e+02 3.351316e-25
6.621255e+02 3.355673e-25
6.636524e+02 3.360048e-25
6.651828e+02 3.364441e-25
6.667167e+02 3.368851e-25
6.682541e+02 3.373279e-25
6.697951e+02 3.377726e-25
6.713397e+02 3.382190e-25
6.728878e+02 3.386672e-25
6.744395e+02 3.391172e-25
6.759947e+02 3.395691e-25
6.775536e+02 3.400227e-25
6.791160e+02 3.404782e-25
6.806821e+02 3.409355e-25
6.822517e+02 3.413946e-25
6.838250e+02 3.418556e-25
6.854019e+02 3.423184e-25
6.869825e+02 3.427830e-25
6.885666e+02 3.432496e-25
6.901545e+02 3.437179e-25
6.917460e+02 3.441881e-25
6.933412e+02 3.446602e-25
6.949400e+02 3.451342e-25
6.965425e+02 3.456101e-25
6.981488e+02 3.460878e-25
6.997587e+02 3.465674e-25
7.013724e+02 3.470489e-25
7.029897e+02 3.475323e-25
7.046108e+02 3.480176e-25
7.062357e+02 3.485049e-25
7.078643e+02 3.489940e-25
7.094966e+02 3.494851e-25
7.111327e+02 3.499780e-25
7.127726e+02 3.504729e-25
7.144162e+02 3.509698e-25
7.160637e+02 3.514686e-25
7.177149e+02 3.519693e-25
7.193700e+02 3.524720e-25
7.210289e+02 3.529767e-25
7.226916e+02 3.534833e-25
7.243581e+02 3.539919e-25
7.260285e+02 3.545024e-25
7.277027e+02 3.550150e-25
7.293808e+02 3.555295e-25
7.310627e+02 3.560460e-25
7.327486e+02 3.565645e-25
7.344383e+02 3.570850e-25
7.361319e+02 3.576075e-25
7.378294e+02 3.581321e-25
7.395309e+02 3.586586e-25
7.412363e+02 3.591872e-25
7.429455e+02 3.597178e-25
7.446588e+02 3.602505e-25
7.463760e+02 3.607852e-25
7.480971e+02 3.613219e-25
7.498222e+02 3.618607e-25
7.515513e+02 3.624015e-25
7.532844e+02 3.629445e-25
7.550215e+02 3.634894e-25
7.567626e+02 3.640365e-25
7.585077e+02 3.645857e-25
7.602568e+02 3.651369e-25
7.620100e+02 3.656902e-25
7.637672e+02 3.662457e-25
7.655284e+02 3.668032e-25
7.672937e+02 3.673629e-25
7.690631e+02 3.679246e-25
7.708366e+02 3.684885e-25
7.726141e+02 3.690546e-25
7.743958e+02 3.696227e-25
7.761816e+02 3.701931e-25
7.779714e+02 3.707655e-25
7.797654e+02 3.713402e-25
7.815636e+02 3.719169e-25
7.833659e+02 3.724959e-25
7.851723e+02 3.730770e-25
7.869829e+02 3.736603e-25
7.887977e+02 3.742459e-25
7.906167e+02 3.748336e-25
7.924399e+02 3.754235e-25
7.942672e+02 3.760156e-25
7.960988e+02 3.766099e-25
7.979346e+02 3.772065e-25
7.997747e+02 3.778053e-25
8.016190e+02 3.784063e-25
8.034675e+02 3.790096e-25
8.053203e+02 3.796151e-25
8.071774e+02 3.802229e-25
8.090387e+02 3.808330e-25
8.109044e+02 3.814454e-25
8.127744e+02 3.820600e-25
8.146486e+02 3.826770e-25
8.165272e+02 3.832963e-25
8.184101e+02 3.839180e-25
8.202974e+02 3.845420e-25
8.221890e+02 3.851684e-25
8.240850e+02 3.857972e-25
8.259853e+02 3.864286e-25
8.278900e+02 3.870624e-25
8.297992e+02 3.876988e-25
8.317127e+02 3.883380e-25
8.336306e+02 3.889802e-25
8.355530e+02 3.896257e-25
8.374798e+02 3.902750e-25
8.394110e+02 3.909294e-25
8.413467e+02 3.915913e-25
8.432868e+02 3.922670e-25
8.452315e+02 3.929758e-25
8.471806e+02 3.938070e-25
8.491342e+02 3.958140e-25
8.510923e+02 4.058091e-25
8.530549e+02 3.960083e-25
8.550221e+02 3.963204e-25
8.569938e+02 3.969055e-25
8.589700e+02 3.975446e-25
8.609508e+02 3.982025e-25
8.629361e+02 3.988696e-25
8.649261e+02 3.995426e-25
8.669206e+02 4.002198e-25
8.689197e+02 4.009006e-25
8.709235e+02 4.015845e-25
8.729318e+02 4.022714e-25
8.749448e+02 4.029610e-25
8.769624e+02 4.036533e-25
8.789847e+02 4.043483e-25
8.810117e+02 4.050460e-25
8.830433e+02 4.057462e-25
8.850796e+02 4.064490e-25
8.871206e+02 4.071544e-25
8.891663e+02 4.078624e-25
8.912167e+02 4.085730e-25
8.932719e+02 4.092861e-25
8.953318e+02 4.100019e-25
8.973964e+02 4.107202e-25
8.994658e+02 4.114411e-25
9.015400e+02 4.121646e-25
9.036189e+02 4.128908e-25
9.057027e+02 4.136195e-25
9.077913e+02 4.143509e-25
9.098846e+02 4.150849e-25
9.119828e+02 4.158215e-25
9.140859e+02 4.165607e-25
9.161938e+02 4.173026e-25
9.183065e+02 4.180472e-25
9.204241e+02 4.187944e-25
9.225466e+02 4.195443e-25
9.246740e+02 4.202968e-25
9.268063e+02 4.210521e-25
9.289436e+02 4.218100e-25
9.310857e+02 4.225707e-25
9.332328e+02 4.233340e-25
9.353848e+02 4.241001e-25
9.375419e+02 4.248688e-25
9.397038e+02 4.256404e-25
9.418708e+02 4.264146e-25
9.440428e+02 4.271916e-25
9.462197e+02 4.279714e-25
9.484017e+02 4.287539e-25
9.505887e+02 4.295392e-25
9.527808e+02 4.303273e-25
9.549779e+02 4.311182e-25
9.571801e+02 4.319118e-25
9.593874e+02 4.327083e-25
9.615997e+02 4.335076e-25
9.638172e+02 4.343097e-25
9.660398e+02 4.351147e-25
9.682674e+02 4.359225e-25
9.705003e+02 4.367331e-25
9.727383e+02 4.375466e-25
9.749814e+02 4.383630e-25
9.772297e+02 4.391823e-25
9.794832e+02 4.400044e-25
9.817419e+02 4.408294e-25
9.840058e+02 4.416574e-25
9.862749e+02 4.424882e-25
9.885493e+02 4.433220e-25
9.908289e+02 4.441587e-25
9.931138e+02 4.449983e-25
9.954039e+02 4.458409e-25
9.976993e+02 4.466865e-25
1.000000e+03 nan
