1.000000e+00 2.971041e-17
1.002306e+00 3.088965e-17
1.004617e+00 3.214968e-17
1.006934e+00 3.349563e-17
1.009256e+00 3.493301e-17
1.011583e+00 3.656777e-17
1.013916e+00 3.831234e-17
1.016254e+00 4.013180e-17
1.018598e+00 4.198369e-17
1.020947e+00 4.376556e-17
1.023301e+00 4.576564e-17
1.025661e+00 4.788871e-17
1.028026e+00 5.002016e-17
1.030396e+00 5.152580e-17
1.032773e+00 5.224320e-17
1.035154e+00 5.233009e-17
1.037541e+00 5.197341e-17
1.039934e+00 5.128365e-17
1.042332e+00 5.044391e-17
1.044735e+00 4.947312e-17
1.047145e+00 4.839037e-17
1.049559e+00 4.635984e-17
1.051980e+00 4.388226e-17
1.054406e+00 4.119824e-17
1.056837e+00 3.851143e-17
1.059274e+00 3.617698e-17
1.061717e+00 3.401318e-17
1.064165e+00 3.197407e-17
1.066619e+00 3.002258e-17
1.069079e+00 2.820764e-17
1.071544e+00 2.655505e-17
1.074015e+00 2.504513e-17
1.076492e+00 2.366080e-17
1.078974e+00 2.238799e-17
1.081462e+00 2.120944e-17
1.083956e+00 2.011913e-17
1.086456e+00 1.911142e-17
1.088961e+00 1.819030e-17
1.091472e+00 1.733341e-17
1.093989e+00 1.653534e-17
1.096512e+00 1.579119e-17
1.099040e+00 1.510384e-17
1.101575e+00 1.446069e-17
1.104115e+00 1.385826e-17
1.106661e+00 1.329337e-17
1.109213e+00 1.276799e-17
1.111771e+00 1.227296e-17
1.114335e+00 1.180616e-17
1.116904e+00 1.136559e-17
1.119480e+00 1.095352e-17
1.122062e+00 1.056350e-17
1.124649e+00 1.019392e-17
1.127242e+00 9.843266e-18
1.129842e+00 9.512917e-18
1.132447e+00 9.198999e-18
1.135059e+00 8.900419e-18
1.137676e+00 8.616174e-18
1.140300e+00 8.347171e-18
1.142929e+00 8.090433e-18
1.145565e+00 7.845551e-18
1.148207e+00 7.612474e-18
1.150854e+00 7.394015e-18
1.153508e+00 7.203672e-18
1.156168e+00 3.034270e-17
1.158834e+00 6.806304e-18
1.161507e+00 6.593223e-18
1.164185e+00 6.408878e-18
1.166870e+00 6.234638e-18
1.169560e+00 6.067918e-18
1.172257e+00 5.908690e-18
1.174961e+00 5.755584e-18
1.177670e+00 5.608226e-18
1.180386e+00 5.466300e-18
1.183108e+00 5.330195e-18
1.185836e+00 5.198845e-18
1.188571e+00 5.072070e-18
1.191312e+00 4.949698e-18
1.194059e+00 4.832104e-18
1.196812e+00 4.718422e-18
1.199572e+00 4.608475e-18
1.202338e+00 4.502094e-18
1.205111e+00 4.399663e-18
1.207890e+00 4.300496e-18
1.210675e+00 4.204452e-18
1.213467e+00 4.111396e-18
1.216265e+00 4.021574e-18
1.219070e+00 3.934482e-18
1.221881e+00 3.850018e-18
1.224699e+00 3.768081e-18
1.227523e+00 3.688888e-18
1.230354e+00 3.611983e-18
1.233191e+00 3.537291e-18
1.236035e+00 3.464737e-18
1.238885e+00 3.394527e-18
1.241742e+00 3.326280e-18
1.244605e+00 3.259925e-18
1.247475e+00 3.195395e-18
1.250352e+00 3.132859e-18
1.253235e+00 3.072012e-18
1.256125e+00 3.012799e-18
1.259022e+00 2.955166e-18
1.261925e+00 2.899274e-18
1.264835e+00 2.844839e-18
1.267752e+00 2.791814e-18
1.270676e+00 2.740153e-18
1.273606e+00 2.690007e-18
1.276543e+00 2.641137e-18
1.279486e+00 2.593505e-18
1.282437e+00 2.547071e-18
1.285394e+00 2.501937e-18
1.288358e+00 2.457844e-18
1.291329e+00 2.414717e-18
1.294307e+00 2.372564e-18
1.297292e+00 2.331664e-18
1.300283e+00 2.291698e-18
1.303282e+00 2.252591e-18
1.306287e+00 2.214269e-18
1.309300e+00 2.176670e-18
1.312319e+00 2.139679e-18
1.315345e+00 2.103294e-18
1.318378e+00 2.067504e-18
1.321418e+00 2.032372e-18
1.324466e+00 1.997821e-18
1.327520e+00 1.963803e-18
1.330581e+00 1.930266e-18
1.333649e+00 1.897198e-18
1.336725e+00 1.864518e-18
1.339807e+00 1.832181e-18
1.342897e+00 1.800570e-18
1.345994e+00 1.769700e-18
1.349098e+00 1.739170e-18
1.352209e+00 1.708928e-18
1.355327e+00 1.678918e-18
1.358452e+00 1.649156e-18
1.361585e+00 1.619498e-18
1.364725e+00 1.589876e-18
1.367872e+00 1.560215e-18
1.371026e+00 1.530501e-18
1.374188e+00 1.500579e-18
1.377356e+00 1.470363e-18
1.380533e+00 1.439765e-18
1.383716e+00 1.408748e-18
1.386907e+00 1.377163e-18
1.390105e+00 1.344919e-18
1.393311e+00 1.313821e-18
1.396524e+00 1.282452e-18
1.399744e+00 1.250578e-18
1.402972e+00 1.218160e-18
1.406207e+00 1.185171e-18
1.409450e+00 1.151624e-18
1.412700e+00 1.117478e-18
1.415958e+00 1.082740e-18
1.419223e+00 1.047436e-18
1.422496e+00 1.011633e-18
1.425776e+00 9.753625e-19
1.429064e+00 9.387030e-19
1.432359e+00 9.017488e-19
1.435662e+00 8.646247e-19
1.438973e+00 8.274347e-19
1.442291e+00 7.908884e-19
1.445617e+00 7.566959e-19
1.448951e+00 7.228753e-19
1.452292e+00 6.895139e-19
1.455641e+00 6.567101e-19
1.458998e+00 6.245577e-19
1.462362e+00 5.931504e-19
1.465735e+00 5.625593e-19
1.469115e+00 5.328540e-19
1.472502e+00 5.040944e-19
1.475898e+00 4.763332e-19
1.479301e+00 4.496049e-19
1.482713e+00 4.239380e-19
1.486132e+00 3.993508e-19
1.489559e+00 3.758537e-19
1.492994e+00 3.534445e-19
1.496437e+00 3.327678e-19
1.499888e+00 3.137096e-19
1.503346e+00 2.955791e-19
1.506813e+00 2.783529e-19
1.510288e+00 2.620065e-19
1.513770e+00 2.465127e-19
1.517261e+00 2.318433e-19
1.520760e+00 2.179673e-19
1.524267e+00 2.048535e-19
1.527782e+00 1.924701e-19
1.531305e+00 1.807856e-19
1.534836e+00 1.697676e-19
1.538375e+00 1.593846e-19
1.541923e+00 1.496056e-19
1.545479e+00 1.404003e-19
1.549043e+00 1.317388e-19
1.552615e+00 1.239097e-19
1.556195e+00 1.166093e-19
1.559784e+00 1.097267e-19
1.563380e+00 1.032397e-19
1.566986e+00 9.712722e-20
1.570599e+00 9.136887e-20
1.574221e+00 8.594534e-20
1.577851e+00 8.083810e-20
1.581490e+00 7.602954e-20
1.585137e+00 7.150291e-20
1.588792e+00 6.724228e-20
1.592456e+00 6.323255e-20
1.596128e+00 5.945936e-20
1.599809e+00 5.590916e-20
1.603498e+00 5.256908e-20
1.607195e+00 4.943744e-20
1.610902e+00 4.660084e-20
1.614616e+00 4.392596e-20
1.618340e+00 4.140373e-20
1.622072e+00 3.902555e-20
1.625812e+00 3.678331e-20
1.629561e+00 3.466933e-20
1.633319e+00 3.267635e-20
1.637085e+00 3.079751e-20
1.640861e+00 2.902634e-20
1.644644e+00 2.735673e-20
1.648437e+00 2.578289e-20
1.652238e+00 2.429936e-20
1.656048e+00 2.290099e-20
1.659867e+00 2.158293e-20
1.663695e+00 2.034059e-20
1.667531e+00 1.918447e-20
1.671377e+00 1.811758e-20
1.675231e+00 1.710994e-20
1.679094e+00 1.615827e-20
1.682966e+00 1.525946e-20
1.686847e+00 1.441058e-20
1.690737e+00 1.360887e-20
1.694636e+00 1.285173e-20
1.698544e+00 1.213669e-20
1.702460e+00 1.146140e-20
1.706386e+00 1.082366e-20
1.710321e+00 1.022136e-20
1.714265e+00 9.652554e-21
1.718218e+00 9.115386e-21
1.722181e+00 8.608114e-21
1.726152e+00 8.129060e-21
1.730132e+00 7.685370e-21
1.734122e+00 7.270105e-21
1.738121e+00 6.877273e-21
1.742129e+00 6.505659e-21
1.746147e+00 6.154090e-21
1.750173e+00 5.821514e-21
1.754209e+00 5.506937e-21
1.758254e+00 5.209359e-21
1.762309e+00 4.927860e-21
1.766373e+00 4.661574e-21
1.770446e+00 4.409678e-21
1.774529e+00 4.171395e-21
1.778621e+00 3.945992e-21
1.782722e+00 3.732771e-21
1.786833e+00 3.531037e-21
1.790954e+00 3.340195e-21
1.795084e+00 3.164034e-21
1.799223e+00 2.997386e-21
1.803372e+00 2.839521e-21
1.807531e+00 2.689974e-21
1.811699e+00 2.548310e-21
1.815877e+00 2.414112e-21
1.820064e+00 2.286989e-21
1.824261e+00 2.166566e-21
1.828468e+00 2.052492e-21
1.832684e+00 1.944433e-21
1.836911e+00 1.842014e-21
1.841147e+00 1.744979e-21
1.845392e+00 1.653114e-21
1.849648e+00 1.566103e-21
1.853913e+00 1.483681e-21
1.858188e+00 1.406021e-21
1.862473e+00 1.333677e-21
1.866768e+00 1.265063e-21
1.871073e+00 1.199910e-21
1.875388e+00 1.138118e-21
1.879712e+00 1.079585e-21
1.884047e+00 1.024073e-21
1.888391e+00 9.714271e-22
1.892746e+00 9.214999e-22
1.897111e+00 8.741514e-22
1.901486e+00 8.292164e-22
1.905870e+00 7.865345e-22
1.910265e+00 7.460917e-22
1.914670e+00 7.077910e-22
1.919086e+00 6.714705e-22
1.923511e+00 6.370285e-22
1.927947e+00 6.047061e-22
1.932393e+00 5.743227e-22
1.936849e+00 5.454819e-22
1.941315e+00 5.181058e-22
1.945792e+00 4.920060e-22
1.950279e+00 4.672184e-22
1.954776e+00 4.438001e-22
1.959284e+00 4.215729e-22
1.963802e+00 4.004772e-22
1.968331e+00 3.804558e-22
1.972870e+00 3.614549e-22
1.977419e+00 3.434233e-22
1.981979e+00 3.263123e-22
1.986549e+00 3.100757e-22
1.991130e+00 2.946696e-22
1.995722e+00 2.799042e-22
2.000324e+00 2.660875e-22
2.004937e+00 2.533907e-22
2.009560e+00 2.413218e-22
2.014194e+00 2.298505e-22
2.018839e+00 2.189480e-22
2.023495e+00 2.085869e-22
2.028161e+00 1.987413e-22
2.032838e+00 1.893863e-22
2.037525e+00 1.804986e-22
2.042224e+00 1.720554e-22
2.046933e+00 1.640359e-22
2.051654e+00 1.564194e-22
2.056385e+00 1.491868e-22
2.061127e+00 1.421749e-22
2.065880e+00 1.354008e-22
2.070644e+00 1.291687e-22
2.075419e+00 1.233737e-22
2.080205e+00 1.178699e-22
2.085001e+00 1.126431e-22
2.089810e+00 1.076806e-22
2.094629e+00 1.029702e-22
2.099459e+00 9.849971e-23
2.104300e+00 9.425842e-23
2.109153e+00 9.023513e-23
2.114016e+00 8.642009e-23
2.118891e+00 8.280325e-23
2.123778e+00 7.937539e-23
2.128675e+00 7.587232e-23
2.133584e+00 7.246235e-23
2.138504e+00 6.953397e-23
2.143435e+00 6.676117e-23
2.148378e+00 6.415127e-23
2.153332e+00 6.170165e-23
2.158298e+00 5.938258e-23
2.163275e+00 5.718852e-23
2.168263e+00 5.511288e-23
2.173263e+00 5.315035e-23
2.178275e+00 5.129543e-23
2.183298e+00 4.954257e-23
2.188333e+00 4.748028e-23
2.193379e+00 4.563676e-23
2.198437e+00 4.414852e-23
2.203507e+00 4.274404e-23
2.208588e+00 4.141873e-23
2.213681e+00 4.016909e-23
2.218786e+00 3.899063e-23
2.223902e+00 3.787973e-23
2.229031e+00 3.684118e-23
2.234171e+00 3.579462e-23
2.239323e+00 3.443818e-23
2.244487e+00 3.336652e-23
2.249663e+00 3.254039e-23
2.254850e+00 3.176178e-23
2.260050e+00 3.102742e-23
2.265262e+00 3.033499e-23
2.270485e+00 2.968204e-23
2.275721e+00 2.906586e-23
2.280969e+00 2.848465e-23
2.286229e+00 2.769901e-23
2.291501e+00 2.675057e-23
2.296785e+00 2.624461e-23
2.302082e+00 2.577899e-23
2.307390e+00 2.533873e-23
2.312711e+00 2.492572e-23
2.318044e+00 2.453422e-23
2.323390e+00 2.416300e-23
2.328747e+00 2.381065e-23
2.334117e+00 2.341682e-23
2.339500e+00 2.269740e-23
2.344895e+00 2.223458e-23
2.350302e+00 2.194591e-23
2.355722e+00 2.167094e-23
2.361154e+00 2.140837e-23
2.366599e+00 2.115729e-23
2.372057e+00 2.091731e-23
2.377527e+00 2.068722e-23
2.383009e+00 2.046638e-23
2.388504e+00 2.025444e-23
2.394012e+00 2.005068e-23
2.399533e+00 1.985492e-23
2.405066e+00 1.966617e-23
2.410612e+00 1.933602e-23
2.416171e+00 1.880501e-23
2.421743e+00 1.860518e-23
2.427327e+00 1.844183e-23
2.432925e+00 1.828327e-23
2.438535e+00 1.783641e-23
2.444159e+00 1.751484e-23
2.449795e+00 1.737152e-23
2.455444e+00 1.723207e-23
2.461106e+00 1.695920e-23
2.466782e+00 1.655778e-23
2.472470e+00 1.643050e-23
2.478172e+00 1.630600e-23
2.483886e+00 1.618423e-23
2.489614e+00 1.606514e-23
2.495355e+00 1.594833e-23
2.501110e+00 1.578682e-23
2.506877e+00 1.543544e-23
2.512658e+00 1.526744e-23
2.518452e+00 1.516083e-23
2.524260e+00 1.505593e-23
2.530081e+00 1.495271e-23
2.535915e+00 1.506178e-23
2.541763e+00 1.544917e-23
2.547624e+00 1.508482e-23
2.553499e+00 1.474240e-23
2.559388e+00 1.442071e-23
2.565289e+00 1.412297e-23
2.571205e+00 1.398425e-23
2.577134e+00 1.389329e-23
2.583077e+00 1.380332e-23
2.589034e+00 1.371439e-23
2.595004e+00 1.362635e-23
2.600988e+00 1.353915e-23
2.606986e+00 1.345284e-23
2.612998e+00 1.336737e-23
2.619023e+00 1.321471e-23
2.625063e+00 1.296291e-23
2.631116e+00 1.288150e-23
2.637184e+00 1.280078e-23
2.643265e+00 1.272070e-23
2.649360e+00 1.264129e-23
2.655470e+00 1.256257e-23
2.661593e+00 1.248445e-23
2.667731e+00 1.240691e-23
2.673883e+00 1.233001e-23
2.680049e+00 1.225370e-23
2.686229e+00 1.217793e-23
2.692424e+00 1.210269e-23
2.698632e+00 1.202803e-23
2.704855e+00 1.195391e-23
2.711093e+00 1.188028e-23
2.717345e+00 1.180715e-23
2.723611e+00 1.173455e-23
2.729891e+00 1.166245e-23
2.736187e+00 1.159082e-23
2.742496e+00 1.150139e-23
2.748821e+00 1.129472e-23
2.755159e+00 1.120092e-23
2.761513e+00 1.113252e-23
2.767881e+00 1.106455e-23
2.774264e+00 1.099703e-23
2.780661e+00 1.092996e-23
2.787073e+00 1.086331e-23
2.793500e+00 1.079706e-23
2.799942e+00 1.073121e-23
2.806399e+00 1.066581e-23
2.812870e+00 1.060081e-23
2.819357e+00 1.053620e-23
2.825858e+00 1.047198e-23
2.832375e+00 1.040817e-23
2.838906e+00 1.024910e-23
2.845453e+00 1.014068e-23
2.852014e+00 1.007911e-23
2.858591e+00 1.001789e-23
2.865183e+00 9.957077e-24
2.871790e+00 9.896623e-24
2.878413e+00 9.836523e-24
2.885050e+00 9.776775e-24
2.891703e+00 9.716850e-24
2.898372e+00 9.563928e-24
2.905055e+00 9.483681e-24
2.911754e+00 9.426243e-24
2.918469e+00 9.369138e-24
2.925199e+00 9.312364e-24
2.931944e+00 9.255943e-24
2.938705e+00 9.199851e-24
2.945482e+00 9.144082e-24
2.952274e+00 9.088634e-24
2.959082e+00 9.033507e-24
2.965906e+00 8.978709e-24
2.972745e+00 8.924239e-24
2.979601e+00 8.870082e-24
2.986472e+00 8.780730e-24
2.993358e+00 8.670350e-24
3.000261e+00 8.617833e-24
3.007180e+00 8.565634e-24
3.014114e+00 8.513736e-24
3.021065e+00 8.462134e-24
3.028031e+00 8.410826e-24
3.035014e+00 8.359811e-24
3.042013e+00 8.309086e-24
3.049028e+00 8.258663e-24
3.056059e+00 8.153149e-24
3.063106e+00 8.083551e-24
3.070170e+00 8.034567e-24
3.077250e+00 7.985861e-24
3.084346e+00 7.937431e-24
3.091458e+00 7.889278e-24
3.098587e+00 7.841409e-24
3.105733e+00 7.793810e-24
3.112894e+00 7.784765e-24
3.120073e+00 7.740804e-24
3.127268e+00 7.652624e-24
3.134479e+00 7.606093e-24
3.141707e+00 7.559525e-24
3.148952e+00 7.461122e-24
3.156214e+00 7.452485e-24
3.163492e+00 7.422621e-24
3.170787e+00 7.377402e-24
3.178099e+00 7.310454e-24
3.185427e+00 7.229887e-24
3.192773e+00 7.185875e-24
3.200136e+00 7.142112e-24
3.207515e+00 7.098600e-24
3.214912e+00 7.055335e-24
3.222325e+00 7.012313e-24
3.229756e+00 6.969533e-24
3.237204e+00 6.926994e-24
3.244669e+00 6.884694e-24
3.252151e+00 6.842633e-24
3.259651e+00 6.800808e-24
3.267167e+00 6.756356e-24
3.274702e+00 6.673239e-24
3.282253e+00 6.630856e-24
3.289822e+00 6.590321e-24
3.297408e+00 6.550012e-24
3.305012e+00 6.509929e-24
3.312634e+00 6.470071e-24
3.320272e+00 6.430436e-24
3.327929e+00 6.391023e-24
3.335603e+00 6.351831e-24
3.343295e+00 6.321030e-24
3.351005e+00 6.316933e-24
3.358732e+00 6.278069e-24
3.366478e+00 6.239424e-24
3.374241e+00 6.200999e-24
3.382022e+00 6.162790e-24
3.389821e+00 6.124796e-24
3.397638e+00 6.087015e-24
3.405473e+00 6.049447e-24
3.413326e+00 6.012089e-24
3.421197e+00 5.974942e-24
3.429086e+00 5.938003e-24
3.436994e+00 5.901272e-24
3.444919e+00 5.864747e-24
3.452863e+00 5.828428e-24
3.460826e+00 5.792312e-24
3.468806e+00 5.746417e-24
3.476805e+00 5.682782e-24
3.484823e+00 5.647559e-24
3.492859e+00 5.612534e-24
3.500914e+00 5.577705e-24
3.508987e+00 5.543071e-24
3.517078e+00 5.507015e-24
3.525189e+00 5.442663e-24
3.533318e+00 5.408848e-24
3.541466e+00 5.375223e-24
3.549633e+00 5.341785e-24
3.557818e+00 5.283230e-24
3.566022e+00 5.248742e-24
3.574246e+00 5.216063e-24
3.582488e+00 5.183566e-24
3.590749e+00 5.151251e-24
3.599029e+00 5.141921e-24
3.607329e+00 5.112895e-24
3.615647e+00 5.058436e-24
3.623985e+00 5.023781e-24
3.632342e+00 5.014420e-24
3.640718e+00 4.963886e-24
3.649114e+00 4.930034e-24
3.657529e+00 4.899133e-24
3.665963e+00 4.868405e-24
3.674417e+00 4.818108e-24
3.682890e+00 4.786433e-24
3.691383e+00 4.756375e-24
3.699895e+00 4.726484e-24
3.708427e+00 4.696760e-24
3.716979e+00 4.667202e-24
3.725550e+00 4.637809e-24
3.734141e+00 4.608580e-24
3.742752e+00 4.579515e-24
3.751383e+00 4.550612e-24
3.760034e+00 4.521870e-24
3.768704e+00 4.493290e-24
3.777395e+00 4.464869e-24
3.786106e+00 4.436607e-24
3.794836e+00 4.408504e-24
3.803587e+00 4.380558e-24
3.812358e+00 4.352768e-24
3.821150e+00 4.325135e-24
3.829961e+00 4.297656e-24
3.838793e+00 4.270331e-24
3.847646e+00 4.231636e-24
3.856518e+00 4.200317e-24
3.865411e+00 4.173567e-24
3.874325e+00 4.146967e-24
3.883259e+00 4.120517e-24
3.892214e+00 4.094216e-24
3.901190e+00 4.068063e-24
3.910186e+00 4.042057e-24
3.919203e+00 4.016198e-24
3.928240e+00 3.990484e-24
3.937299e+00 3.964915e-24
3.946378e+00 3.939490e-24
3.955479e+00 3.914208e-24
3.964600e+00 3.889069e-24
3.973743e+00 3.864072e-24
3.982906e+00 3.839217e-24
3.992091e+00 3.814502e-24
4.001296e+00 3.789928e-24
4.010524e+00 3.765493e-24
4.019772e+00 3.741196e-24
4.029041e+00 3.717038e-24
4.038332e+00 3.693016e-24
4.047645e+00 3.669131e-24
4.056979e+00 3.645382e-24
4.066334e+00 3.621768e-24
4.075711e+00 3.598289e-24
4.085110e+00 3.574945e-24
4.094530e+00 3.551733e-24
4.103972e+00 3.528655e-24
4.113436e+00 3.505708e-24
4.122922e+00 3.482892e-24
4.132429e+00 3.460207e-24
4.141958e+00 3.437653e-24
4.151510e+00 3.415229e-24
4.161083e+00 3.392933e-24
4.170679e+00 3.370766e-24
4.180296e+00 3.341867e-24
4.189936e+00 3.316204e-24
4.199598e+00 3.294494e-24
4.209282e+00 3.272911e-24
4.218989e+00 3.251453e-24
4.228718e+00 3.234618e-24
4.238470e+00 3.219141e-24
4.248244e+00 3.207085e-24
4.258040e+00 3.177337e-24
4.267859e+00 3.156026e-24
4.277701e+00 3.135233e-24
4.287565e+00 3.109481e-24
4.297452e+00 3.084210e-24
4.307362e+00 3.063850e-24
4.317295e+00 3.053269e-24
4.327251e+00 3.033078e-24
4.337230e+00 3.013006e-24
4.347231e+00 2.993052e-24
4.357256e+00 2.973215e-24
4.367304e+00 2.953497e-24
4.377375e+00 2.933895e-24
4.387469e+00 2.914409e-24
4.397587e+00 2.895039e-24
4.407728e+00 2.875784e-24
4.417892e+00 2.856645e-24
4.428079e+00 2.837620e-24
4.438291e+00 2.818708e-24
4.448525e+00 2.799910e-24
4.458784e+00 2.781224e-24
4.469066e+00 2.765433e-24
4.479371e+00 2.754055e-24
4.489701e+00 2.744125e-24
4.500054e+00 2.728384e-24
4.510431e+00 2.696650e-24
4.520832e+00 2.667213e-24
4.531257e+00 2.645234e-24
4.541707e+00 2.627532e-24
4.552180e+00 2.618060e-24
4.562677e+00 2.596179e-24
4.573199e+00 2.574922e-24
4.583745e+00 2.557613e-24
4.594315e+00 2.540411e-24
4.604909e+00 2.523315e-24
4.615528e+00 2.506324e-24
4.626172e+00 2.497240e-24
4.636840e+00 2.480405e-24
4.647532e+00 2.463675e-24
4.658249e+00 2.447050e-24
4.668991e+00 2.422946e-24
4.679758e+00 2.410811e-24
4.690550e+00 2.391299e-24
4.701366e+00 2.374163e-24
4.712208e+00 2.358108e-24
4.723074e+00 2.342154e-24
4.733965e+00 2.325808e-24
4.744882e+00 2.304249e-24
4.755824e+00 2.297823e-24
4.766791e+00 2.303807e-24
4.777783e+00 2.276312e-24
4.788800e+00 2.255571e-24
4.799843e+00 2.240272e-24
4.810912e+00 2.222890e-24
4.822006e+00 2.199217e-24
4.833126e+00 2.182188e-24
4.844271e+00 2.173290e-24
4.855442e+00 2.158532e-24
4.866638e+00 2.143871e-24
4.877861e+00 2.129308e-24
4.889109e+00 2.114842e-24
4.900384e+00 2.100471e-24
4.911684e+00 2.086198e-24
4.923010e+00 2.072020e-24
4.934363e+00 2.058702e-24
4.945741e+00 2.050312e-24
4.957146e+00 2.036375e-24
4.968578e+00 2.029716e-24
4.980035e+00 2.015919e-24
4.991519e+00 2.002216e-24
5.003030e+00 1.988608e-24
5.014567e+00 1.975093e-24
5.026130e+00 1.961673e-24
5.037721e+00 1.948346e-24
5.049338e+00 1.935112e-24
5.060981e+00 1.919773e-24
5.072652e+00 1.902181e-24
5.084350e+00 1.889273e-24
5.096074e+00 1.873345e-24
5.107826e+00 1.857966e-24
5.119605e+00 1.845374e-24
5.131410e+00 1.832871e-24
5.143243e+00 1.820459e-24
5.155104e+00 1.808138e-24
5.166991e+00 1.795906e-24
5.178907e+00 1.786302e-24
5.190849e+00 1.782842e-24
5.202819e+00 1.765196e-24
5.214817e+00 1.749048e-24
5.226842e+00 1.736089e-24
5.238896e+00 1.724392e-24
5.250977e+00 1.712783e-24
5.263085e+00 1.701262e-24
5.275222e+00 1.689963e-24
5.287387e+00 1.683665e-24
5.299580e+00 1.672370e-24
5.311800e+00 1.667012e-24
5.324049e+00 1.655849e-24
5.336327e+00 1.644773e-24
5.348632e+00 1.628977e-24
5.360966e+00 1.615601e-24
5.373329e+00 1.601497e-24
5.385720e+00 1.590844e-24
5.398139e+00 1.580276e-24
5.410587e+00 1.569794e-24
5.423064e+00 1.556168e-24
5.435570e+00 1.544937e-24
5.448104e+00 1.534739e-24
5.460668e+00 1.524626e-24
5.473260e+00 1.514597e-24
5.485881e+00 1.504651e-24
5.498532e+00 1.494790e-24
5.511212e+00 1.485011e-24
5.523920e+00 1.475316e-24
5.536659e+00 1.465705e-24
5.549426e+00 1.463889e-24
5.562223e+00 1.455482e-24
5.575050e+00 1.441164e-24
5.587906e+00 1.428085e-24
5.600792e+00 1.418886e-24
5.613707e+00 1.409769e-24
5.626652e+00 1.400733e-24
5.639627e+00 1.391780e-24
5.652632e+00 1.382907e-24
5.665668e+00 1.371324e-24
5.678733e+00 1.362269e-24
5.691828e+00 1.353722e-24
5.704953e+00 1.348230e-24
5.718109e+00 1.339763e-24
5.731295e+00 1.329061e-24
5.744511e+00 1.320051e-24
5.757758e+00 1.311848e-24
5.771036e+00 1.303725e-24
5.784344e+00 1.298630e-24
5.797682e+00 1.290643e-24
5.811052e+00 1.281771e-24
5.824452e+00 1.274712e-24
5.837883e+00 1.267159e-24
5.851346e+00 1.259489e-24
5.864839e+00 1.257210e-24
5.878363e+00 1.248372e-24
5.891919e+00 1.234187e-24
5.905506e+00 1.226854e-24
5.919124e+00 1.219599e-24
5.932773e+00 1.212421e-24
5.946454e+00 1.205322e-24
5.960167e+00 1.198300e-24
5.973911e+00 1.191354e-24
5.987687e+00 1.187097e-24
6.001495e+00 1.180284e-24
6.015334e+00 1.173547e-24
6.029206e+00 1.165584e-24
6.043109e+00 1.157779e-24
6.057044e+00 1.151293e-24
6.071012e+00 1.144881e-24
6.085012e+00 1.138545e-24
6.099044e+00 1.132284e-24
6.113108e+00 1.128517e-24
6.127205e+00 1.122384e-24
6.141335e+00 1.116325e-24
6.155496e+00 1.110341e-24
6.169691e+00 1.108194e-24
6.183918e+00 1.103864e-24
6.198179e+00 1.092827e-24
6.212472e+00 1.087134e-24
6.226798e+00 1.084099e-24
6.241157e+00 1.084415e-24
6.255549e+00 1.085056e-24
6.269974e+00 1.065083e-24
6.284433e+00 1.059454e-24
6.298925e+00 1.052328e-24
6.313450e+00 1.047153e-24
6.328009e+00 1.042048e-24
6.342601e+00 1.037012e-24
6.357228e+00 1.032046e-24
6.371887e+00 1.027147e-24
6.386581e+00 1.022317e-24
6.401308e+00 1.017555e-24
6.416070e+00 1.012861e-24
6.430865e+00 1.008233e-24
6.445695e+00 1.003672e-24
6.460559e+00 9.991782e-25
6.475457e+00 9.947500e-25
6.490389e+00 9.903876e-25
6.505356e+00 9.872899e-25
6.520358e+00 9.837315e-25
6.535394e+00 9.795461e-25
6.550464e+00 9.735884e-25
6.565570e+00 9.711211e-25
6.580710e+00 9.655743e-25
6.595885e+00 9.616624e-25
6.611095e+00 9.578135e-25
6.626341e+00 9.540272e-25
6.641621e+00 9.520238e-25
6.656937e+00 9.483544e-25
6.672288e+00 9.447368e-25
6.687674e+00 9.431053e-25
6.703096e+00 9.376856e-25
6.718553e+00 9.342513e-25
6.734046e+00 9.292500e-25
6.749575e+00 9.259530e-25
6.765140e+00 9.227156e-25
6.780740e+00 9.195376e-25
6.796376e+00 9.164184e-25
6.812049e+00 9.133578e-25
6.827758e+00 9.103555e-25
6.843502e+00 9.074110e-25
6.859284e+00 9.045239e-25
6.875101e+00 9.016941e-25
6.890955e+00 8.989209e-25
6.906846e+00 8.962042e-25
6.922773e+00 8.926218e-25
6.938737e+00 8.897044e-25
6.954738e+00 8.871680e-25
6.970775e+00 8.852700e-25
6.986850e+00 8.834521e-25
7.002962e+00 8.810652e-25
7.019111e+00 8.787318e-25
7.035297e+00 8.764515e-25
7.051520e+00 8.744551e-25
7.067781e+00 8.733413e-25
7.084080e+00 8.712027e-25
7.100415e+00 8.690506e-25
7.116789e+00 8.658301e-25
7.133200e+00 8.638587e-25
7.149650e+00 8.632140e-25
7.166137e+00 8.600647e-25
7.182662e+00 8.582413e-25
7.199225e+00 8.564661e-25
7.215827e+00 8.547387e-25
7.232466e+00 8.521584e-25
7.249145e+00 8.504357e-25
7.265861e+00 8.488605e-25
7.282616e+00 8.473308e-25
7.299410e+00 8.458462e-25
7.316243e+00 8.444061e-25
7.333114e+00 8.430098e-25
7.350024e+00 8.416569e-25
7.366973e+00 8.403468e-25
7.383962e+00 8.391441e-25
7.400989e+00 8.387378e-25
7.418056e+00 8.375414e-25
7.435162e+00 8.355227e-25
7.452307e+00 8.344178e-25
7.469493e+00 8.333522e-25
7.486717e+00 8.323254e-25
7.503982e+00 8.313366e-25
7.521286e+00 8.303854e-25
7.538630e+00 8.290237e-25
7.556014e+00 8.279061e-25
7.573438e+00 8.270728e-25
7.590903e+00 8.262745e-25
7.608407e+00 8.255107e-25
7.625953e+00 8.247807e-25
7.643538e+00 8.240840e-25
7.661164e+00 8.234200e-25
7.678831e+00 8.227880e-25
7.696538e+00 8.221875e-25
7.714287e+00 8.216179e-25
7.732076e+00 8.210785e-25
7.749906e+00 8.205689e-25
7.767777e+00 8.200885e-25
7.785690e+00 8.196366e-25
7.803644e+00 8.194565e-25
7.821639e+00 8.193783e-25
7.839676e+00 8.196376e-25
7.857754e+00 8.186499e-25
7.875874e+00 8.182666e-25
7.894036e+00 8.174927e-25
7.912240e+00 8.172248e-25
7.930485e+00 8.169809e-25
7.948773e+00 8.167606e-25
7.967103e+00 8.165633e-25
7.985475e+00 8.163885e-25
8.003890e+00 8.162356e-25
8.022347e+00 8.161043e-25
8.040846e+00 8.159938e-25
8.059389e+00 8.159039e-25
8.077974e+00 8.158339e-25
8.096602e+00 8.157834e-25
8.115272e+00 8.157519e-25
8.133986e+00 8.157390e-25
8.152743e+00 8.157442e-25
8.171544e+00 8.157671e-25
8.190387e+00 8.158073e-25
8.209274e+00 8.162835e-25
8.228205e+00 8.163509e-25
8.247179e+00 8.164345e-25
8.266197e+00 8.165337e-25
8.285259e+00 8.166483e-25
8.304365e+00 8.170084e-25
8.323515e+00 8.217538e-25
8.342709e+00 8.233784e-25
8.361947e+00 8.176820e-25
8.381230e+00 8.178619e-25
8.400557e+00 8.180552e-25
8.419929e+00 8.187339e-25
8.439346e+00 8.184809e-25
8.458807e+00 8.187129e-25
8.478313e+00 8.189572e-25
8.497864e+00 8.192138e-25
8.517460e+00 8.194823e-25
8.537101e+00 8.197627e-25
8.556788e+00 8.204818e-25
8.576520e+00 8.211723e-25
8.596298e+00 8.208545e-25
8.616121e+00 8.206661e-25
8.635989e+00 8.209862e-25
8.655904e+00 8.213401e-25
8.675865e+00 8.217051e-25
8.695871e+00 8.220813e-25
8.715924e+00 8.222050e-25
8.736023e+00 8.225828e-25
8.756168e+00 8.229970e-25
8.776360e+00 8.236991e-25
8.796599e+00 8.239688e-25
8.816884e+00 8.245701e-25
8.837215e+00 8.250344e-25
8.857594e+00 8.252649e-25
8.878020e+00 8.259855e-25
8.898493e+00 8.264802e-25
8.919012e+00 8.269879e-25
8.939580e+00 8.273225e-25
8.960195e+00 8.278534e-25
8.980857e+00 8.284229e-25
9.001567e+00 8.291569e-25
9.022324e+00 8.297355e-25
9.043130e+00 8.303293e-25
9.063984e+00 8.309387e-25
9.084885e+00 8.315640e-25
9.105835e+00 8.322055e-25
9.126833e+00 8.328634e-25
9.147880e+00 8.335378e-25
9.168975e+00 8.342288e-25
9.190118e+00 8.349363e-25
9.211311e+00 8.357430e-25
9.232552e+00 8.366343e-25
9.253843e+00 8.377900e-25
9.275182e+00 8.390707e-25
9.296571e+00 8.399892e-25
9.318009e+00 8.402750e-25
9.339496e+00 8.407815e-25
9.361033e+00 8.413412e-25
9.382620e+00 8.419632e-25
9.404256e+00 8.427699e-25
9.425942e+00 8.435736e-25
9.447679e+00 8.442372e-25
9.469465e+00 8.452312e-25
9.491302e+00 8.460348e-25
9.513189e+00 8.468228e-25
9.535126e+00 8.475904e-25
9.557114e+00 8.483326e-25
9.579153e+00 8.490445e-25
9.601243e+00 8.497211e-25
9.623383e+00 8.503575e-25
9.645575e+00 8.509491e-25
9.667817e+00 8.514915e-25
9.690112e+00 8.519811e-25
9.712457e+00 8.524143e-25
9.734854e+00 8.526378e-25
9.757303e+00 8.530830e-25
9.779803e+00 8.533531e-25
9.802355e+00 8.534996e-25
9.824960e+00 8.535247e-25
9.847616e+00 8.537308e-25
9.870325e+00 8.537342e-25
9.893086e+00 8.538080e-25
9.915899e+00 8.535683e-25
9.938766e+00 8.534044e-25
9.961684e+00 8.531907e-25
9.984656e+00 8.529304e-25
1.000768e+01 8.526381e-25
1.003076e+01 8.521608e-25
1.005389e+01 8.517840e-25
1.007707e+01 8.513746e-25
1.010031e+01 8.509359e-25
1.012360e+01 8.504709e-25
1.014695e+01 8.499826e-25
1.017035e+01 8.494735e-25
1.019380e+01 8.489463e-25
1.021731e+01 8.484030e-25
1.024087e+01 8.478457e-25
1.026448e+01 8.472761e-25
1.028815e+01 8.466958e-25
1.031188e+01 8.461060e-25
1.033566e+01 8.454211e-25
1.035949e+01 8.448172e-25
1.038338e+01 8.442069e-25
1.040732e+01 8.439473e-25
1.043132e+01 8.430844e-25
1.045538e+01 8.423940e-25
1.047949e+01 8.417909e-25
1.050365e+01 8.411545e-25
1.052788e+01 8.405139e-25
1.055215e+01 8.397941e-25
1.057649e+01 8.392206e-25
1.060088e+01 8.385679e-25
1.062532e+01 8.378395e-25
1.064982e+01 8.371795e-25
1.067438e+01 8.365152e-25
1.069900e+01 8.358464e-25
1.072367e+01 8.351728e-25
1.074840e+01 8.344944e-25
1.077318e+01 8.338108e-25
1.079803e+01 8.331220e-25
1.082293e+01 8.324906e-25
1.084789e+01 8.317428e-25
1.087290e+01 8.310212e-25
1.089797e+01 8.303089e-25
1.092311e+01 8.295901e-25
1.094829e+01 8.288240e-25
1.097354e+01 8.280824e-25
1.099885e+01 8.273861e-25
1.102421e+01 8.265980e-25
1.104963e+01 8.258447e-25
1.107511e+01 8.250837e-25
1.110065e+01 8.243184e-25
1.112625e+01 8.235380e-25
1.115191e+01 8.227529e-25
1.117762e+01 8.219594e-25
1.120340e+01 8.211574e-25
1.122923e+01 8.203467e-25
1.125513e+01 8.195271e-25
1.128108e+01 8.186986e-25
1.130710e+01 8.178610e-25
1.133317e+01 8.170141e-25
1.135931e+01 8.161579e-25
1.138550e+01 8.152923e-25
1.141176e+01 8.144170e-25
1.143807e+01 8.135131e-25
1.146445e+01 8.126375e-25
1.149088e+01 8.117039e-25
1.151738e+01 8.107870e-25
1.154394e+01 8.098631e-25
1.157056e+01 8.089291e-25
1.159724e+01 8.079850e-25
1.162399e+01 8.070307e-25
1.165079e+01 8.060661e-25
1.167766e+01 8.050913e-25
1.170459e+01 8.041346e-25
1.173158e+01 8.031386e-25
1.175863e+01 8.021323e-25
1.178575e+01 8.011155e-25
1.181293e+01 8.000882e-25
1.184017e+01 7.990240e-25
1.186747e+01 7.979762e-25
1.189484e+01 7.969436e-25
1.192227e+01 7.958744e-25
1.194976e+01 7.947947e-25
1.197731e+01 7.937328e-25
1.200493e+01 7.926637e-25
1.203262e+01 7.915200e-25
1.206037e+01 7.903709e-25
1.208818e+01 7.892387e-25
1.211605e+01 7.880960e-25
1.214399e+01 7.869430e-25
1.217200e+01 7.857795e-25
1.220006e+01 7.846056e-25
1.222820e+01 7.834079e-25
1.225640e+01 7.822268e-25
1.228466e+01 7.810220e-25
1.231299e+01 7.798426e-25
1.234138e+01 7.785816e-25
1.236984e+01 7.773462e-25
1.239837e+01 7.761007e-25
1.242696e+01 7.748798e-25
1.245561e+01 7.738547e-25
1.248434e+01 7.725273e-25
1.251313e+01 7.710502e-25
1.254198e+01 7.697230e-25
1.257090e+01 7.684179e-25
1.259989e+01 7.671031e-25
1.262895e+01 7.657786e-25
1.265807e+01 7.644446e-25
1.268726e+01 7.631011e-25
1.271652e+01 7.617481e-25
1.274584e+01 7.603858e-25
1.277523e+01 7.590142e-25
1.280469e+01 7.576334e-25
1.283422e+01 7.562435e-25
1.286382e+01 7.548445e-25
1.289348e+01 7.534367e-25
1.292321e+01 7.520199e-25
1.295301e+01 7.505944e-25
1.298288e+01 7.491603e-25
1.301282e+01 7.477176e-25
1.304283e+01 7.462664e-25
1.307291e+01 7.448068e-25
1.310305e+01 7.433389e-25
1.313327e+01 7.418629e-25
1.316355e+01 7.403788e-25
1.319391e+01 7.389024e-25
1.322433e+01 7.374023e-25
1.325483e+01 7.358945e-25
1.328539e+01 7.343790e-25
1.331603e+01 7.328561e-25
1.334674e+01 7.313257e-25
1.337752e+01 7.297881e-25
1.340836e+01 7.282434e-25
1.343928e+01 7.266916e-25
1.347027e+01 7.251329e-25
1.350134e+01 7.235805e-25
1.353247e+01 7.219954e-25
1.356368e+01 7.204168e-25
1.359496e+01 7.188318e-25
1.362631e+01 7.172406e-25
1.365773e+01 7.156432e-25
1.368922e+01 7.140399e-25
1.372079e+01 7.124308e-25
1.375243e+01 7.108160e-25
1.378414e+01 7.091957e-25
1.381593e+01 7.075700e-25
1.384779e+01 7.059390e-25
1.387972e+01 7.043030e-25
1.391173e+01 7.026620e-25
1.394381e+01 7.010162e-25
1.397596e+01 6.993658e-25
1.400819e+01 6.977110e-25
1.404050e+01 6.960519e-25
1.407287e+01 6.943886e-25
1.410533e+01 6.927214e-25
1.413785e+01 6.910504e-25
1.417045e+01 6.893757e-25
1.420313e+01 6.876976e-25
1.423588e+01 6.860163e-25
1.426871e+01 6.843318e-25
1.430162e+01 6.826445e-25
1.433460e+01 6.809544e-25
1.436765e+01 6.792617e-25
1.440078e+01 6.775667e-25
1.443399e+01 6.758696e-25
1.446728e+01 6.741704e-25
1.450064e+01 6.724695e-25
1.453408e+01 6.707773e-25
1.456759e+01 6.690632e-25
1.460119e+01 6.673582e-25
1.463486e+01 6.656522e-25
1.466860e+01 6.639455e-25
1.470243e+01 6.622382e-25
1.473633e+01 6.605306e-25
1.477032e+01 6.588229e-25
1.480438e+01 6.571153e-25
1.483852e+01 6.554080e-25
1.487273e+01 6.537013e-25
1.490703e+01 6.519888e-25
1.494141e+01 6.502903e-25
1.497586e+01 6.485869e-25
1.501040e+01 6.468848e-25
1.504501e+01 6.451844e-25
1.507970e+01 6.434860e-25
1.511448e+01 6.417898e-25
1.514933e+01 6.400962e-25
1.518427e+01 6.383982e-25
1.521928e+01 6.367103e-25
1.525438e+01 6.350257e-25
1.528955e+01 6.333446e-25
1.532481e+01 6.316673e-25
1.536015e+01 6.299940e-25
1.539557e+01 6.283251e-25
1.543107e+01 6.266672e-25
1.546666e+01 6.250076e-25
1.550232e+01 6.233515e-25
1.553807e+01 6.216981e-25
1.557390e+01 6.200603e-25
1.560982e+01 6.184179e-25
1.564581e+01 6.167871e-25
1.568189e+01 6.151630e-25
1.571805e+01 6.135457e-25
1.575430e+01 6.119357e-25
1.579063e+01 6.103332e-25
1.582704e+01 6.087385e-25
1.586354e+01 6.071520e-25
1.590012e+01 6.055740e-25
1.593679e+01 6.040047e-25
1.597354e+01 6.024446e-25
1.601037e+01 6.008938e-25
1.604729e+01 5.993529e-25
1.608430e+01 5.978220e-25
1.612139e+01 5.963015e-25
1.615857e+01 5.947917e-25
1.619583e+01 5.932930e-25
1.623317e+01 5.918058e-25
1.627061e+01 5.903302e-25
1.630813e+01 5.888668e-25
1.634574e+01 5.874158e-25
1.638343e+01 5.859776e-25
1.642121e+01 5.845524e-25
1.645908e+01 5.831407e-25
1.649703e+01 5.817429e-25
1.653507e+01 5.803583e-25
1.657320e+01 5.789861e-25
1.661142e+01 5.776355e-25
1.664973e+01 5.763165e-25
1.668812e+01 5.749768e-25
1.672661e+01 5.736648e-25
1.676518e+01 5.723696e-25
1.680384e+01 5.710946e-25
1.684259e+01 5.698365e-25
1.688143e+01 5.685957e-25
1.692035e+01 5.673724e-25
1.695937e+01 5.661670e-25
1.699848e+01 5.649799e-25
1.703768e+01 5.638113e-25
1.707697e+01 5.626617e-25
1.711635e+01 5.615313e-25
1.715582e+01 5.604204e-25
1.719538e+01 5.593294e-25
1.723503e+01 5.582586e-25
1.727478e+01 5.572082e-25
1.731461e+01 5.561787e-25
1.735454e+01 5.551702e-25
1.739456e+01 5.541831e-25
1.743467e+01 5.532177e-25
1.747488e+01 5.522743e-25
1.751517e+01 5.513531e-25
1.755556e+01 5.504543e-25
1.759605e+01 5.495783e-25
1.763662e+01 5.487254e-25
1.767729e+01 5.478956e-25
1.771806e+01 5.470894e-25
1.775892e+01 5.463069e-25
1.779987e+01 5.455484e-25
1.784092e+01 5.448140e-25
1.788206e+01 5.441039e-25
1.792329e+01 5.434184e-25
1.796462e+01 5.427577e-25
1.800605e+01 5.421218e-25
1.804757e+01 5.415111e-25
1.808919e+01 5.409255e-25
1.813090e+01 5.403654e-25
1.817271e+01 5.398307e-25
1.821462e+01 5.393216e-25
1.825662e+01 5.388383e-25
1.829872e+01 5.383808e-25
1.834092e+01 5.379512e-25
1.838322e+01 5.375456e-25
1.842561e+01 5.371660e-25
1.846810e+01 5.368124e-25
1.851068e+01 5.364849e-25
1.855337e+01 5.361836e-25
1.859615e+01 5.359083e-25
1.863904e+01 5.356592e-25
1.868202e+01 5.354361e-25
1.872510e+01 5.352390e-25
1.876828e+01 5.350679e-25
1.881156e+01 5.349227e-25
1.885494e+01 5.348032e-25
1.889842e+01 5.347093e-25
1.894200e+01 5.346410e-25
1.898568e+01 5.345980e-25
1.902946e+01 5.345803e-25
1.907334e+01 5.345875e-25
1.911733e+01 5.346195e-25
1.916141e+01 5.346761e-25
1.920560e+01 5.347570e-25
1.924989e+01 5.348619e-25
1.929428e+01 5.349906e-25
1.933877e+01 5.351427e-25
1.938336e+01 5.353178e-25
1.942806e+01 5.355157e-25
1.947286e+01 5.357360e-25
1.951777e+01 5.359782e-25
1.956278e+01 5.362419e-25
1.960789e+01 5.365268e-25
1.965310e+01 5.368322e-25
1.969842e+01 5.371577e-25
1.974385e+01 5.375028e-25
1.978938e+01 5.378670e-25
1.983501e+01 5.382497e-25
1.988075e+01 5.386503e-25
1.992660e+01 5.390682e-25
1.997255e+01 5.395029e-25
2.001861e+01 5.399535e-25
2.006477e+01 5.404196e-25
2.011104e+01 5.409004e-25
2.015741e+01 5.413952e-25
2.020390e+01 5.419033e-25
2.025049e+01 5.424239e-25
2.029719e+01 5.429563e-25
2.034399e+01 5.434998e-25
2.039090e+01 5.440536e-25
2.043793e+01 5.446168e-25
2.048506e+01 5.451886e-25
2.053229e+01 5.457683e-25
2.057964e+01 5.463551e-25
2.062710e+01 5.469480e-25
2.067466e+01 5.475463e-25
2.072234e+01 5.481491e-25
2.077013e+01 5.487555e-25
2.081802e+01 5.493649e-25
2.086603e+01 5.499759e-25
2.091415e+01 5.505881e-25
2.096237e+01 5.512007e-25
2.101071e+01 5.518125e-25
2.105916e+01 5.524230e-25
2.110773e+01 5.530311e-25
2.115640e+01 5.536361e-25
2.120519e+01 5.542372e-25
2.125409e+01 5.548334e-25
2.130310e+01 5.554241e-25
2.135223e+01 5.560085e-25
2.140146e+01 5.565857e-25
2.145082e+01 5.571549e-25
2.150028e+01 5.577155e-25
2.154986e+01 5.582667e-25
2.159956e+01 5.588078e-25
2.164936e+01 5.593381e-25
2.169929e+01 5.598569e-25
2.174933e+01 5.603636e-25
2.179948e+01 5.608574e-25
2.184975e+01 5.613379e-25
2.190014e+01 5.618045e-25
2.195064e+01 5.622564e-25
2.200126e+01 5.626933e-25
2.205199e+01 5.631146e-25
2.210284e+01 5.635198e-25
2.215381e+01 5.639084e-25
2.220490e+01 5.642800e-25
2.225610e+01 5.646341e-25
2.230743e+01 5.649705e-25
2.235887e+01 5.652886e-25
2.241043e+01 5.655882e-25
2.246211e+01 5.658690e-25
2.251390e+01 5.661306e-25
2.256582e+01 5.663728e-25
2.261786e+01 5.665954e-25
2.267002e+01 5.667981e-25
2.272229e+01 5.669808e-25
2.277469e+01 5.671432e-25
2.282721e+01 5.672858e-25
2.287985e+01 5.674072e-25
2.293261e+01 5.675081e-25
2.298549e+01 5.675890e-25
2.303850e+01 5.676487e-25
2.309162e+01 5.676877e-25
2.314487e+01 5.677060e-25
2.319825e+01 5.677035e-25
2.325174e+01 5.676804e-25
2.330536e+01 5.676366e-25
2.335910e+01 5.675722e-25
2.341297e+01 5.674874e-25
2.346696e+01 5.673822e-25
2.352107e+01 5.672567e-25
2.357531e+01 5.671111e-25
2.362968e+01 5.669456e-25
2.368417e+01 5.667602e-25
2.373878e+01 5.665552e-25
2.379353e+01 5.663308e-25
2.384839e+01 5.660871e-25
2.390339e+01 5.658250e-25
2.395851e+01 5.655430e-25
2.401376e+01 5.652435e-25
2.406914e+01 5.649252e-25
2.412464e+01 5.645882e-25
2.418027e+01 5.642340e-25
2.423603e+01 5.638623e-25
2.429192e+01 5.634733e-25
2.434794e+01 5.630673e-25
2.440408e+01 5.626447e-25
2.446036e+01 5.622057e-25
2.451676e+01 5.617506e-25
2.457330e+01 5.612798e-25
2.462997e+01 5.607939e-25
2.468676e+01 5.602924e-25
2.474369e+01 5.597760e-25
2.480075e+01 5.592451e-25
2.485794e+01 5.586999e-25
2.491526e+01 5.581409e-25
2.497272e+01 5.575682e-25
2.503031e+01 5.569823e-25
2.508803e+01 5.563835e-25
2.514588e+01 5.557717e-25
2.520387e+01 5.551480e-25
2.526199e+01 5.545124e-25
2.532024e+01 5.538645e-25
2.537863e+01 5.532061e-25
2.543715e+01 5.525362e-25
2.549581e+01 5.518556e-25
2.555460e+01 5.511646e-25
2.561353e+01 5.504634e-25
2.567260e+01 5.497525e-25
2.573180e+01 5.490320e-25
2.579114e+01 5.483023e-25
2.585061e+01 5.475637e-25
2.591022e+01 5.468164e-25
2.596997e+01 5.460608e-25
2.602986e+01 5.452972e-25
2.608988e+01 5.445258e-25
2.615005e+01 5.437469e-25
2.621035e+01 5.429608e-25
2.627079e+01 5.421677e-25
2.633137e+01 5.413680e-25
2.639209e+01 5.405618e-25
2.645295e+01 5.397495e-25
2.651395e+01 5.389313e-25
2.657509e+01 5.381074e-25
2.663638e+01 5.372781e-25
2.669780e+01 5.364436e-25
2.675937e+01 5.356042e-25
2.682107e+01 5.347600e-25
2.688292e+01 5.339114e-25
2.694492e+01 5.330586e-25
2.700705e+01 5.322017e-25
2.706933e+01 5.313410e-25
2.713175e+01 5.304766e-25
2.719432e+01 5.296089e-25
2.725703e+01 5.287380e-25
2.731988e+01 5.278640e-25
2.738288e+01 5.269872e-25
2.744603e+01 5.261078e-25
2.750932e+01 5.252260e-25
2.757275e+01 5.243419e-25
2.763634e+01 5.234557e-25
2.770007e+01 5.225676e-25
2.776394e+01 5.216777e-25
2.782797e+01 5.207863e-25
2.789214e+01 5.198934e-25
2.795646e+01 5.189993e-25
2.802093e+01 5.181040e-25
2.808554e+01 5.172078e-25
2.815031e+01 5.163107e-25
2.821522e+01 5.154130e-25
2.828029e+01 5.145147e-25
2.834550e+01 5.136160e-25
2.841087e+01 5.127170e-25
2.847638e+01 5.118179e-25
2.854205e+01 5.109187e-25
2.860787e+01 5.100200e-25
2.867384e+01 5.091211e-25
2.873996e+01 5.082225e-25
2.880623e+01 5.073244e-25
2.887266e+01 5.064267e-25
2.893924e+01 5.055297e-25
2.900598e+01 5.046335e-25
2.907286e+01 5.037381e-25
2.913991e+01 5.028436e-25
2.920710e+01 5.019501e-25
2.927446e+01 5.010577e-25
2.934196e+01 5.001665e-25
2.940963e+01 4.992766e-25
2.947744e+01 4.983881e-25
2.954542e+01 4.975010e-25
2.961355e+01 4.966154e-25
2.968184e+01 4.957314e-25
2.975029e+01 4.948490e-25
2.981889e+01 4.939684e-25
2.988765e+01 4.930896e-25
2.995658e+01 4.922126e-25
3.002566e+01 4.913376e-25
3.009489e+01 4.904645e-25
3.016429e+01 4.895935e-25
3.023385e+01 4.887246e-25
3.030357e+01 4.878578e-25
3.037345e+01 4.869932e-25
3.044349e+01 4.861309e-25
3.051370e+01 4.852708e-25
3.058406e+01 4.844131e-25
3.065459e+01 4.835578e-25
3.072528e+01 4.827049e-25
3.079613e+01 4.818545e-25
3.086715e+01 4.810066e-25
3.093833e+01 4.801613e-25
3.100967e+01 4.793185e-25
3.108118e+01 4.784784e-25
3.115285e+01 4.776409e-25
3.122469e+01 4.768061e-25
3.129670e+01 4.759740e-25
3.136887e+01 4.751447e-25
3.144120e+01 4.743181e-25
3.151371e+01 4.734944e-25
3.158638e+01 4.726734e-25
3.165922e+01 4.718553e-25
3.173222e+01 4.710401e-25
3.180540e+01 4.702278e-25
3.187874e+01 4.694184e-25
3.195225e+01 4.686119e-25
3.202594e+01 4.678083e-25
3.209979e+01 4.670078e-25
3.217381e+01 4.662102e-25
3.224800e+01 4.654158e-25
3.232237e+01 4.646243e-25
3.239690e+01 4.638357e-25
3.247161e+01 4.630502e-25
3.254649e+01 4.622677e-25
3.262154e+01 4.614883e-25
3.269677e+01 4.607120e-25
3.277217e+01 4.599387e-25
3.284774e+01 4.591685e-25
3.292349e+01 4.584014e-25
3.299941e+01 4.576375e-25
3.307551e+01 4.568766e-25
3.315178e+01 4.561188e-25
3.322823e+01 4.553642e-25
3.330485e+01 4.546126e-25
3.338165e+01 4.538642e-25
3.345863e+01 4.531189e-25
3.353579e+01 4.523767e-25
3.361312e+01 4.516377e-25
3.369063e+01 4.509018e-25
3.376832e+01 4.501690e-25
3.384619e+01 4.494393e-25
3.392424e+01 4.487128e-25
3.400247e+01 4.479894e-25
3.408088e+01 4.472691e-25
3.415947e+01 4.465519e-25
3.423825e+01 4.458378e-25
3.431720e+01 4.451269e-25
3.439634e+01 4.444191e-25
3.447565e+01 4.437143e-25
3.455515e+01 4.430127e-25
3.463484e+01 4.423142e-25
3.471471e+01 4.416187e-25
3.479476e+01 4.409264e-25
3.487500e+01 4.402371e-25
3.495542e+01 4.395509e-25
3.503603e+01 4.388677e-25
3.511682e+01 4.381876e-25
3.519780e+01 4.375106e-25
3.527897e+01 4.368366e-25
3.536032e+01 4.361656e-25
3.544186e+01 4.354977e-25
3.552359e+01 4.348328e-25
3.560551e+01 4.341709e-25
3.568761e+01 4.335119e-25
3.576991e+01 4.328560e-25
3.585240e+01 4.322031e-25
3.593507e+01 4.315533e-25
3.601794e+01 4.309062e-25
3.610100e+01 4.302622e-25
3.618424e+01 4.296210e-25
3.626769e+01 4.289829e-25
3.635132e+01 4.283476e-25
3.643515e+01 4.277152e-25
3.651917e+01 4.270857e-25
3.660338e+01 4.264592e-25
3.668779e+01 4.258354e-25
3.677239e+01 4.252146e-25
3.685719e+01 4.245966e-25
3.694218e+01 4.239814e-25
3.702737e+01 4.233691e-25
3.711275e+01 4.227596e-25
3.719834e+01 4.221529e-25
3.728412e+01 4.215490e-25
3.737009e+01 4.209478e-25
3.745627e+01 4.203494e-25
3.754264e+01 4.197538e-25
3.762922e+01 4.191609e-25
3.771599e+01 4.185708e-25
3.780296e+01 4.179833e-25
3.789014e+01 4.173986e-25
3.797751e+01 4.168166e-25
3.806509e+01 4.162372e-25
3.815287e+01 4.156605e-25
3.824085e+01 4.150864e-25
3.832903e+01 4.145150e-25
3.841742e+01 4.139462e-25
3.850601e+01 4.133800e-25
3.859480e+01 4.128165e-25
3.868380e+01 4.122556e-25
3.877301e+01 4.116970e-25
3.886242e+01 4.111412e-25
3.895204e+01 4.105880e-25
3.904186e+01 4.100372e-25
3.913189e+01 4.094889e-25
3.922213e+01 4.089432e-25
3.931258e+01 4.084000e-25
3.940323e+01 4.078593e-25
3.949410e+01 4.073211e-25
3.958517e+01 4.067854e-25
3.967645e+01 4.062524e-25
3.976795e+01 4.057222e-25
3.985965e+01 4.051956e-25
3.995157e+01 4.046771e-25
4.004370e+01 4.042674e-25
4.013604e+01 4.036798e-25
4.022859e+01 4.031090e-25
4.032136e+01 4.025869e-25
4.041434e+01 4.020709e-25
4.050754e+01 4.015581e-25
4.060095e+01 4.010479e-25
4.069457e+01 4.005402e-25
4.078842e+01 4.000348e-25
4.088247e+01 3.995317e-25
4.097675e+01 3.990309e-25
4.107124e+01 3.985323e-25
4.116595e+01 3.980360e-25
4.126088e+01 3.975419e-25
4.135603e+01 3.970499e-25
4.145140e+01 3.965602e-25
4.154698e+01 3.960726e-25
4.164279e+01 3.955872e-25
4.173882e+01 3.951040e-25
4.183507e+01 3.946228e-25
4.193154e+01 3.941438e-25
4.202824e+01 3.936669e-25
4.212516e+01 3.931921e-25
4.222230e+01 3.927193e-25
4.231966e+01 3.922487e-25
4.241725e+01 3.917801e-25
4.251507e+01 3.913135e-25
4.261311e+01 3.908490e-25
4.271137e+01 3.903864e-25
4.280986e+01 3.899259e-25
4.290858e+01 3.894674e-25
4.300753e+01 3.890108e-25
4.310671e+01 3.885562e-25
4.320611e+01 3.881036e-25
4.330575e+01 3.876529e-25
4.340561e+01 3.872042e-25
4.350570e+01 3.867573e-25
4.360603e+01 3.863124e-25
4.370658e+01 3.858693e-25
4.380737e+01 3.854282e-25
4.390839e+01 3.849889e-25
4.400964e+01 3.845515e-25
4.411113e+01 3.841159e-25
4.421285e+01 3.836821e-25
4.431481e+01 3.832502e-25
4.441700e+01 3.828201e-25
4.451942e+01 3.823918e-25
4.462208e+01 3.819653e-25
4.472498e+01 3.815405e-25
4.482812e+01 3.811175e-25
4.493149e+01 3.806963e-25
4.503511e+01 3.802768e-25
4.513896e+01 3.798591e-25
4.524305e+01 3.794431e-25
4.534738e+01 3.790288e-25
4.545195e+01 3.786162e-25
4.555676e+01 3.782052e-25
4.566182e+01 3.777960e-25
4.576711e+01 3.773884e-25
4.587265e+01 3.769825e-25
4.597843e+01 3.765782e-25
4.608446e+01 3.761756e-25
4.619073e+01 3.757746e-25
4.629725e+01 3.753752e-25
4.640401e+01 3.749774e-25
4.651102e+01 3.745812e-25
4.661827e+01 3.741866e-25
4.672578e+01 3.737935e-25
4.683353e+01 3.734021e-25
4.694152e+01 3.730121e-25
4.704977e+01 3.726238e-25
4.715827e+01 3.722369e-25
4.726702e+01 3.718516e-25
4.737601e+01 3.714678e-25
4.748526e+01 3.710855e-25
4.759476e+01 3.707047e-25
4.770452e+01 3.703254e-25
4.781453e+01 3.699475e-25
4.792479e+01 3.695712e-25
4.803530e+01 3.691962e-25
4.814607e+01 3.688228e-25
4.825710e+01 3.684507e-25
4.836838e+01 3.680801e-25
4.847992e+01 3.677109e-25
4.859171e+01 3.673432e-25
4.870376e+01 3.669768e-25
4.881607e+01 3.666118e-25
4.892864e+01 3.662482e-25
4.904147e+01 3.658860e-25
4.915456e+01 3.655252e-25
4.926792e+01 3.651657e-25
4.938153e+01 3.648075e-25
4.949540e+01 3.644507e-25
4.960954e+01 3.640953e-25
4.972394e+01 3.637411e-25
4.983860e+01 3.633883e-25
4.995353e+01 3.630368e-25
5.006872e+01 3.626866e-25
5.018418e+01 3.623376e-25
5.029991e+01 3.619900e-25
5.041590e+01 3.616436e-25
5.053216e+01 3.612985e-25
5.064869e+01 3.609546e-25
5.076548e+01 3.606120e-25
5.088255e+01 3.602707e-25
5.099988e+01 3.599306e-25
5.111749e+01 3.595917e-25
5.123537e+01 3.592540e-25
5.135352e+01 3.589175e-25
5.147194e+01 3.585823e-25
5.159063e+01 3.582482e-25
5.170960e+01 3.579154e-25
5.182884e+01 3.575837e-25
5.194836e+01 3.572532e-25
5.206816e+01 3.569238e-25
5.218822e+01 3.565956e-25
5.230857e+01 3.562686e-25
5.242920e+01 3.559427e-25
5.255010e+01 3.556180e-25
5.267128e+01 3.552943e-25
5.279274e+01 3.549718e-25
5.291448e+01 3.546505e-25
5.303650e+01 3.543302e-25
5.315880e+01 3.540111e-25
5.328139e+01 3.536930e-25
5.340425e+01 3.533760e-25
5.352741e+01 3.530601e-25
5.365084e+01 3.527453e-25
5.377456e+01 3.524316e-25
5.389856e+01 3.521189e-25
5.402285e+01 3.518073e-25
5.414743e+01 3.514967e-25
5.427230e+01 3.511872e-25
5.439745e+01 3.508788e-25
5.452289e+01 3.505713e-25
5.464862e+01 3.502649e-25
5.477464e+01 3.499595e-25
5.490095e+01 3.496551e-25
5.502755e+01 3.493517e-25
5.515445e+01 3.490494e-25
5.528163e+01 3.487480e-25
5.540911e+01 3.484476e-25
5.553689e+01 3.481482e-25
5.566495e+01 3.478498e-25
5.579332e+01 3.475523e-25
5.592198e+01 3.472559e-25
5.605093e+01 3.469603e-25
5.618019e+01 3.466658e-25
5.630974e+01 3.463722e-25
5.643959e+01 3.460795e-25
5.656974e+01 3.457878e-25
5.670019e+01 3.454970e-25
5.683094e+01 3.452072e-25
5.696200e+01 3.449182e-25
5.709335e+01 3.446302e-25
5.722501e+01 3.443432e-25
5.735697e+01 3.440571e-25
5.748923e+01 3.437721e-25
5.762181e+01 3.434899e-25
5.775468e+01 3.432539e-25
5.788786e+01 3.429224e-25
5.802135e+01 3.426397e-25
5.815515e+01 3.423586e-25
5.828926e+01 3.420785e-25
5.842367e+01 3.417993e-25
5.855840e+01 3.415211e-25
5.869344e+01 3.412436e-25
5.882878e+01 3.409671e-25
5.896444e+01 3.406914e-25
5.910041e+01 3.404165e-25
5.923670e+01 3.401425e-25
5.937330e+01 3.398693e-25
5.951022e+01 3.395969e-25
5.964745e+01 3.393254e-25
5.978500e+01 3.390547e-25
5.992286e+01 3.387848e-25
6.006104e+01 3.385157e-25
6.019954e+01 3.382474e-25
6.033836e+01 3.379799e-25
6.047750e+01 3.377133e-25
6.061697e+01 3.374474e-25
6.075675e+01 3.371823e-25
6.089686e+01 3.369180e-25
6.103728e+01 3.366544e-25
6.117804e+01 3.363917e-25
6.131911e+01 3.361297e-25
6.146052e+01 3.358685e-25
6.160224e+01 3.356081e-25
6.174430e+01 3.353484e-25
6.188668e+01 3.350895e-25
6.202939e+01 3.348313e-25
6.217243e+01 3.345739e-25
6.231580e+01 3.343172e-25
6.245950e+01 3.340612e-25
6.260354e+01 3.338060e-25
6.274790e+01 3.335516e-25
6.289260e+01 3.332978e-25
6.303763e+01 3.330448e-25
6.318299e+01 3.327926e-25
6.332869e+01 3.325410e-25
6.347473e+01 3.322901e-25
6.362110e+01 3.320400e-25
6.376781e+01 3.317906e-25
6.391486e+01 3.315418e-25
6.406225e+01 3.312938e-25
6.420998e+01 3.310465e-25
6.435805e+01 3.307998e-25
6.450646e+01 3.305539e-25
6.465521e+01 3.303087e-25
6.480431e+01 3.300641e-25
6.495375e+01 3.298202e-25
6.510353e+01 3.295770e-25
6.525366e+01 3.293344e-25
6.540413e+01 3.290926e-25
6.555496e+01 3.288514e-25
6.570613e+01 3.286108e-25
6.585765e+01 3.283709e-25
6.600951e+01 3.281317e-25
6.616173e+01 3.278932e-25
6.631430e+01 3.276553e-25
6.646722e+01 3.274180e-25
6.662050e+01 3.271814e-25
6.677412e+01 3.269454e-25
6.692811e+01 3.267101e-25
6.708244e+01 3.264754e-25
6.723714e+01 3.262413e-25
6.739218e+01 3.260079e-25
6.754759e+01 3.257751e-25
6.770336e+01 3.255429e-25
6.785948e+01 3.253113e-25
6.801597e+01 3.250804e-25
6.817281e+01 3.248501e-25
6.833002e+01 3.246204e-25
6.848759e+01 3.243913e-25
6.864552e+01 3.241628e-25
6.880382e+01 3.239349e-25
6.896248e+01 3.237076e-25
6.912151e+01 3.234809e-25
6.928090e+01 3.232548e-25
6.944067e+01 3.230294e-25
6.960080e+01 3.228045e-25
6.976130e+01 3.225802e-25
6.992217e+01 3.223564e-25
7.008341e+01 3.221333e-25
7.024502e+01 3.219108e-25
7.040701e+01 3.216888e-25
7.056936e+01 3.214674e-25
7.073210e+01 3.212466e-25
7.089521e+01 3.210263e-25
7.105869e+01 3.208067e-25
7.122255e+01 3.205876e-25
7.138679e+01 3.203690e-25
7.155141e+01 3.201510e-25
7.171641e+01 3.199336e-25
7.188179e+01 3.197168e-25
7.204755e+01 3.195005e-25
7.221369e+01 3.192847e-25
7.238022e+01 3.190695e-25
7.254713e+01 3.188549e-25
7.271442e+01 3.186408e-25
7.288210e+01 3.184272e-25
7.305017e+01 3.182142e-25
7.321862e+01 3.180017e-25
7.338746e+01 3.177898e-25
7.355669e+01 3.175784e-25
7.372632e+01 3.173675e-25
7.389633e+01 3.171572e-25
7.406674e+01 3.169474e-25
7.423753e+01 3.167381e-25
7.440873e+01 3.165294e-25
7.458031e+01 3.163212e-25
7.475230e+01 3.161135e-25
7.492468e+01 3.159063e-25
7.509745e+01 3.156996e-25
7.527063e+01 3.154935e-25
7.544420e+01 3.152879e-25
7.561818e+01 3.150827e-25
7.579255e+01 3.148781e-25
7.596733e+01 3.146740e-25
7.614251e+01 3.144704e-25
7.631810e+01 3.142674e-25
7.649409e+01 3.140648e-25
7.667048e+01 3.138627e-25
7.684729e+01 3.136611e-25
7.702450e+01 3.134600e-25
7.720212e+01 3.132595e-25
7.738015e+01 3.130594e-25
7.755858e+01 3.128598e-25
7.773744e+01 3.126607e-25
7.791670e+01 3.124620e-25
7.809638e+01 3.122639e-25
7.827647e+01 3.120663e-25
7.845697e+01 3.118691e-25
7.863789e+01 3.116724e-25
7.881923e+01 3.114762e-25
7.900099e+01 3.112805e-25
7.918317e+01 3.110853e-25
7.936577e+01 3.108905e-25
7.954878e+01 3.106962e-25
7.973222e+01 3.105024e-25
7.991609e+01 3.103091e-25
8.010037e+01 3.101162e-25
8.028509e+01 3.099238e-25
8.047022e+01 3.097318e-25
8.065579e+01 3.095404e-25
8.084178e+01 3.093494e-25
8.102820e+01 3.091588e-25
8.121506e+01 3.089687e-25
8.140234e+01 3.087791e-25
8.159005e+01 3.085899e-25
8.177820e+01 3.084012e-25
8.196678e+01 3.082130e-25
8.215580e+01 3.080252e-25
8.234525e+01 3.078378e-25
8.253514e+01 3.076509e-25
8.272546e+01 3.074645e-25
8.291623e+01 3.072785e-25
8.310744e+01 3.070929e-25
8.329908e+01 3.069078e-25
8.349117e+01 3.067232e-25
8.368370e+01 3.065389e-25
8.387668e+01 3.063552e-25
8.407010e+01 3.061718e-25
8.426396e+01 3.059889e-25
8.445828e+01 3.058065e-25
8.465304e+01 3.056245e-25
8.484825e+01 3.054429e-25
8.504391e+01 3.052617e-25
8.524002e+01 3.050810e-25
8.543659e+01 3.049007e-25
8.563360e+01 3.047209e-25
8.583107e+01 3.045415e-25
8.602900e+01 3.043625e-25
8.622738e+01 3.041839e-25
8.642623e+01 3.040058e-25
8.662553e+01 3.038280e-25
8.682528e+01 3.036508e-25
8.702550e+01 3.034739e-25
8.722619e+01 3.032974e-25
8.742733e+01 3.031214e-25
8.762894e+01 3.029458e-25
8.783101e+01 3.027706e-25
8.803355e+01 3.025959e-25
8.823656e+01 3.024215e-25
8.844003e+01 3.022476e-25
8.864397e+01 3.020741e-25
8.884839e+01 3.019009e-25
8.905327e+01 3.017283e-25
8.925863e+01 3.015560e-25
8.946446e+01 3.013841e-25
8.967077e+01 3.012126e-25
8.987755e+01 3.010416e-25
9.008481e+01 3.008709e-25
9.029254e+01 3.007007e-25
9.050076e+01 3.005309e-25
9.070945e+01 3.003614e-25
9.091863e+01 3.001924e-25
9.112829e+01 3.000238e-25
9.133843e+01 2.998556e-25
9.154906e+01 2.996877e-25
9.176017e+01 2.995203e-25
9.197177e+01 2.993533e-25
9.218386e+01 2.991867e-25
9.239644e+01 2.990205e-25
9.260950e+01 2.988546e-25
9.282306e+01 2.986892e-25
9.303711e+01 2.985242e-25
9.325166e+01 2.983595e-25
9.346669e+01 2.981953e-25
9.368223e+01 2.980314e-25
9.389826e+01 2.978680e-25
9.411479e+01 2.977049e-25
9.433182e+01 2.975422e-25
9.454935e+01 2.973799e-25
9.476738e+01 2.972180e-25
9.498592e+01 2.970565e-25
9.520496e+01 2.968954e-25
9.542450e+01 2.967346e-25
9.564455e+01 2.965743e-25
9.586511e+01 2.964143e-25
9.608617e+01 2.962547e-25
9.630775e+01 2.960955e-25
9.652983e+01 2.959367e-25
9.675243e+01 2.957782e-25
9.697554e+01 2.956202e-25
9.719917e+01 2.954625e-25
9.742331e+01 2.953052e-25
9.764797e+01 2.951483e-25
9.787315e+01 2.949917e-25
9.809884e+01 2.948356e-25
9.832506e+01 2.946798e-25
9.855180e+01 2.945244e-25
9.877906e+01 2.943694e-25
9.900685e+01 2.942147e-25
9.923516e+01 2.940604e-25
9.946399e+01 2.939065e-25
9.969336e+01 2.937530e-25
9.992325e+01 2.935998e-25
1.001537e+02 2.934470e-25
1.003846e+02 2.932946e-25
1.006161e+02 2.931425e-25
1.008481e+02 2.929909e-25
1.010807e+02 2.928396e-25
1.013138e+02 2.926886e-25
1.015474e+02 2.925381e-25
1.017816e+02 2.923879e-25
1.020163e+02 2.922380e-25
1.022515e+02 2.920886e-25
1.024873e+02 2.919395e-25
1.027237e+02 2.917907e-25
1.029606e+02 2.916424e-25
1.031980e+02 2.914944e-25
1.034360e+02 2.913467e-25
1.036745e+02 2.911994e-25
1.039136e+02 2.910525e-25
1.041532e+02 2.909060e-25
1.043934e+02 2.907598e-25
1.046341e+02 2.906140e-25
1.048754e+02 2.904685e-25
1.051172e+02 2.903234e-25
1.053596e+02 2.901787e-25
1.056026e+02 2.900343e-25
1.058461e+02 2.898903e-25
1.060902e+02 2.897466e-25
1.063348e+02 2.896033e-25
1.065800e+02 2.894604e-25
1.068258e+02 2.893178e-25
1.070722e+02 2.891756e-25
1.073191e+02 2.890337e-25
1.075665e+02 2.888922e-25
1.078146e+02 2.887510e-25
1.080632e+02 2.886102e-25
1.083124e+02 2.884698e-25
1.085622e+02 2.883297e-25
1.088125e+02 2.881900e-25
1.090634e+02 2.880506e-25
1.093149e+02 2.879115e-25
1.095670e+02 2.877729e-25
1.098197e+02 2.876346e-25
1.100729e+02 2.874966e-25
1.103268e+02 2.873590e-25
1.105812e+02 2.872217e-25
1.108362e+02 2.870848e-25
1.110918e+02 2.869482e-25
1.113480e+02 2.868120e-25
1.116047e+02 2.866762e-25
1.118621e+02 2.865407e-25
1.121200e+02 2.864055e-25
1.123786e+02 2.862707e-25
1.126377e+02 2.861363e-25
1.128975e+02 2.860022e-25
1.131578e+02 2.858684e-25
1.134188e+02 2.857350e-25
1.136803e+02 2.856019e-25
1.139425e+02 2.854692e-25
1.142052e+02 2.853369e-25
1.144686e+02 2.852049e-25
1.147325e+02 2.850732e-25
1.149971e+02 2.849419e-25
1.152623e+02 2.848109e-25
1.155281e+02 2.846803e-25
1.157945e+02 2.845500e-25
1.160615e+02 2.844201e-25
1.163292e+02 2.842905e-25
1.165974e+02 2.841612e-25
1.168663e+02 2.840323e-25
1.171358e+02 2.839038e-25
1.174059e+02 2.837756e-25
1.176766e+02 2.836477e-25
1.179480e+02 2.835202e-25
1.182200e+02 2.833930e-25
1.184926e+02 2.832662e-25
1.187658e+02 2.831397e-25
1.190397e+02 2.830136e-25
1.193142e+02 2.828878e-25
1.195894e+02 2.827624e-25
1.198651e+02 2.826373e-25
1.201416e+02 2.825125e-25
1.204186e+02 2.823881e-25
1.206963e+02 2.822640e-25
1.209746e+02 2.821403e-25
1.212536e+02 2.820169e-25
1.215332e+02 2.818938e-25
1.218134e+02 2.817711e-25
1.220943e+02 2.816488e-25
1.223759e+02 2.815268e-25
1.226581e+02 2.814051e-25
1.229410e+02 2.812837e-25
1.232245e+02 2.811628e-25
1.235086e+02 2.810421e-25
1.237934e+02 2.809218e-25
1.240789e+02 2.808018e-25
1.243650e+02 2.806822e-25
1.246518e+02 2.805629e-25
1.249393e+02 2.804440e-25
1.252274e+02 2.803254e-25
1.255161e+02 2.802071e-25
1.258056e+02 2.800892e-25
1.260957e+02 2.799716e-25
1.263865e+02 2.798544e-25
1.266779e+02 2.797375e-25
1.269700e+02 2.796209e-25
1.272628e+02 2.795047e-25
1.275563e+02 2.793889e-25
1.278504e+02 2.792733e-25
1.281453e+02 2.791581e-25
1.284408e+02 2.790433e-25
1.287370e+02 2.789288e-25
1.290338e+02 2.788146e-25
1.293314e+02 2.787008e-25
1.296296e+02 2.785873e-25
1.299285e+02 2.784742e-25
1.302282e+02 2.783614e-25
1.305285e+02 2.782489e-25
1.308295e+02 2.781368e-25
1.311312e+02 2.780250e-25
1.314335e+02 2.779136e-25
1.317366e+02 2.778025e-25
1.320404e+02 2.776917e-25
1.323449e+02 2.775813e-25
1.326501e+02 2.774712e-25
1.329560e+02 2.773615e-25
1.332626e+02 2.772521e-25
1.335699e+02 2.771430e-25
1.338779e+02 2.770343e-25
1.341866e+02 2.769260e-25
1.344961e+02 2.768179e-25
1.348062e+02 2.767103e-25
1.351171e+02 2.766029e-25
1.354287e+02 2.764959e-25
1.357410e+02 2.763892e-25
1.360540e+02 2.762829e-25
1.363677e+02 2.761769e-25
1.366822e+02 2.760713e-25
1.369974e+02 2.759660e-25
1.373133e+02 2.758611e-25
1.376299e+02 2.757565e-25
1.379473e+02 2.756522e-25
1.382654e+02 2.755483e-25
1.385843e+02 2.754447e-25
1.389038e+02 2.753414e-25
1.392241e+02 2.752385e-25
1.395452e+02 2.751360e-25
1.398670e+02 2.750338e-25
1.401895e+02 2.749319e-25
1.405128e+02 2.748304e-25
1.408368e+02 2.747292e-25
1.411616e+02 2.746284e-25
1.414871e+02 2.745279e-25
1.418134e+02 2.744277e-25
1.421404e+02 2.743279e-25
1.424682e+02 2.742285e-25
1.427967e+02 2.741294e-25
1.431260e+02 2.740306e-25
1.434561e+02 2.739322e-25
1.437869e+02 2.738341e-25
1.441184e+02 2.737363e-25
1.444508e+02 2.736390e-25
1.447839e+02 2.735419e-25
1.451178e+02 2.734452e-25
1.454524e+02 2.733489e-25
1.457878e+02 2.732529e-25
1.461240e+02 2.731572e-25
1.464610e+02 2.730619e-25
1.467987e+02 2.729669e-25
1.471372e+02 2.728723e-25
1.474765e+02 2.727780e-25
1.478166e+02 2.726841e-25
1.481575e+02 2.725905e-25
1.484991e+02 2.724973e-25
1.488416e+02 2.724044e-25
1.491848e+02 2.723119e-25
1.495288e+02 2.722197e-25
1.498736e+02 2.721279e-25
1.502192e+02 2.720364e-25
1.505657e+02 2.719453e-25
1.509129e+02 2.718545e-25
1.512609e+02 2.717640e-25
1.516097e+02 2.716740e-25
1.519593e+02 2.715842e-25
1.523097e+02 2.714948e-25
1.526609e+02 2.714058e-25
1.530130e+02 2.713171e-25
1.533658e+02 2.712288e-25
1.537195e+02 2.711408e-25
1.540740e+02 2.710532e-25
1.544293e+02 2.709660e-25
1.547854e+02 2.708790e-25
1.551423e+02 2.707925e-25
1.555001e+02 2.707063e-25
1.558587e+02 2.706204e-25
1.562181e+02 2.705349e-25
1.565783e+02 2.704498e-25
1.569394e+02 2.703650e-25
1.573013e+02 2.702806e-25
1.576640e+02 2.701965e-25
1.580276e+02 2.701128e-25
1.583920e+02 2.700294e-25
1.587573e+02 2.699464e-25
1.591233e+02 2.698638e-25
1.594903e+02 2.697815e-25
1.598581e+02 2.696995e-25
1.602267e+02 2.696180e-25
1.605962e+02 2.695368e-25
1.609665e+02 2.694559e-25
1.613377e+02 2.693754e-25
1.617098e+02 2.692953e-25
1.620827e+02 2.692155e-25
1.624564e+02 2.691361e-25
1.628311e+02 2.690571e-25
1.632065e+02 2.689784e-25
1.635829e+02 2.689000e-25
1.639601e+02 2.688221e-25
1.643382e+02 2.687445e-25
1.647172e+02 2.686673e-25
1.650970e+02 2.685904e-25
1.654777e+02 2.685139e-25
1.658593e+02 2.684377e-25
1.662418e+02 2.683620e-25
1.666252e+02 2.682866e-25
1.670094e+02 2.682115e-25
1.673945e+02 2.681368e-25
1.677805e+02 2.680625e-25
1.681674e+02 2.679886e-25
1.685552e+02 2.679150e-25
1.689439e+02 2.678418e-25
1.693335e+02 2.677690e-25
1.697240e+02 2.676965e-25
1.701154e+02 2.676244e-25
1.705077e+02 2.675527e-25
1.709009e+02 2.674814e-25
1.712950e+02 2.674104e-25
1.716900e+02 2.673398e-25
1.720859e+02 2.672696e-25
1.724827e+02 2.671997e-25
1.728805e+02 2.671302e-25
1.732791e+02 2.670611e-25
1.736787e+02 2.669924e-25
1.740792e+02 2.669240e-25
1.744806e+02 2.668560e-25
1.748830e+02 2.667884e-25
1.752863e+02 2.667212e-25
1.756905e+02 2.666543e-25
1.760956e+02 2.665879e-25
1.765017e+02 2.665218e-25
1.769087e+02 2.664561e-25
1.773167e+02 2.663907e-25
1.777256e+02 2.663258e-25
1.781354e+02 2.662612e-25
1.785462e+02 2.661970e-25
1.789579e+02 2.661332e-25
1.793706e+02 2.660698e-25
1.797842e+02 2.660068e-25
1.801988e+02 2.659441e-25
1.806143e+02 2.658818e-25
1.810308e+02 2.658200e-25
1.814483e+02 2.657585e-25
1.818667e+02 2.656974e-25
1.822861e+02 2.656366e-25
1.827065e+02 2.655763e-25
1.831278e+02 2.655164e-25
1.835501e+02 2.654568e-25
1.839734e+02 2.653977e-25
1.843976e+02 2.653389e-25
1.848228e+02 2.652805e-25
1.852490e+02 2.652225e-25
1.856762e+02 2.651649e-25
1.861044e+02 2.651077e-25
1.865335e+02 2.650509e-25
1.869637e+02 2.649945e-25
1.873948e+02 2.649385e-25
1.878270e+02 2.648829e-25
1.882601e+02 2.648277e-25
1.886942e+02 2.647728e-25
1.891293e+02 2.647184e-25
1.895655e+02 2.646644e-25
1.900026e+02 2.646108e-25
1.904408e+02 2.645575e-25
1.908799e+02 2.645047e-25
1.913201e+02 2.644523e-25
1.917613e+02 2.644003e-25
1.922035e+02 2.643487e-25
1.926467e+02 2.642975e-25
1.930910e+02 2.642467e-25
1.935362e+02 2.641963e-25
1.939825e+02 2.641463e-25
1.944298e+02 2.640967e-25
1.948782e+02 2.640475e-25
1.953276e+02 2.639988e-25
1.957780e+02 2.639504e-25
1.962295e+02 2.639025e-25
1.966820e+02 2.638549e-25
1.971355e+02 2.638078e-25
1.975901e+02 2.637611e-25
1.980458e+02 2.637148e-25
1.985025e+02 2.636689e-25
1.989602e+02 2.636235e-25
1.994190e+02 2.635784e-25
1.998789e+02 2.635338e-25
2.003398e+02 2.634896e-25
2.008018e+02 2.634458e-25
2.012648e+02 2.634025e-25
2.017290e+02 2.633595e-25
2.021942e+02 2.633170e-25
2.026604e+02 2.632749e-25
2.031277e+02 2.632332e-25
2.035962e+02 2.631920e-25
2.040657e+02 2.631511e-25
2.045362e+02 2.631107e-25
2.050079e+02 2.630708e-25
2.054806e+02 2.630312e-25
2.059545e+02 2.629921e-25
2.064294e+02 2.629534e-25
2.069054e+02 2.629152e-25
2.073826e+02 2.628773e-25
2.078608e+02 2.628399e-25
2.083401e+02 2.628030e-25
2.088206e+02 2.627665e-25
2.093021e+02 2.627304e-25
2.097848e+02 2.626947e-25
2.102685e+02 2.626595e-25
2.107534e+02 2.626247e-25
2.112394e+02 2.625904e-25
2.117265e+02 2.625565e-25
2.122148e+02 2.625230e-25
2.127041e+02 2.624900e-25
2.131946e+02 2.624574e-25
2.136863e+02 2.624253e-25
2.141790e+02 2.623936e-25
2.146729e+02 2.623624e-25
2.151680e+02 2.623316e-25
2.156641e+02 2.623013e-25
2.161615e+02 2.622714e-25
2.166599e+02 2.622419e-25
2.171595e+02 2.622130e-25
2.176603e+02 2.621844e-25
2.181622e+02 2.621563e-25
2.186653e+02 2.621287e-25
2.191696e+02 2.621015e-25
2.196750e+02 2.620748e-25
2.201816e+02 2.620486e-25
2.206893e+02 2.620228e-25
2.211982e+02 2.619974e-25
2.217083e+02 2.619725e-25
2.222195e+02 2.619481e-25
2.227320e+02 2.619242e-25
2.232456e+02 2.619007e-25
2.237604e+02 2.618777e-25
2.242764e+02 2.618551e-25
2.247936e+02 2.618330e-25
2.253120e+02 2.618114e-25
2.258315e+02 2.617902e-25
2.263523e+02 2.617696e-25
2.268743e+02 2.617494e-25
2.273975e+02 2.617296e-25
2.279218e+02 2.617104e-25
2.284474e+02 2.616916e-25
2.289742e+02 2.616733e-25
2.295022e+02 2.616554e-25
2.300315e+02 2.616381e-25
2.305619e+02 2.616212e-25
2.310936e+02 2.616048e-25
2.316265e+02 2.615889e-25
2.321606e+02 2.615735e-25
2.326960e+02 2.615585e-25
2.332326e+02 2.615441e-25
2.337704e+02 2.615301e-25
2.343095e+02 2.615166e-25
2.348498e+02 2.615036e-25
2.353914e+02 2.614911e-25
2.359342e+02 2.614791e-25
2.364783e+02 2.614676e-25
2.370236e+02 2.614566e-25
2.375702e+02 2.614461e-25
2.381180e+02 2.614361e-25
2.386671e+02 2.614265e-25
2.392175e+02 2.614175e-25
2.397691e+02 2.614090e-25
2.403220e+02 2.614010e-25
2.408762e+02 2.613935e-25
2.414317e+02 2.613864e-25
2.419884e+02 2.613799e-25
2.425465e+02 2.613739e-25
2.431058e+02 2.613684e-25
2.436664e+02 2.613635e-25
2.442283e+02 2.613590e-25
2.447915e+02 2.613550e-25
2.453560e+02 2.613516e-25
2.459217e+02 2.613487e-25
2.464888e+02 2.613463e-25
2.470572e+02 2.613444e-25
2.476270e+02 2.613430e-25
2.481980e+02 2.613421e-25
2.487703e+02 2.613418e-25
2.493440e+02 2.613420e-25
2.499190e+02 2.613427e-25
2.504953e+02 2.613440e-25
2.510730e+02 2.613457e-25
2.516519e+02 2.613480e-25
2.522322e+02 2.613509e-25
2.528139e+02 2.613542e-25
2.533969e+02 2.613581e-25
2.539812e+02 2.613626e-25
2.545669e+02 2.613675e-25
2.551539e+02 2.613731e-25
2.557423e+02 2.613791e-25
2.563321e+02 2.613857e-25
2.569232e+02 2.613928e-25
2.575156e+02 2.614005e-25
2.581095e+02 2.614087e-25
2.587047e+02 2.614175e-25
2.593012e+02 2.614268e-25
2.598992e+02 2.614367e-25
2.604985e+02 2.614471e-25
2.610992e+02 2.614580e-25
2.617013e+02 2.614696e-25
2.623048e+02 2.614816e-25
2.629097e+02 2.614943e-25
2.635160e+02 2.615075e-25
2.641236e+02 2.615212e-25
2.647327e+02 2.615355e-25
2.653432e+02 2.615504e-25
2.659551e+02 2.615659e-25
2.665684e+02 2.615819e-25
2.671831e+02 2.615985e-25
2.677992e+02 2.616156e-25
2.684167e+02 2.616333e-25
2.690357e+02 2.616516e-25
2.696561e+02 2.616705e-25
2.702779e+02 2.616899e-25
2.709012e+02 2.617099e-25
2.715259e+02 2.617305e-25
2.721520e+02 2.617517e-25
2.727796e+02 2.617735e-25
2.734087e+02 2.617958e-25
2.740391e+02 2.618188e-25
2.746711e+02 2.618423e-25
2.753045e+02 2.618664e-25
2.759393e+02 2.618911e-25
2.765756e+02 2.619164e-25
2.772134e+02 2.619423e-25
2.778527e+02 2.619687e-25
2.784934e+02 2.619958e-25
2.791356e+02 2.620235e-25
2.797793e+02 2.620518e-25
2.804245e+02 2.620807e-25
2.810712e+02 2.621101e-25
2.817193e+02 2.621402e-25
2.823690e+02 2.621709e-25
2.830201e+02 2.622022e-25
2.836727e+02 2.622342e-25
2.843269e+02 2.622667e-25
2.849826e+02 2.622998e-25
2.856397e+02 2.623336e-25
2.862984e+02 2.623680e-25
2.869586e+02 2.624030e-25
2.876203e+02 2.624386e-25
2.882836e+02 2.624748e-25
2.889484e+02 2.625117e-25
2.896147e+02 2.625492e-25
2.902826e+02 2.625873e-25
2.909520e+02 2.626261e-25
2.916229e+02 2.626655e-25
2.922954e+02 2.627055e-25
2.929694e+02 2.627462e-25
2.936450e+02 2.627875e-25
2.943221e+02 2.628294e-25
2.950009e+02 2.628720e-25
2.956811e+02 2.629152e-25
2.963630e+02 2.629591e-25
2.970464e+02 2.630036e-25
2.977314e+02 2.630488e-25
2.984179e+02 2.630946e-25
2.991061e+02 2.631410e-25
2.997958e+02 2.631882e-25
3.004872e+02 2.632360e-25
3.011801e+02 2.632844e-25
3.018746e+02 2.633335e-25
3.025708e+02 2.633833e-25
3.032685e+02 2.634337e-25
3.039678e+02 2.634848e-25
3.046688e+02 2.635365e-25
3.053713e+02 2.635890e-25
3.060755e+02 2.636421e-25
3.067813e+02 2.636959e-25
3.074888e+02 2.637503e-25
3.081979e+02 2.638055e-25
3.089086e+02 2.638613e-25
3.096209e+02 2.639178e-25
3.103349e+02 2.639749e-25
3.110505e+02 2.640328e-25
3.117678e+02 2.640914e-25
3.124868e+02 2.641506e-25
3.132073e+02 2.642106e-25
3.139296e+02 2.642712e-25
3.146535e+02 2.643325e-25
3.153791e+02 2.643946e-25
3.161064e+02 2.644573e-25
3.168353e+02 2.645207e-25
3.175660e+02 2.645849e-25
3.182983e+02 2.646497e-25
3.190323e+02 2.647153e-25
3.197680e+02 2.647815e-25
3.205053e+02 2.648485e-25
3.212444e+02 2.649162e-25
3.219852e+02 2.649846e-25
3.227277e+02 2.650537e-25
3.234719e+02 2.651236e-25
3.242179e+02 2.651942e-25
3.249655e+02 2.652655e-25
3.257149e+02 2.653375e-25
3.264660e+02 2.654103e-25
3.272188e+02 2.654838e-25
3.279734e+02 2.655580e-25
3.287297e+02 2.656330e-25
3.294878e+02 2.657087e-25
3.302476e+02 2.657851e-25
3.310091e+02 2.658623e-25
3.317724e+02 2.659402e-25
3.325375e+02 2.660189e-25
3.333043e+02 2.660984e-25
3.340729e+02 2.661786e-25
3.348433e+02 2.662595e-25
3.356155e+02 2.663412e-25
3.363894e+02 2.664237e-25
3.371651e+02 2.665069e-25
3.379426e+02 2.665909e-25
3.387219e+02 2.666756e-25
3.395030e+02 2.667612e-25
3.402859e+02 2.668474e-25
3.410706e+02 2.669345e-25
3.418571e+02 2.670224e-25
3.426454e+02 2.671110e-25
3.434356e+02 2.672004e-25
3.442275e+02 2.672906e-25
3.450213e+02 2.673815e-25
3.458170e+02 2.674733e-25
3.466144e+02 2.675659e-25
3.474137e+02 2.676592e-25
3.482148e+02 2.677533e-25
3.490178e+02 2.678483e-25
3.498227e+02 2.679440e-25
3.506294e+02 2.680405e-25
3.514379e+02 2.681379e-25
3.522483e+02 2.682360e-25
3.530606e+02 2.683350e-25
3.538748e+02 2.684348e-25
3.546908e+02 2.685354e-25
3.555087e+02 2.686368e-25
3.563285e+02 2.687390e-25
3.571502e+02 2.688420e-25
3.579738e+02 2.689459e-25
3.587993e+02 2.690506e-25
3.596267e+02 2.691561e-25
3.604560e+02 2.692625e-25
3.612872e+02 2.693697e-25
3.621204e+02 2.694777e-25
3.629554e+02 2.695866e-25
3.637924e+02 2.696963e-25
3.646313e+02 2.698069e-25
3.654721e+02 2.699183e-25
3.663149e+02 2.700306e-25
3.671597e+02 2.701437e-25
3.680063e+02 2.702577e-25
3.688550e+02 2.703726e-25
3.697055e+02 2.704883e-25
3.705581e+02 2.706049e-25
3.714126e+02 2.707223e-25
3.722691e+02 2.708407e-25
3.731275e+02 2.709599e-25
3.739880e+02 2.710799e-25
3.748504e+02 2.712009e-25
3.757148e+02 2.713227e-25
3.765812e+02 2.714455e-25
3.774496e+02 2.715691e-25
3.783200e+02 2.716936e-25
3.791924e+02 2.718190e-25
3.800668e+02 2.719454e-25
3.809433e+02 2.720726e-25
3.818217e+02 2.722007e-25
3.827022e+02 2.723298e-25
3.835847e+02 2.724598e-25
3.844693e+02 2.725907e-25
3.853558e+02 2.727225e-25
3.862445e+02 2.728553e-25
3.871352e+02 2.729890e-25
3.880279e+02 2.731236e-25
3.889227e+02 2.732592e-25
3.898196e+02 2.733957e-25
3.907185e+02 2.735332e-25
3.916195e+02 2.736716e-25
3.925226e+02 2.738111e-25
3.934277e+02 2.739515e-25
3.943350e+02 2.740929e-25
3.952443e+02 2.742352e-25
3.961557e+02 2.743786e-25
3.970693e+02 2.745230e-25
3.979849e+02 2.746684e-25
3.989027e+02 2.748149e-25
3.998226e+02 2.749624e-25
4.007445e+02 2.751110e-25
4.016687e+02 2.752606e-25
4.025949e+02 2.754114e-25
4.035233e+02 2.755633e-25
4.044538e+02 2.757163e-25
4.053865e+02 2.758705e-25
4.063213e+02 2.760259e-25
4.072583e+02 2.761826e-25
4.081975e+02 2.763406e-25
4.091388e+02 2.764999e-25
4.100822e+02 2.766607e-25
4.110279e+02 2.768231e-25
4.119757e+02 2.769870e-25
4.129257e+02 2.771528e-25
4.138780e+02 2.773205e-25
4.148324e+02 2.774904e-25
4.157890e+02 2.776628e-25
4.167478e+02 2.778381e-25
4.177088e+02 2.780169e-25
4.186720e+02 2.781998e-25
4.196375e+02 2.783881e-25
4.206052e+02 2.785832e-25
4.215751e+02 2.787875e-25
4.225473e+02 2.790048e-25
4.235217e+02 2.792411e-25
4.244983e+02 2.795071e-25
4.254772e+02 2.798224e-25
4.264584e+02 2.802271e-25
4.274418e+02 2.808141e-25
4.284275e+02 2.818402e-25
4.294154e+02 2.842551e-25
4.304056e+02 2.942118e-25
4.313982e+02 6.119692e-25
4.323930e+02 3.102131e-25
4.333901e+02 2.867450e-25
4.343895e+02 2.833543e-25
4.353912e+02 2.823832e-25
4.363952e+02 2.820569e-25
4.374015e+02 2.819734e-25
4.384102e+02 2.820013e-25
4.394212e+02 2.820879e-25
4.404345e+02 2.822084e-25
4.414501e+02 2.823500e-25
4.424681e+02 2.825056e-25
4.434884e+02 2.826711e-25
4.445111e+02 2.828437e-25
4.455362e+02 2.830218e-25
4.465636e+02 2.832041e-25
4.475934e+02 2.833900e-25
4.486255e+02 2.835788e-25
4.496600e+02 2.837702e-25
4.506970e+02 2.839638e-25
4.517363e+02 2.841595e-25
4.527780e+02 2.843570e-25
4.538221e+02 2.845562e-25
4.548686e+02 2.847570e-25
4.559175e+02 2.849593e-25
4.569689e+02 2.851631e-25
4.580227e+02 2.853684e-25
4.590789e+02 2.855750e-25
4.601375e+02 2.857830e-25
4.611986e+02 2.859922e-25
4.622621e+02 2.862028e-25
4.633281e+02 2.864147e-25
4.643965e+02 2.866278e-25
4.654674e+02 2.868422e-25
4.665408e+02 2.870578e-25
4.676166e+02 2.872747e-25
4.686950e+02 2.874928e-25
4.697758e+02 2.877121e-25
4.708591e+02 2.879326e-25
4.719449e+02 2.881544e-25
4.730332e+02 2.883774e-25
4.741240e+02 2.886016e-25
4.752174e+02 2.888270e-25
4.763132e+02 2.890536e-25
4.774116e+02 2.892815e-25
4.785125e+02 2.895106e-25
4.796160e+02 2.897409e-25
4.807220e+02 2.899724e-25
4.818305e+02 2.902051e-25
4.829416e+02 2.904391e-25
4.840553e+02 2.906742e-25
4.851715e+02 2.909106e-25
4.862903e+02 2.911483e-25
4.874117e+02 2.913871e-25
4.885357e+02 2.916272e-25
4.896623e+02 2.918686e-25
4.907914e+02 2.921112e-25
4.919232e+02 2.923550e-25
4.930576e+02 2.926000e-25
4.941946e+02 2.928464e-25
4.953342e+02 2.930940e-25
4.964764e+02 2.933425e-25
4.976213e+02 2.935927e-25
4.987688e+02 2.938441e-25
4.999190e+02 2.940967e-25
5.010718e+02 2.943505e-25
5.022273e+02 2.946056e-25
5.033854e+02 2.948620e-25
5.045462e+02 2.951197e-25
5.057097e+02 2.953787e-25
5.068759e+02 2.956389e-25
5.080447e+02 2.959004e-25
5.092163e+02 2.961632e-25
5.103906e+02 2.964273e-25
5.115675e+02 2.966927e-25
5.127472e+02 2.969594e-25
5.139296e+02 2.972274e-25
5.151147e+02 2.974967e-25
5.163026e+02 2.977673e-25
5.174932e+02 2.980392e-25
5.186865e+02 2.983125e-25
5.198826e+02 2.985870e-25
5.210815e+02 2.988629e-25
5.222831e+02 2.991401e-25
5.234875e+02 2.994187e-25
5.246946e+02 2.996986e-25
5.259046e+02 2.999798e-25
5.271173e+02 3.002624e-25
5.283329e+02 3.005463e-25
5.295512e+02 3.008315e-25
5.307724e+02 3.011181e-25
5.319963e+02 3.014061e-25
5.332231e+02 3.016954e-25
5.344527e+02 3.019861e-25
5.356852e+02 3.022782e-25
5.369205e+02 3.025716e-25
5.381586e+02 3.028665e-25
5.393996e+02 3.031627e-25
5.406435e+02 3.034602e-25
5.418902e+02 3.037592e-25
5.431398e+02 3.040596e-25
5.443923e+02 3.043613e-25
5.456477e+02 3.046645e-25
5.469059e+02 3.049690e-25
5.481671e+02 3.052750e-25
5.494312e+02 3.055824e-25
5.506982e+02 3.058912e-25
5.519681e+02 3.062014e-25
5.532409e+02 3.065130e-25
5.545167e+02 3.068261e-25
5.557954e+02 3.071406e-25
5.570771e+02 3.074565e-25
5.583617e+02 3.077739e-25
5.596493e+02 3.080927e-25
5.609399e+02 3.084129e-25
5.622334e+02 3.087346e-25
5.635299e+02 3.090578e-25
5.648294e+02 3.093824e-25
5.661319e+02 3.097085e-25
5.674374e+02 3.100361e-25
5.687459e+02 3.103651e-25
5.700575e+02 3.106956e-25
5.713720e+02 3.110276e-25
5.726896e+02 3.113610e-25
5.740102e+02 3.116960e-25
5.753339e+02 3.120324e-25
5.766606e+02 3.123704e-25
5.779904e+02 3.127098e-25
5.793233e+02 3.130508e-25
5.806592e+02 3.133932e-25
5.819982e+02 3.137372e-25
5.833403e+02 3.140827e-25
5.846855e+02 3.144297e-25
5.860338e+02 3.147782e-25
5.873852e+02 3.151283e-25
5.887397e+02 3.154799e-25
5.900973e+02 3.158330e-25
5.914581e+02 3.161877e-25
5.928220e+02 3.165439e-25
5.941890e+02 3.169017e-25
5.955593e+02 3.172610e-25
5.969326e+02 3.176219e-25
5.983091e+02 3.179843e-25
5.996889e+02 3.183483e-25
6.010717e+02 3.187139e-25
6.024578e+02 3.190811e-25
6.038471e+02 3.194499e-25
6.052396e+02 3.198202e-25
6.066353e+02 3.201921e-25
6.080342e+02 3.205656e-25
6.094363e+02 3.209408e-25
6.108417e+02 3.213175e-25
6.122503e+02 3.216958e-25
6.136621e+02 3.220758e-25
6.150772e+02 3.224573e-25
6.164956e+02 3.228405e-25
6.179172e+02 3.232253e-25
6.193422e+02 3.236118e-25
6.207704e+02 3.239998e-25
6.222019e+02 3.243896e-25
6.236367e+02 3.247809e-25
6.250748e+02 3.251739e-25
6.265162e+02 3.255686e-25
6.279610e+02 3.259649e-25
6.294090e+02 3.263629e-25
6.308605e+02 3.267625e-25
6.323152e+02 3.271638e-25
6.337734e+02 3.275668e-25
6.352348e+02 3.279715e-25
6.366997e+02 3.283779e-25
6.381679e+02 3.287859e-25
6.396396e+02 3.291957e-25
6.411146e+02 3.296071e-25
6.425930e+02 3.300203e-25
6.440748e+02 3.304351e-25
6.455600e+02 3.308517e-25
6.470487e+02 3.312700e-25
6.485408e+02 3.316900e-25
6.500364e+02 3.321117e-25
6.515353e+02 3.325352e-25
6.530378e+02 3.329604e-25
6.545437e+02 3.333874e-25
6.560531e+02 3.338161e-25
6.575659e+02 3.342465e-25
6.590823e+02 3.346788e-25
6.606021e+02 3.351127e-25
6.621255e+02 3.355485e-25
6.636524e+02 3.359860e-25
6.651828e+02 3.364253e-25
6.667167e+02 3.368663e-25
6.682541e+02 3.373092e-25
6.697951e+02 3.377538e-25
6.713397e+02 3.382003e-25
6.728878e+02 3.386485e-25
6.744395e+02 3.390986e-25
6.759947e+02 3.395504e-25
6.775536e+02 3.400041e-25
6.791160e+02 3.404596e-25
6.806821e+02 3.409169e-25
6.822517e+02 3.413761e-25
6.838250e+02 3.418371e-25
6.854019e+02 3.422999e-25
6.869825e+02 3.427646e-25
6.885666e+02 3.432311e-25
6.901545e+02 3.436995e-25
6.917460e+02 3.441698e-25
6.933412e+02 3.446419e-25
6.949400e+02 3.451159e-25
6.965425e+02 3.455918e-25
6.981488e+02 3.460695e-25
6.997587e+02 3.465491e-25
7.013724e+02 3.470307e-25
7.029897e+02 3.475141e-25
7.046108e+02 3.479995e-25
7.062357e+02 3.484867e-25
7.078643e+02 3.489759e-25
7.094966e+02 3.494670e-25
7.111327e+02 3.499600e-25
7.127726e+02 3.504549e-25
7.144162e+02 3.509518e-25
7.160637e+02 3.514506e-25
7.177149e+02 3.519514e-25
7.193700e+02 3.524541e-25
7.210289e+02 3.529588e-25
7.226916e+02 3.534654e-25
7.243581e+02 3.539740e-25
7.260285e+02 3.544846e-25
7.277027e+02 3.549971e-25
7.293808e+02 3.555117e-25
7.310627e+02 3.560282e-25
7.327486e+02 3.565468e-25
7.344383e+02 3.570673e-25
7.361319e+02 3.575899e-25
7.378294e+02 3.581144e-25
7.395309e+02 3.586410e-25
7.412363e+02 3.591696e-25
7.429455e+02 3.597002e-25
7.446588e+02 3.602329e-25
7.463760e+02 3.607676e-25
7.480971e+02 3.613044e-25
7.498222e+02 3.618432e-25
7.515513e+02 3.623841e-25
7.532844e+02 3.629270e-25
7.550215e+02 3.634720e-25
7.567626e+02 3.640191e-25
7.585077e+02 3.645683e-25
7.602568e+02 3.651196e-25
7.620100e+02 3.656729e-25
7.637672e+02 3.662284e-25
7.655284e+02 3.667860e-25
7.672937e+02 3.673456e-25
7.690631e+02 3.679074e-25
7.708366e+02 3.684714e-25
7.726141e+02 3.690374e-25
7.743958e+02 3.696056e-25
7.761816e+02 3.701760e-25
7.779714e+02 3.707485e-25
7.797654e+02 3.713231e-25
7.815636e+02 3.718999e-25
7.833659e+02 3.724789e-25
7.851723e+02 3.730601e-25
7.869829e+02 3.736434e-25
7.887977e+02 3.742290e-25
7.906167e+02 3.748167e-25
7.924399e+02 3.754066e-25
7.942672e+02 3.759988e-25
7.960988e+02 3.765931e-25
7.979346e+02 3.771897e-25
7.997747e+02 3.777885e-25
8.016190e+02 3.783896e-25
8.034675e+02 3.789929e-25
8.053203e+02 3.795985e-25
8.071774e+02 3.802063e-25
8.090387e+02 3.808164e-25
8.109044e+02 3.814288e-25
8.127744e+02 3.820435e-25
8.146486e+02 3.826605e-25
8.165272e+02 3.832798e-25
8.184101e+02 3.839015e-25
8.202974e+02 3.845256e-25
8.221890e+02 3.851520e-25
8.240850e+02 3.857808e-25
8.259853e+02 3.864122e-25
8.278900e+02 3.870460e-25
8.297992e+02 3.876825e-25
8.317127e+02 3.883218e-25
8.336306e+02 3.889639e-25
8.355530e+02 3.896094e-25
8.374798e+02 3.902588e-25
8.394110e+02 3.909132e-25
8.413467e+02 3.915752e-25
8.432868e+02 3.922509e-25
8.452315e+02 3.929597e-25
8.471806e+02 3.937909e-25
8.491342e+02 3.957980e-25
8.510923e+02 4.057936e-25
8.530549e+02 3.959923e-25
8.550221e+02 3.963044e-25
8.569938e+02 3.968896e-25
8.589700e+02 3.975286e-25
8.609508e+02 3.981866e-25
8.629361e+02 3.988538e-25
8.649261e+02 3.995268e-25
8.669206e+02 4.002040e-25
8.689197e+02 4.008848e-25
8.709235e+02 4.015688e-25
8.729318e+02 4.022556e-25
8.749448e+02 4.029453e-25
8.769624e+02 4.036377e-25
8.789847e+02 4.043327e-25
8.810117e+02 4.050303e-25
8.830433e+02 4.057306e-25
8.850796e+02 4.064334e-25
8.871206e+02 4.071389e-25
8.891663e+02 4.078469e-25
8.912167e+02 4.085575e-25
8.932719e+02 4.092707e-25
8.953318e+02 4.099864e-25
8.973964e+02 4.107048e-25
8.994658e+02 4.114257e-25
9.015400e+02 4.121493e-25
9.036189e+02 4.128755e-25
9.057027e+02 4.136042e-25
9.077913e+02 4.143356e-25
9.098846e+02 4.150696e-25
9.119828e+02 4.158063e-25
9.140859e+02 4.165455e-25
9.161938e+02 4.172875e-25
9.183065e+02 4.180320e-25
9.204241e+02 4.187793e-25
9.225466e+02 4.195292e-25
9.246740e+02 4.202818e-25
9.268063e+02 4.210371e-25
9.289436e+02 4.217950e-25
9.310857e+02 4.225557e-25
9.332328e+02 4.233191e-25
9.353848e+02 4.240851e-25
9.375419e+02 4.248540e-25
9.397038e+02 4.256255e-25
9.418708e+02 4.263998e-25
9.440428e+02 4.271768e-25
9.462197e+02 4.279566e-25
9.484017e+02 4.287391e-25
9.505887e+02 4.295245e-25
9.527808e+02 4.303126e-25
9.549779e+02 4.311035e-25
9.571801e+02 4.318972e-25
9.593874e+02 4.326937e-25
9.615997e+02 4.334930e-25
9.638172e+02 4.342952e-25
9.660398e+02 4.351001e-25
9.682674e+02 4.359080e-25
9.705003e+02 4.367186e-25
9.727383e+02 4.375322e-25
9.749814e+02 4.383486e-25
9.772297e+02 4.391679e-25
9.794832e+02 4.399900e-25
9.817419e+02 4.408151e-25
9.840058e+02 4.416430e-25
9.862749e+02 4.424739e-25
9.885493e+02 4.433077e-25
9.908289e+02 4.441445e-25
9.931138e+02 4.449841e-25
9.954039e+02 4.458268e-25
9.976993e+02 4.466723e-25
1.000000e+03 nan
