1.000000e+00 2.971041e-17
1.002306e+00 3.088965e-17
1.004617e+00 3.214968e-17
1.006934e+00 3.349564e-17
1.009256e+00 3.493301e-17
1.011583e+00 3.656777e-17
1.013916e+00 3.831234e-17
1.016254e+00 4.013180e-17
1.018598e+00 4.198369e-17
1.020947e+00 4.376556e-17
1.023301e+00 4.576564e-17
1.025661e+00 4.788871e-17
1.028026e+00 5.002016e-17
1.030396e+00 5.152580e-17
1.032773e+00 5.224320e-17
1.035154e+00 5.233009e-17
1.037541e+00 5.197341e-17
1.039934e+00 5.128365e-17
1.042332e+00 5.044391e-17
1.044735e+00 4.947312e-17
1.047145e+00 4.839037e-17
1.049559e+00 4.635984e-17
1.051980e+00 4.388226e-17
1.054406e+00 4.119824e-17
1.056837e+00 3.851143e-17
1.059274e+00 3.617698e-17
1.061717e+00 3.401318e-17
1.064165e+00 3.197407e-17
1.066619e+00 3.002258e-17
1.069079e+00 2.820764e-17
1.071544e+00 2.655505e-17
1.074015e+00 2.504513e-17
1.076492e+00 2.366080e-17
1.078974e+00 2.238799e-17
1.081462e+00 2.120944e-17
1.083956e+00 2.011913e-17
1.086456e+00 1.911142e-17
1.088961e+00 1.819030e-17
1.091472e+00 1.733341e-17
1.093989e+00 1.653534e-17
1.096512e+00 1.579119e-17
1.099040e+00 1.510384e-17
1.101575e+00 1.446069e-17
1.104115e+00 1.385826e-17
1.106661e+00 1.329337e-17
1.109213e+00 1.276799e-17
1.111771e+00 1.227296e-17
1.114335e+00 1.180616e-17
1.116904e+00 1.136559e-17
1.119480e+00 1.095352e-17
1.122062e+00 1.056351e-17
1.124649e+00 1.019392e-17
1.127242e+00 9.843267e-18
1.129842e+00 9.512918e-18
1.132447e+00 9.198999e-18
1.135059e+00 8.900419e-18
1.137676e+00 8.616175e-18
1.140300e+00 8.347172e-18
1.142929e+00 8.090434e-18
1.145565e+00 7.845551e-18
1.148207e+00 7.612475e-18
1.150854e+00 7.394016e-18
1.153508e+00 7.203673e-18
1.156168e+00 3.034270e-17
1.158834e+00 6.806305e-18
1.161507e+00 6.593224e-18
1.164185e+00 6.408879e-18
1.166870e+00 6.234639e-18
1.169560e+00 6.067919e-18
1.172257e+00 5.908691e-18
1.174961e+00 5.755585e-18
1.177670e+00 5.608227e-18
1.180386e+00 5.466301e-18
1.183108e+00 5.330196e-18
1.185836e+00 5.198846e-18
1.188571e+00 5.072071e-18
1.191312e+00 4.949699e-18
1.194059e+00 4.832105e-18
1.196812e+00 4.718423e-18
1.199572e+00 4.608475e-18
1.202338e+00 4.502095e-18
1.205111e+00 4.399664e-18
1.207890e+00 4.300497e-18
1.210675e+00 4.204453e-18
1.213467e+00 4.111397e-18
1.216265e+00 4.021575e-18
1.219070e+00 3.934483e-18
1.221881e+00 3.850019e-18
1.224699e+00 3.768081e-18
1.227523e+00 3.688889e-18
1.230354e+00 3.611984e-18
1.233191e+00 3.537291e-18
1.236035e+00 3.464738e-18
1.238885e+00 3.394528e-18
1.241742e+00 3.326281e-18
1.244605e+00 3.259926e-18
1.247475e+00 3.195396e-18
1.250352e+00 3.132860e-18
1.253235e+00 3.072013e-18
1.256125e+00 3.012800e-18
1.259022e+00 2.955167e-18
1.261925e+00 2.899275e-18
1.264835e+00 2.844839e-18
1.267752e+00 2.791814e-18
1.270676e+00 2.740154e-18
1.273606e+00 2.690008e-18
1.276543e+00 2.641138e-18
1.279486e+00 2.593506e-18
1.282437e+00 2.547071e-18
1.285394e+00 2.501938e-18
1.288358e+00 2.457844e-18
1.291329e+00 2.414718e-18
1.294307e+00 2.372565e-18
1.297292e+00 2.331665e-18
1.300283e+00 2.291699e-18
1.303282e+00 2.252591e-18
1.306287e+00 2.214270e-18
1.309300e+00 2.176670e-18
1.312319e+00 2.139680e-18
1.315345e+00 2.103294e-18
1.318378e+00 2.067504e-18
1.321418e+00 2.032372e-18
1.324466e+00 1.997822e-18
1.327520e+00 1.963804e-18
1.330581e+00 1.930267e-18
1.333649e+00 1.897198e-18
1.336725e+00 1.864518e-18
1.339807e+00 1.832181e-18
1.342897e+00 1.800571e-18
1.345994e+00 1.769700e-18
1.349098e+00 1.739170e-18
1.352209e+00 1.708929e-18
1.355327e+00 1.678919e-18
1.358452e+00 1.649157e-18
1.361585e+00 1.619499e-18
1.364725e+00 1.589876e-18
1.367872e+00 1.560216e-18
1.371026e+00 1.530501e-18
1.374188e+00 1.500579e-18
1.377356e+00 1.470363e-18
1.380533e+00 1.439765e-18
1.383716e+00 1.408748e-18
1.386907e+00 1.377163e-18
1.390105e+00 1.344919e-18
1.393311e+00 1.313822e-18
1.396524e+00 1.282452e-18
1.399744e+00 1.250578e-18
1.402972e+00 1.218160e-18
1.406207e+00 1.185171e-18
1.409450e+00 1.151625e-18
1.412700e+00 1.117478e-18
1.415958e+00 1.082741e-18
1.419223e+00 1.047437e-18
1.422496e+00 1.011633e-18
1.425776e+00 9.753628e-19
1.429064e+00 9.387032e-19
1.432359e+00 9.017490e-19
1.435662e+00 8.646249e-19
1.438973e+00 8.274349e-19
1.442291e+00 7.908886e-19
1.445617e+00 7.566961e-19
1.448951e+00 7.228756e-19
1.452292e+00 6.895141e-19
1.455641e+00 6.567104e-19
1.458998e+00 6.245580e-19
1.462362e+00 5.931507e-19
1.465735e+00 5.625596e-19
1.469115e+00 5.328544e-19
1.472502e+00 5.040948e-19
1.475898e+00 4.763336e-19
1.479301e+00 4.496054e-19
1.482713e+00 4.239385e-19
1.486132e+00 3.993513e-19
1.489559e+00 3.758542e-19
1.492994e+00 3.534451e-19
1.496437e+00 3.327684e-19
1.499888e+00 3.137102e-19
1.503346e+00 2.955797e-19
1.506813e+00 2.783536e-19
1.510288e+00 2.620072e-19
1.513770e+00 2.465134e-19
1.517261e+00 2.318440e-19
1.520760e+00 2.179680e-19
1.524267e+00 2.048543e-19
1.527782e+00 1.924710e-19
1.531305e+00 1.807865e-19
1.534836e+00 1.697686e-19
1.538375e+00 1.593856e-19
1.541923e+00 1.496066e-19
1.545479e+00 1.404013e-19
1.549043e+00 1.317399e-19
1.552615e+00 1.239109e-19
1.556195e+00 1.166105e-19
1.559784e+00 1.097279e-19
1.563380e+00 1.032409e-19
1.566986e+00 9.712843e-20
1.570599e+00 9.137015e-20
1.574221e+00 8.594669e-20
1.577851e+00 8.083953e-20
1.581490e+00 7.603104e-20
1.585137e+00 7.150448e-20
1.588792e+00 6.724394e-20
1.592456e+00 6.323426e-20
1.596128e+00 5.946105e-20
1.599809e+00 5.591081e-20
1.603498e+00 5.257082e-20
1.607195e+00 4.943927e-20
1.610902e+00 4.660277e-20
1.614616e+00 4.392798e-20
1.618340e+00 4.140578e-20
1.622072e+00 3.902756e-20
1.625812e+00 3.678530e-20
1.629561e+00 3.467141e-20
1.633319e+00 3.267853e-20
1.637085e+00 3.079981e-20
1.640861e+00 2.902876e-20
1.644644e+00 2.735913e-20
1.648437e+00 2.578524e-20
1.652238e+00 2.430176e-20
1.656048e+00 2.290351e-20
1.659867e+00 2.158558e-20
1.663695e+00 2.034337e-20
1.667531e+00 1.918733e-20
1.671377e+00 1.812036e-20
1.675231e+00 1.711265e-20
1.679094e+00 1.616110e-20
1.682966e+00 1.526242e-20
1.686847e+00 1.441370e-20
1.690737e+00 1.361214e-20
1.694636e+00 1.285516e-20
1.698544e+00 1.214027e-20
1.702460e+00 1.146498e-20
1.706386e+00 1.082713e-20
1.710321e+00 1.022487e-20
1.714265e+00 9.656246e-21
1.718218e+00 9.119260e-21
1.722181e+00 8.612159e-21
1.726152e+00 8.133285e-21
1.730132e+00 7.689778e-21
1.734122e+00 7.274638e-21
1.738121e+00 6.881667e-21
1.742129e+00 6.509943e-21
1.746147e+00 6.158592e-21
1.750173e+00 5.826241e-21
1.754209e+00 5.511866e-21
1.758254e+00 5.214497e-21
1.762309e+00 4.933217e-21
1.766373e+00 4.667158e-21
1.770446e+00 4.415119e-21
1.774529e+00 4.176646e-21
1.778621e+00 3.951416e-21
1.782722e+00 3.738426e-21
1.786833e+00 3.536971e-21
1.790954e+00 3.346429e-21
1.795084e+00 3.170534e-21
1.799223e+00 3.004152e-21
1.803372e+00 2.846564e-21
1.807531e+00 2.697306e-21
1.811699e+00 2.555496e-21
1.815877e+00 2.421027e-21
1.820064e+00 2.294077e-21
1.824261e+00 2.173944e-21
1.828468e+00 2.060173e-21
1.832684e+00 1.952427e-21
1.836911e+00 1.850392e-21
1.841147e+00 1.753768e-21
1.845392e+00 1.662272e-21
1.849648e+00 1.575633e-21
1.853913e+00 1.492928e-21
1.858188e+00 1.414893e-21
1.862473e+00 1.342873e-21
1.866768e+00 1.274624e-21
1.871073e+00 1.209930e-21
1.875388e+00 1.148607e-21
1.879712e+00 1.090487e-21
1.884047e+00 1.035261e-21
1.888391e+00 9.821747e-22
1.892746e+00 9.319922e-22
1.897111e+00 8.850547e-22
1.901486e+00 8.405781e-22
1.905870e+00 7.984380e-22
1.910265e+00 7.585149e-22
1.914670e+00 7.206966e-22
1.919086e+00 6.843158e-22
1.923511e+00 6.493239e-22
1.927947e+00 6.171099e-22
1.932393e+00 5.871910e-22
1.936849e+00 5.588314e-22
1.941315e+00 5.319518e-22
1.945792e+00 5.064812e-22
1.950279e+00 4.823471e-22
1.954776e+00 4.594863e-22
1.959284e+00 4.375676e-22
1.963802e+00 4.157645e-22
1.968331e+00 3.954670e-22
1.972870e+00 3.770111e-22
1.977419e+00 3.595409e-22
1.981979e+00 3.430075e-22
1.986549e+00 3.273656e-22
1.991130e+00 3.125697e-22
1.995722e+00 2.985806e-22
2.000324e+00 2.855565e-22
2.004937e+00 2.734957e-22
2.009560e+00 2.616471e-22
2.014194e+00 2.491808e-22
2.018839e+00 2.380044e-22
2.023495e+00 2.282472e-22
2.028161e+00 2.190175e-22
2.032838e+00 2.102883e-22
2.037525e+00 2.020381e-22
2.042224e+00 1.942404e-22
2.046933e+00 1.868764e-22
2.051654e+00 1.799219e-22
2.056385e+00 1.733584e-22
2.061127e+00 1.671659e-22
2.065880e+00 1.613246e-22
2.070644e+00 1.558281e-22
2.075419e+00 1.507127e-22
2.080205e+00 1.458903e-22
2.085001e+00 1.405879e-22
2.089810e+00 1.340909e-22
2.094629e+00 1.291447e-22
2.099459e+00 1.252761e-22
2.104300e+00 1.216328e-22
2.109153e+00 1.181988e-22
2.114016e+00 1.149659e-22
2.118891e+00 1.119204e-22
2.123778e+00 1.090521e-22
2.128675e+00 1.063519e-22
2.133584e+00 1.036901e-22
2.138504e+00 9.897582e-23
2.143435e+00 9.519617e-23
2.148378e+00 9.304529e-23
2.153332e+00 9.103220e-23
2.158298e+00 8.913128e-23
2.163275e+00 8.733938e-23
2.168263e+00 8.564575e-23
2.173263e+00 8.404609e-23
2.178275e+00 8.253412e-23
2.183298e+00 8.110226e-23
2.188333e+00 7.747141e-23
2.193379e+00 7.465632e-23
2.198437e+00 7.343041e-23
2.203507e+00 7.226883e-23
2.208588e+00 7.116539e-23
2.213681e+00 7.011922e-23
2.218786e+00 6.912351e-23
2.223902e+00 6.817558e-23
2.229031e+00 6.557973e-23
2.234171e+00 6.290689e-23
2.239323e+00 6.209276e-23
2.244487e+00 6.131452e-23
2.249663e+00 6.056917e-23
2.254850e+00 5.985671e-23
2.260050e+00 5.917223e-23
2.265262e+00 5.851505e-23
2.270485e+00 5.788351e-23
2.275721e+00 5.727426e-23
2.280969e+00 5.668785e-23
2.286229e+00 5.502764e-23
2.291501e+00 5.248943e-23
2.296785e+00 5.190955e-23
2.302082e+00 5.140848e-23
2.307390e+00 5.092297e-23
2.312711e+00 5.045448e-23
2.318044e+00 4.999846e-23
2.323390e+00 4.955527e-23
2.328747e+00 4.786279e-23
2.334117e+00 4.590389e-23
2.339500e+00 4.550809e-23
2.344895e+00 4.512182e-23
2.350302e+00 4.474394e-23
2.355722e+00 4.437566e-23
2.361154e+00 4.316654e-23
2.366599e+00 4.118072e-23
2.372057e+00 4.082903e-23
2.377527e+00 4.050381e-23
2.383009e+00 4.018454e-23
2.388504e+00 3.987213e-23
2.394012e+00 3.956486e-23
2.399533e+00 3.926289e-23
2.405066e+00 3.896663e-23
2.410612e+00 3.867445e-23
2.416171e+00 3.838644e-23
2.421743e+00 3.810334e-23
2.427327e+00 3.722320e-23
2.432925e+00 3.550927e-23
2.438535e+00 3.514583e-23
2.444159e+00 3.430896e-23
2.449795e+00 3.274756e-23
2.455444e+00 3.246424e-23
2.461106e+00 3.223143e-23
2.466782e+00 3.200109e-23
2.472470e+00 3.177417e-23
2.478172e+00 3.089318e-23
2.483886e+00 2.961034e-23
2.489614e+00 2.940243e-23
2.495355e+00 2.919667e-23
2.501110e+00 2.899276e-23
2.506877e+00 2.879119e-23
2.512658e+00 2.859174e-23
2.518452e+00 2.839395e-23
2.524260e+00 2.819804e-23
2.530081e+00 2.800431e-23
2.535915e+00 2.830646e-23
2.541763e+00 2.920566e-23
2.547624e+00 2.788761e-23
2.553499e+00 2.663586e-23
2.559388e+00 2.561559e-23
2.565289e+00 2.544167e-23
2.571205e+00 2.526931e-23
2.577134e+00 2.509819e-23
2.583077e+00 2.492834e-23
2.589034e+00 2.476026e-23
2.595004e+00 2.408436e-23
2.600988e+00 2.316445e-23
2.606986e+00 2.300902e-23
2.612998e+00 2.285486e-23
2.619023e+00 2.270173e-23
2.625063e+00 2.254960e-23
2.631116e+00 2.239900e-23
2.637184e+00 2.224939e-23
2.643265e+00 2.210074e-23
2.649360e+00 2.195319e-23
2.655470e+00 2.180695e-23
2.661593e+00 2.166162e-23
2.667731e+00 2.151721e-23
2.673883e+00 2.137396e-23
2.680049e+00 2.123184e-23
2.686229e+00 2.072639e-23
2.692424e+00 1.990952e-23
2.698632e+00 1.977773e-23
2.704855e+00 1.964691e-23
2.711093e+00 1.951689e-23
2.717345e+00 1.946854e-23
2.723611e+00 2.009363e-23
2.729891e+00 2.012916e-23
2.736187e+00 1.965665e-23
2.742496e+00 1.888010e-23
2.748821e+00 1.875539e-23
2.755159e+00 1.863158e-23
2.761513e+00 1.850853e-23
2.767881e+00 1.838624e-23
2.774264e+00 1.826482e-23
2.780661e+00 1.814434e-23
2.787073e+00 1.764071e-23
2.793500e+00 1.705702e-23
2.799942e+00 1.694485e-23
2.806399e+00 1.683365e-23
2.812870e+00 1.672311e-23
2.819357e+00 1.661326e-23
2.825858e+00 1.650407e-23
2.832375e+00 1.639570e-23
2.838906e+00 1.628810e-23
2.845453e+00 1.618116e-23
2.852014e+00 1.607487e-23
2.858591e+00 1.594689e-23
2.865183e+00 1.527627e-23
2.871790e+00 1.505033e-23
2.878413e+00 1.495199e-23
2.885050e+00 1.485425e-23
2.891703e+00 1.475711e-23
2.898372e+00 1.466075e-23
2.905055e+00 1.456499e-23
2.911754e+00 1.446982e-23
2.918469e+00 1.437524e-23
2.925199e+00 1.426663e-23
2.931944e+00 1.368306e-23
2.938705e+00 1.349425e-23
2.945482e+00 1.340650e-23
2.952274e+00 1.331929e-23
2.959082e+00 1.323262e-23
2.965906e+00 1.314656e-23
2.972745e+00 1.306109e-23
2.979601e+00 1.297616e-23
2.986472e+00 1.289174e-23
2.993358e+00 1.280785e-23
3.000261e+00 1.272448e-23
3.007180e+00 1.264172e-23
3.014114e+00 1.220947e-23
3.021065e+00 1.197782e-23
3.028031e+00 1.190025e-23
3.035014e+00 1.182316e-23
3.042013e+00 1.174656e-23
3.049028e+00 1.167049e-23
3.056059e+00 1.159492e-23
3.063106e+00 1.151981e-23
3.070170e+00 1.144518e-23
3.077250e+00 1.137100e-23
3.084346e+00 1.129728e-23
3.091458e+00 1.122404e-23
3.098587e+00 1.115132e-23
3.105733e+00 1.107904e-23
3.112894e+00 1.100722e-23
3.120073e+00 1.093584e-23
3.127268e+00 1.075393e-23
3.134479e+00 1.039176e-23
3.141707e+00 1.032465e-23
3.148952e+00 1.025802e-23
3.156214e+00 1.019180e-23
3.163492e+00 1.012598e-23
3.170787e+00 1.006058e-23
3.178099e+00 9.995577e-24
3.185427e+00 9.843611e-24
3.192773e+00 9.523962e-24
3.200136e+00 9.462677e-24
3.207515e+00 9.401808e-24
3.214912e+00 9.341320e-24
3.222325e+00 9.281203e-24
3.229756e+00 9.221458e-24
3.237204e+00 9.162080e-24
3.244669e+00 9.103069e-24
3.252151e+00 9.044422e-24
3.259651e+00 8.986138e-24
3.267167e+00 8.928214e-24
3.274702e+00 8.870660e-24
3.282253e+00 8.813481e-24
3.289822e+00 8.756655e-24
3.297408e+00 8.700180e-24
3.305012e+00 8.644054e-24
3.312634e+00 8.588274e-24
3.320272e+00 8.532839e-24
3.327929e+00 8.477747e-24
3.335603e+00 8.422995e-24
3.343295e+00 8.368583e-24
3.351005e+00 8.314507e-24
3.358732e+00 8.260766e-24
3.366478e+00 8.207365e-24
3.374241e+00 8.154308e-24
3.382022e+00 8.101578e-24
3.389821e+00 8.049175e-24
3.397638e+00 7.997096e-24
3.405473e+00 7.945338e-24
3.413326e+00 7.893901e-24
3.421197e+00 7.842782e-24
3.429086e+00 7.924218e-24
3.436994e+00 8.012642e-24
3.444919e+00 7.960493e-24
3.452863e+00 7.908670e-24
3.460826e+00 7.777267e-24
3.468806e+00 7.542648e-24
3.476805e+00 7.493705e-24
3.484823e+00 7.445065e-24
3.492859e+00 7.396726e-24
3.500914e+00 7.348687e-24
3.508987e+00 7.282849e-24
3.517078e+00 7.026754e-24
3.525189e+00 6.981254e-24
3.533318e+00 6.936035e-24
3.541466e+00 6.696779e-24
3.549633e+00 6.648838e-24
3.557818e+00 6.605893e-24
3.566022e+00 6.563210e-24
3.574246e+00 6.520787e-24
3.582488e+00 6.478621e-24
3.590749e+00 6.436713e-24
3.599029e+00 6.395060e-24
3.607329e+00 6.353660e-24
3.615647e+00 6.312513e-24
3.623985e+00 6.271616e-24
3.632342e+00 6.230968e-24
3.640718e+00 6.190568e-24
3.649114e+00 6.150414e-24
3.657529e+00 5.965024e-24
3.665963e+00 5.911210e-24
3.674417e+00 5.872948e-24
3.682890e+00 5.834917e-24
3.691383e+00 5.797116e-24
3.699895e+00 5.759544e-24
3.708427e+00 5.584803e-24
3.716979e+00 5.548688e-24
3.725550e+00 5.512790e-24
3.734141e+00 5.477108e-24
3.742752e+00 5.441639e-24
3.751383e+00 5.427828e-24
3.760034e+00 5.475672e-24
3.768704e+00 5.336506e-24
3.777395e+00 5.301881e-24
3.786106e+00 5.267465e-24
3.794836e+00 5.233254e-24
3.803587e+00 5.199249e-24
3.812358e+00 5.165448e-24
3.821150e+00 5.131850e-24
3.829961e+00 5.098453e-24
3.838793e+00 5.065257e-24
3.847646e+00 5.032260e-24
3.856518e+00 4.999461e-24
3.865411e+00 4.966859e-24
3.874325e+00 4.934453e-24
3.883259e+00 4.797416e-24
3.892214e+00 4.771950e-24
3.901190e+00 4.838409e-24
3.910186e+00 4.806781e-24
3.919203e+00 4.775342e-24
3.928240e+00 4.704018e-24
3.937299e+00 4.611795e-24
3.946378e+00 4.581652e-24
3.955479e+00 4.551689e-24
3.964600e+00 4.521905e-24
3.973743e+00 4.492298e-24
3.982906e+00 4.555352e-24
3.992091e+00 4.530547e-24
4.001296e+00 4.500777e-24
4.010524e+00 4.471186e-24
4.019772e+00 4.441773e-24
4.029041e+00 4.412538e-24
4.038332e+00 4.383478e-24
4.047645e+00 4.354594e-24
4.056979e+00 4.325883e-24
4.066334e+00 4.297346e-24
4.075711e+00 4.268986e-24
4.085110e+00 4.221310e-24
4.094530e+00 4.123252e-24
4.103972e+00 4.096047e-24
4.113436e+00 4.069005e-24
4.122922e+00 4.042126e-24
4.132429e+00 4.015407e-24
4.141958e+00 3.988852e-24
4.151510e+00 3.962462e-24
4.161083e+00 3.936231e-24
4.170679e+00 3.910158e-24
4.180296e+00 3.884241e-24
4.189936e+00 3.858481e-24
4.199598e+00 3.832876e-24
4.209282e+00 3.807431e-24
4.218989e+00 3.782142e-24
4.228718e+00 3.792538e-24
4.238470e+00 3.812425e-24
4.248244e+00 3.857377e-24
4.258040e+00 3.764849e-24
4.267859e+00 3.657977e-24
4.277701e+00 3.633600e-24
4.287565e+00 3.609370e-24
4.297452e+00 3.537502e-24
4.307362e+00 3.553220e-24
4.317295e+00 3.537563e-24
4.327251e+00 3.513925e-24
4.337230e+00 3.490431e-24
4.347231e+00 3.467079e-24
4.357256e+00 3.443870e-24
4.367304e+00 3.420805e-24
4.377375e+00 3.397886e-24
4.387469e+00 3.375107e-24
4.397587e+00 3.352468e-24
4.407728e+00 3.329966e-24
4.417892e+00 3.378352e-24
4.428079e+00 3.329377e-24
4.438291e+00 3.263309e-24
4.448525e+00 3.241362e-24
4.458784e+00 3.288322e-24
4.469066e+00 3.266170e-24
4.479371e+00 3.283579e-24
4.489701e+00 3.362340e-24
4.500054e+00 3.452956e-24
4.510431e+00 3.234504e-24
4.520832e+00 3.124205e-24
4.531257e+00 3.070675e-24
4.541707e+00 3.049934e-24
4.552180e+00 3.029331e-24
4.562677e+00 3.008855e-24
4.573199e+00 2.988507e-24
4.583745e+00 2.968287e-24
4.594315e+00 2.948201e-24
4.604909e+00 2.928239e-24
4.615528e+00 2.908403e-24
4.626172e+00 2.888694e-24
4.636840e+00 2.869114e-24
4.647532e+00 2.849657e-24
4.658249e+00 2.830322e-24
4.668991e+00 2.811117e-24
4.679758e+00 2.792033e-24
4.690550e+00 2.773070e-24
4.701366e+00 2.754231e-24
4.712208e+00 2.735516e-24
4.723074e+00 2.677358e-24
4.733965e+00 2.647584e-24
4.744882e+00 2.629587e-24
4.755824e+00 2.685003e-24
4.766791e+00 2.910334e-24
4.777783e+00 2.703433e-24
4.788800e+00 2.643780e-24
4.799843e+00 2.591111e-24
4.810912e+00 2.572458e-24
4.822006e+00 2.523897e-24
4.833126e+00 2.489764e-24
4.844271e+00 2.487311e-24
4.855442e+00 2.503040e-24
4.866638e+00 2.485970e-24
4.877861e+00 2.469020e-24
4.889109e+00 2.452180e-24
4.900384e+00 2.435451e-24
4.911684e+00 2.439067e-24
4.923010e+00 2.453185e-24
4.934363e+00 2.436439e-24
4.945741e+00 2.419809e-24
4.957146e+00 2.451087e-24
4.968578e+00 2.442454e-24
4.980035e+00 2.462767e-24
4.991519e+00 2.410271e-24
5.003030e+00 2.392750e-24
5.014567e+00 2.376408e-24
5.026130e+00 2.360179e-24
5.037721e+00 2.344064e-24
5.049338e+00 2.382563e-24
5.060981e+00 2.312165e-24
5.072652e+00 2.258715e-24
5.084350e+00 2.228902e-24
5.096074e+00 2.213704e-24
5.107826e+00 2.198608e-24
5.119605e+00 2.183623e-24
5.131410e+00 2.168742e-24
5.143243e+00 2.145417e-24
5.155104e+00 2.095113e-24
5.166991e+00 2.080857e-24
5.178907e+00 2.086814e-24
5.190849e+00 2.139643e-24
5.202819e+00 2.081660e-24
5.214817e+00 2.067508e-24
5.226842e+00 2.011113e-24
5.238896e+00 1.997467e-24
5.250977e+00 1.988686e-24
5.263085e+00 1.988090e-24
5.275222e+00 1.958189e-24
5.287387e+00 1.984743e-24
5.299580e+00 2.014545e-24
5.311800e+00 2.003242e-24
5.324049e+00 2.034212e-24
5.336327e+00 1.976211e-24
5.348632e+00 1.962846e-24
5.360966e+00 1.893048e-24
5.373329e+00 1.853866e-24
5.385720e+00 1.841394e-24
5.398139e+00 1.829017e-24
5.410587e+00 1.816736e-24
5.423064e+00 1.778689e-24
5.435570e+00 1.759177e-24
5.448104e+00 1.747420e-24
5.460668e+00 1.735756e-24
5.473260e+00 1.724183e-24
5.485881e+00 1.712704e-24
5.498532e+00 1.701315e-24
5.511212e+00 1.690018e-24
5.523920e+00 1.678811e-24
5.536659e+00 1.667696e-24
5.549426e+00 1.718124e-24
5.562223e+00 1.715317e-24
5.575050e+00 1.665396e-24
5.587906e+00 1.624136e-24
5.600792e+00 1.613470e-24
5.613707e+00 1.602894e-24
5.626652e+00 1.592405e-24
5.639627e+00 1.582006e-24
5.652632e+00 1.563361e-24
5.665668e+00 1.535670e-24
5.678733e+00 1.525732e-24
5.691828e+00 1.515878e-24
5.704953e+00 1.506113e-24
5.718109e+00 1.496433e-24
5.731295e+00 1.486840e-24
5.744511e+00 1.477333e-24
5.757758e+00 1.467911e-24
5.771036e+00 1.458575e-24
5.784344e+00 1.449324e-24
5.797682e+00 1.440159e-24
5.811052e+00 1.431079e-24
5.824452e+00 1.422083e-24
5.837883e+00 1.413173e-24
5.851346e+00 1.407989e-24
5.864839e+00 1.438687e-24
5.878363e+00 1.415331e-24
5.891919e+00 1.378373e-24
5.905506e+00 1.369883e-24
5.919124e+00 1.361477e-24
5.932773e+00 1.353153e-24
5.946454e+00 1.344914e-24
5.960167e+00 1.336756e-24
5.973911e+00 1.328682e-24
5.987687e+00 1.320690e-24
6.001495e+00 1.312780e-24
6.015334e+00 1.304953e-24
6.029206e+00 1.297207e-24
6.043109e+00 1.289542e-24
6.057044e+00 1.281959e-24
6.071012e+00 1.274457e-24
6.085012e+00 1.267035e-24
6.099044e+00 1.259694e-24
6.113108e+00 1.263655e-24
6.127205e+00 1.245251e-24
6.141335e+00 1.238149e-24
6.155496e+00 1.243757e-24
6.169691e+00 1.251086e-24
6.183918e+00 1.256293e-24
6.198179e+00 1.214579e-24
6.212472e+00 1.212964e-24
6.226798e+00 1.215732e-24
6.241157e+00 1.250371e-24
6.255549e+00 1.274456e-24
6.269974e+00 1.177749e-24
6.284433e+00 1.171422e-24
6.298925e+00 1.165170e-24
6.313450e+00 1.143439e-24
6.328009e+00 1.137473e-24
6.342601e+00 1.146865e-24
6.357228e+00 1.140911e-24
6.371887e+00 1.135032e-24
6.386581e+00 1.129225e-24
6.401308e+00 1.123491e-24
6.416070e+00 1.104236e-24
6.430865e+00 1.097756e-24
6.445695e+00 1.092368e-24
6.460559e+00 1.087052e-24
6.475457e+00 1.081805e-24
6.490389e+00 1.076629e-24
6.505356e+00 1.085359e-24
6.520358e+00 1.080194e-24
6.535394e+00 1.075098e-24
6.550464e+00 1.070070e-24
6.565570e+00 1.065112e-24
6.580710e+00 1.060222e-24
6.595885e+00 1.042319e-24
6.611095e+00 1.041891e-24
6.626341e+00 1.045959e-24
6.641621e+00 1.041339e-24
6.656937e+00 1.036785e-24
6.672288e+00 1.032298e-24
6.687674e+00 1.041875e-24
6.703096e+00 1.023521e-24
6.718553e+00 1.019230e-24
6.734046e+00 1.015005e-24
6.749575e+00 1.010843e-24
6.765140e+00 9.949911e-25
6.780740e+00 9.990114e-25
6.796376e+00 9.987443e-25
6.812049e+00 9.948379e-25
6.827758e+00 9.909944e-25
6.843502e+00 9.760359e-25
6.859284e+00 9.724306e-25
6.875101e+00 9.688865e-25
6.890955e+00 9.654034e-25
6.906846e+00 9.619807e-25
6.922773e+00 9.586181e-25
6.938737e+00 9.553150e-25
6.954738e+00 9.520712e-25
6.970775e+00 9.488863e-25
6.986850e+00 9.457599e-25
7.002962e+00 9.491221e-25
7.019111e+00 9.396808e-25
7.035297e+00 9.367274e-25
7.051520e+00 9.435774e-25
7.067781e+00 9.406315e-25
7.084080e+00 9.377423e-25
7.100415e+00 9.344276e-25
7.116789e+00 9.228040e-25
7.133200e+00 9.201850e-25
7.149650e+00 9.271677e-25
7.166137e+00 9.151091e-25
7.182662e+00 9.126512e-25
7.199225e+00 9.102460e-25
7.215827e+00 9.078930e-25
7.232466e+00 9.055918e-25
7.249145e+00 8.966044e-25
7.265861e+00 8.937416e-25
7.282616e+00 8.916783e-25
7.299410e+00 8.896641e-25
7.316243e+00 8.876983e-25
7.333114e+00 8.857806e-25
7.350024e+00 8.839102e-25
7.366973e+00 8.820868e-25
7.383962e+00 8.808072e-25
7.400989e+00 8.853097e-25
7.418056e+00 8.898276e-25
7.435162e+00 8.803487e-25
7.452307e+00 8.736534e-25
7.469493e+00 8.720995e-25
7.486717e+00 8.705885e-25
7.503982e+00 8.691198e-25
7.521286e+00 8.676928e-25
7.538630e+00 8.628723e-25
7.556014e+00 8.596795e-25
7.573438e+00 8.584404e-25
7.590903e+00 8.572401e-25
7.608407e+00 8.560780e-25
7.625953e+00 8.549537e-25
7.643538e+00 8.538663e-25
7.661164e+00 8.528154e-25
7.678831e+00 8.539796e-25
7.696538e+00 8.555903e-25
7.714287e+00 8.545838e-25
7.732076e+00 8.536119e-25
7.749906e+00 8.480867e-25
7.767777e+00 8.472421e-25
7.785690e+00 8.464298e-25
7.803644e+00 8.500596e-25
7.821639e+00 8.521770e-25
7.839676e+00 8.533825e-25
7.857754e+00 8.480585e-25
7.875874e+00 8.470155e-25
7.894036e+00 8.422027e-25
7.912240e+00 8.416007e-25
7.930485e+00 8.410264e-25
7.948773e+00 8.404794e-25
7.967103e+00 8.399591e-25
7.985475e+00 8.394651e-25
8.003890e+00 8.389966e-25
8.022347e+00 8.385533e-25
8.040846e+00 8.381345e-25
8.059389e+00 8.377399e-25
8.077974e+00 8.373689e-25
8.096602e+00 8.370209e-25
8.115272e+00 8.366955e-25
8.133986e+00 8.363923e-25
8.152743e+00 8.361108e-25
8.171544e+00 8.358505e-25
8.190387e+00 8.356109e-25
8.209274e+00 8.353916e-25
8.228205e+00 8.384205e-25
8.247179e+00 8.381960e-25
8.266197e+00 8.379911e-25
8.285259e+00 8.378055e-25
8.304365e+00 8.394376e-25
8.323515e+00 8.677478e-25
8.342709e+00 8.771065e-25
8.361947e+00 8.405977e-25
8.381230e+00 8.404561e-25
8.400557e+00 8.403321e-25
8.419929e+00 8.439004e-25
8.439346e+00 8.401361e-25
8.458807e+00 8.371107e-25
8.478313e+00 8.400073e-25
8.497864e+00 8.399674e-25
8.517460e+00 8.399436e-25
8.537101e+00 8.399358e-25
8.556788e+00 8.426406e-25
8.576520e+00 8.463104e-25
8.596298e+00 8.400058e-25
8.616121e+00 8.374451e-25
8.635989e+00 8.373755e-25
8.655904e+00 8.374983e-25
8.675865e+00 8.376356e-25
8.695871e+00 8.377875e-25
8.715924e+00 8.358775e-25
8.736023e+00 8.358933e-25
8.756168e+00 8.366815e-25
8.776360e+00 8.385410e-25
8.796599e+00 8.374785e-25
8.816884e+00 8.368871e-25
8.837215e+00 8.381270e-25
8.857594e+00 8.395334e-25
8.878020e+00 8.398202e-25
8.898493e+00 8.401229e-25
8.919012e+00 8.404419e-25
8.939580e+00 8.407774e-25
8.960195e+00 8.411297e-25
8.980857e+00 8.414993e-25
9.001567e+00 8.418864e-25
9.022324e+00 8.422914e-25
9.043130e+00 8.430703e-25
9.063984e+00 8.452162e-25
9.084885e+00 8.436171e-25
9.105835e+00 8.440968e-25
9.126833e+00 8.445958e-25
9.147880e+00 8.451141e-25
9.168975e+00 8.475789e-25
9.190118e+00 8.462088e-25
9.211311e+00 8.486620e-25
9.232552e+00 8.511504e-25
9.253843e+00 8.555635e-25
9.275182e+00 8.642513e-25
9.296571e+00 8.626069e-25
9.318009e+00 8.582274e-25
9.339496e+00 8.543300e-25
9.361033e+00 8.529997e-25
9.382620e+00 8.536700e-25
9.404256e+00 8.526730e-25
9.425942e+00 8.533726e-25
9.447679e+00 8.540707e-25
9.469465e+00 8.547634e-25
9.491302e+00 8.554463e-25
9.513189e+00 8.561147e-25
9.535126e+00 8.567638e-25
9.557114e+00 8.573884e-25
9.579153e+00 8.579835e-25
9.601243e+00 8.585438e-25
9.623383e+00 8.590645e-25
9.645575e+00 8.595407e-25
9.667817e+00 8.599680e-25
9.690112e+00 8.603426e-25
9.712457e+00 8.606611e-25
9.734854e+00 8.597213e-25
9.757303e+00 8.599370e-25
9.779803e+00 8.612563e-25
9.802355e+00 8.601813e-25
9.824960e+00 8.602096e-25
9.847616e+00 8.601763e-25
9.870325e+00 8.611818e-25
9.893086e+00 8.610138e-25
9.915899e+00 8.597248e-25
9.938766e+00 8.605148e-25
9.961684e+00 8.601901e-25
9.984656e+00 8.598197e-25
1.000768e+01 8.594946e-25
1.003076e+01 8.579718e-25
1.005389e+01 8.575020e-25
1.007707e+01 8.570005e-25
1.010031e+01 8.564709e-25
1.012360e+01 8.552434e-25
1.014695e+01 8.545485e-25
1.017035e+01 8.539653e-25
1.019380e+01 8.535556e-25
1.021731e+01 8.527497e-25
1.024087e+01 8.521216e-25
1.026448e+01 8.514824e-25
1.028815e+01 8.515507e-25
1.031188e+01 8.505765e-25
1.033566e+01 8.495126e-25
1.035949e+01 8.488424e-25
1.038338e+01 8.481670e-25
1.040732e+01 8.503298e-25
1.043132e+01 8.475037e-25
1.045538e+01 8.461146e-25
1.047949e+01 8.454232e-25
1.050365e+01 8.447286e-25
1.052788e+01 8.440309e-25
1.055215e+01 8.433302e-25
1.057649e+01 8.426266e-25
1.060088e+01 8.419198e-25
1.062532e+01 8.412099e-25
1.064982e+01 8.404968e-25
1.067438e+01 8.397802e-25
1.069900e+01 8.390600e-25
1.072367e+01 8.378686e-25
1.074840e+01 8.371479e-25
1.077318e+01 8.367745e-25
1.079803e+01 8.361394e-25
1.082293e+01 8.353980e-25
1.084789e+01 8.346518e-25
1.087290e+01 8.335794e-25
1.089797e+01 8.327245e-25
1.092311e+01 8.319685e-25
1.094829e+01 8.312065e-25
1.097354e+01 8.304383e-25
1.099885e+01 8.296636e-25
1.102421e+01 8.288823e-25
1.104963e+01 8.280941e-25
1.107511e+01 8.272988e-25
1.110065e+01 8.264963e-25
1.112625e+01 8.253686e-25
1.115191e+01 8.248686e-25
1.117762e+01 8.237349e-25
1.120340e+01 8.229061e-25
1.122923e+01 8.220690e-25
1.125513e+01 8.212235e-25
1.128108e+01 8.205790e-25
1.130710e+01 8.195067e-25
1.133317e+01 8.186352e-25
1.135931e+01 8.177548e-25
1.138550e+01 8.168652e-25
1.141176e+01 8.159665e-25
1.143807e+01 8.150586e-25
1.146445e+01 8.141412e-25
1.149088e+01 8.132144e-25
1.151738e+01 8.122781e-25
1.154394e+01 8.113321e-25
1.157056e+01 8.103763e-25
1.159724e+01 8.094109e-25
1.162399e+01 8.084355e-25
1.165079e+01 8.074503e-25
1.167766e+01 8.064551e-25
1.170459e+01 8.054499e-25
1.173158e+01 8.044346e-25
1.175863e+01 8.034093e-25
1.178575e+01 8.023738e-25
1.181293e+01 8.013282e-25
1.184017e+01 8.002724e-25
1.186747e+01 7.992064e-25
1.189484e+01 7.981303e-25
1.192227e+01 7.970438e-25
1.194976e+01 7.961473e-25
1.197731e+01 7.950987e-25
1.200493e+01 7.941407e-25
1.203262e+01 7.930073e-25
1.206037e+01 7.916469e-25
1.208818e+01 7.904964e-25
1.211605e+01 7.891522e-25
1.214399e+01 7.879840e-25
1.217200e+01 7.868056e-25
1.220006e+01 7.856170e-25
1.222820e+01 7.844184e-25
1.225640e+01 7.832096e-25
1.228466e+01 7.820167e-25
1.231299e+01 7.811182e-25
1.234138e+01 7.796865e-25
1.236984e+01 7.782742e-25
1.239837e+01 7.770155e-25
1.242696e+01 7.761306e-25
1.245561e+01 7.767096e-25
1.248434e+01 7.759653e-25
1.251313e+01 7.722877e-25
1.254198e+01 7.707173e-25
1.257090e+01 7.692580e-25
1.259989e+01 7.679314e-25
1.262895e+01 7.665954e-25
1.265807e+01 7.652499e-25
1.268726e+01 7.638951e-25
1.271652e+01 7.625311e-25
1.274584e+01 7.611578e-25
1.277523e+01 7.597755e-25
1.280469e+01 7.583841e-25
1.283422e+01 7.569838e-25
1.286382e+01 7.555746e-25
1.289348e+01 7.541567e-25
1.292321e+01 7.527300e-25
1.295301e+01 7.512947e-25
1.298288e+01 7.498509e-25
1.301282e+01 7.483987e-25
1.304283e+01 7.469382e-25
1.307291e+01 7.455845e-25
1.310305e+01 7.441060e-25
1.313327e+01 7.426195e-25
1.316355e+01 7.411251e-25
1.319391e+01 7.396229e-25
1.322433e+01 7.381130e-25
1.325483e+01 7.366458e-25
1.328539e+01 7.351907e-25
1.331603e+01 7.336568e-25
1.334674e+01 7.321156e-25
1.337752e+01 7.305674e-25
1.340836e+01 7.290121e-25
1.343928e+01 7.275789e-25
1.347027e+01 7.260083e-25
1.350134e+01 7.244311e-25
1.353247e+01 7.227361e-25
1.356368e+01 7.211354e-25
1.359496e+01 7.196128e-25
1.362631e+01 7.179401e-25
1.365773e+01 7.163335e-25
1.368922e+01 7.147210e-25
1.372079e+01 7.131029e-25
1.375243e+01 7.114792e-25
1.378414e+01 7.097532e-25
1.381593e+01 7.081283e-25
1.384779e+01 7.064819e-25
1.387972e+01 7.048387e-25
1.391173e+01 7.031907e-25
1.394381e+01 7.015380e-25
1.397596e+01 6.998808e-25
1.400819e+01 6.982193e-25
1.404050e+01 6.965535e-25
1.407287e+01 6.948837e-25
1.410533e+01 6.932100e-25
1.413785e+01 6.915326e-25
1.417045e+01 6.898517e-25
1.420313e+01 6.882491e-25
1.423588e+01 6.865354e-25
1.426871e+01 6.848086e-25
1.430162e+01 6.831748e-25
1.433460e+01 6.814779e-25
1.436765e+01 6.797785e-25
1.440078e+01 6.780768e-25
1.443399e+01 6.763731e-25
1.446728e+01 6.746675e-25
1.450064e+01 6.729603e-25
1.453408e+01 6.712515e-25
1.456759e+01 6.695415e-25
1.460119e+01 6.678303e-25
1.463486e+01 6.661183e-25
1.466860e+01 6.644057e-25
1.470243e+01 6.626925e-25
1.473633e+01 6.609548e-25
1.477032e+01 6.592002e-25
1.480438e+01 6.574878e-25
1.483852e+01 6.557758e-25
1.487273e+01 6.540645e-25
1.490703e+01 6.523540e-25
1.494141e+01 6.506446e-25
1.497586e+01 6.489365e-25
1.501040e+01 6.472747e-25
1.504501e+01 6.455252e-25
1.507970e+01 6.438225e-25
1.511448e+01 6.421221e-25
1.514933e+01 6.404243e-25
1.518427e+01 6.387236e-25
1.521928e+01 6.369888e-25
1.525438e+01 6.353007e-25
1.528955e+01 6.336161e-25
1.532481e+01 6.319820e-25
1.536015e+01 6.303048e-25
1.539557e+01 6.286319e-25
1.543107e+01 6.269637e-25
1.546666e+01 6.253005e-25
1.550232e+01 6.236424e-25
1.553807e+01 6.219649e-25
1.557390e+01 6.203431e-25
1.560982e+01 6.186602e-25
1.564581e+01 6.170264e-25
1.568189e+01 6.153993e-25
1.571805e+01 6.137790e-25
1.575430e+01 6.121661e-25
1.579063e+01 6.105607e-25
1.582704e+01 6.089632e-25
1.586354e+01 6.073739e-25
1.590012e+01 6.057930e-25
1.593679e+01 6.042210e-25
1.597354e+01 6.026581e-25
1.601037e+01 6.011047e-25
1.604729e+01 5.995610e-25
1.608430e+01 5.980275e-25
1.612139e+01 5.965044e-25
1.615857e+01 5.949921e-25
1.619583e+01 5.934909e-25
1.623317e+01 5.920011e-25
1.627061e+01 5.905231e-25
1.630813e+01 5.890572e-25
1.634574e+01 5.876037e-25
1.638343e+01 5.861631e-25
1.642121e+01 5.847079e-25
1.645908e+01 5.833190e-25
1.649703e+01 5.819213e-25
1.653507e+01 5.805087e-25
1.657320e+01 5.791375e-25
1.661142e+01 5.778071e-25
1.664973e+01 5.766070e-25
1.668812e+01 5.751688e-25
1.672661e+01 5.738248e-25
1.676518e+01 5.725114e-25
1.680384e+01 5.712345e-25
1.684259e+01 5.699745e-25
1.688143e+01 5.687318e-25
1.692035e+01 5.675067e-25
1.695937e+01 5.662996e-25
1.699848e+01 5.651107e-25
1.703768e+01 5.639404e-25
1.707697e+01 5.627890e-25
1.711635e+01 5.616568e-25
1.715582e+01 5.605443e-25
1.719538e+01 5.594516e-25
1.723503e+01 5.583791e-25
1.727478e+01 5.573271e-25
1.731461e+01 5.562959e-25
1.735454e+01 5.552858e-25
1.739456e+01 5.542971e-25
1.743467e+01 5.533301e-25
1.747488e+01 5.523851e-25
1.751517e+01 5.514623e-25
1.755556e+01 5.505620e-25
1.759605e+01 5.496845e-25
1.763662e+01 5.488300e-25
1.767729e+01 5.479988e-25
1.771806e+01 5.471911e-25
1.775892e+01 5.464071e-25
1.779987e+01 5.456471e-25
1.784092e+01 5.449113e-25
1.788206e+01 5.441998e-25
1.792329e+01 5.435129e-25
1.796462e+01 5.428507e-25
1.800605e+01 5.422135e-25
1.804757e+01 5.416013e-25
1.808919e+01 5.410144e-25
1.813090e+01 5.404529e-25
1.817271e+01 5.399169e-25
1.821462e+01 5.394066e-25
1.825662e+01 5.389219e-25
1.829872e+01 5.384631e-25
1.834092e+01 5.380303e-25
1.838322e+01 5.376234e-25
1.842561e+01 5.372562e-25
1.846810e+01 5.369012e-25
1.851068e+01 5.365723e-25
1.855337e+01 5.362696e-25
1.859615e+01 5.359930e-25
1.863904e+01 5.357425e-25
1.868202e+01 5.355181e-25
1.872510e+01 5.353197e-25
1.876828e+01 5.351472e-25
1.881156e+01 5.349960e-25
1.885494e+01 5.348683e-25
1.889842e+01 5.347734e-25
1.894200e+01 5.347040e-25
1.898568e+01 5.346600e-25
1.902946e+01 5.346412e-25
1.907334e+01 5.346474e-25
1.911733e+01 5.346784e-25
1.916141e+01 5.347377e-25
1.920560e+01 5.348139e-25
1.924989e+01 5.349179e-25
1.929428e+01 5.350456e-25
1.933877e+01 5.351968e-25
1.938336e+01 5.353805e-25
1.942806e+01 5.355773e-25
1.947286e+01 5.357874e-25
1.951777e+01 5.360287e-25
1.956278e+01 5.362962e-25
1.960789e+01 5.365842e-25
1.965310e+01 5.368801e-25
1.969842e+01 5.372048e-25
1.974385e+01 5.375492e-25
1.978938e+01 5.379125e-25
1.983501e+01 5.382945e-25
1.988075e+01 5.386943e-25
1.992660e+01 5.391192e-25
1.997255e+01 5.395529e-25
2.001861e+01 5.400010e-25
2.006477e+01 5.404607e-25
2.011104e+01 5.409408e-25
2.015741e+01 5.414412e-25
2.020390e+01 5.419493e-25
2.025049e+01 5.424623e-25
2.029719e+01 5.429941e-25
2.034399e+01 5.435436e-25
2.039090e+01 5.440966e-25
2.043793e+01 5.446527e-25
2.048506e+01 5.452303e-25
2.053229e+01 5.458093e-25
2.057964e+01 5.463954e-25
2.062710e+01 5.469877e-25
2.067466e+01 5.475853e-25
2.072234e+01 5.481875e-25
2.077013e+01 5.487933e-25
2.081802e+01 5.494020e-25
2.086603e+01 5.500126e-25
2.091415e+01 5.506243e-25
2.096237e+01 5.512363e-25
2.101071e+01 5.518476e-25
2.105916e+01 5.524576e-25
2.110773e+01 5.530652e-25
2.115640e+01 5.536697e-25
2.120519e+01 5.542703e-25
2.125409e+01 5.548661e-25
2.130310e+01 5.554564e-25
2.135223e+01 5.560403e-25
2.140146e+01 5.566170e-25
2.145082e+01 5.571859e-25
2.150028e+01 5.577461e-25
2.154986e+01 5.582969e-25
2.159956e+01 5.588377e-25
2.164936e+01 5.593676e-25
2.169929e+01 5.598860e-25
2.174933e+01 5.603923e-25
2.179948e+01 5.608859e-25
2.184975e+01 5.613661e-25
2.190014e+01 5.618323e-25
2.195064e+01 5.622839e-25
2.200126e+01 5.627205e-25
2.205199e+01 5.631415e-25
2.210284e+01 5.635464e-25
2.215381e+01 5.639348e-25
2.220490e+01 5.643061e-25
2.225610e+01 5.646600e-25
2.230743e+01 5.649961e-25
2.235887e+01 5.653140e-25
2.241043e+01 5.656134e-25
2.246211e+01 5.658939e-25
2.251390e+01 5.661553e-25
2.256582e+01 5.663973e-25
2.261786e+01 5.666197e-25
2.267002e+01 5.668222e-25
2.272229e+01 5.670046e-25
2.277469e+01 5.671669e-25
2.282721e+01 5.673088e-25
2.287985e+01 5.674302e-25
2.293261e+01 5.675311e-25
2.298549e+01 5.676113e-25
2.303850e+01 5.676709e-25
2.309162e+01 5.677097e-25
2.314487e+01 5.677278e-25
2.319825e+01 5.677252e-25
2.325174e+01 5.677019e-25
2.330536e+01 5.676579e-25
2.335910e+01 5.675934e-25
2.341297e+01 5.675084e-25
2.346696e+01 5.674031e-25
2.352107e+01 5.672812e-25
2.357531e+01 5.671317e-25
2.362968e+01 5.669660e-25
2.368417e+01 5.667841e-25
2.373878e+01 5.665790e-25
2.379353e+01 5.663544e-25
2.384839e+01 5.661106e-25
2.390339e+01 5.658477e-25
2.395851e+01 5.655661e-25
2.401376e+01 5.652659e-25
2.406914e+01 5.649474e-25
2.412464e+01 5.646108e-25
2.418027e+01 5.642564e-25
2.423603e+01 5.638846e-25
2.429192e+01 5.634954e-25
2.434794e+01 5.630893e-25
2.440408e+01 5.626665e-25
2.446036e+01 5.622274e-25
2.451676e+01 5.617721e-25
2.457330e+01 5.613011e-25
2.462997e+01 5.608146e-25
2.468676e+01 5.603129e-25
2.474369e+01 5.598000e-25
2.480075e+01 5.592690e-25
2.485794e+01 5.587238e-25
2.491526e+01 5.581609e-25
2.497272e+01 5.575881e-25
2.503031e+01 5.570020e-25
2.508803e+01 5.564030e-25
2.514588e+01 5.557914e-25
2.520387e+01 5.551675e-25
2.526199e+01 5.545315e-25
2.532024e+01 5.538839e-25
2.537863e+01 5.532249e-25
2.543715e+01 5.525549e-25
2.549581e+01 5.518742e-25
2.555460e+01 5.511830e-25
2.561353e+01 5.504817e-25
2.567260e+01 5.497706e-25
2.573180e+01 5.490499e-25
2.579114e+01 5.483201e-25
2.585061e+01 5.475813e-25
2.591022e+01 5.468340e-25
2.596997e+01 5.460782e-25
2.602986e+01 5.453145e-25
2.608988e+01 5.445429e-25
2.615005e+01 5.437639e-25
2.621035e+01 5.429776e-25
2.627079e+01 5.421844e-25
2.633137e+01 5.413846e-25
2.639209e+01 5.405783e-25
2.645295e+01 5.397658e-25
2.651395e+01 5.389474e-25
2.657509e+01 5.381234e-25
2.663638e+01 5.372939e-25
2.669780e+01 5.364593e-25
2.675937e+01 5.356198e-25
2.682107e+01 5.347755e-25
2.688292e+01 5.339268e-25
2.694492e+01 5.330738e-25
2.700705e+01 5.322167e-25
2.706933e+01 5.313559e-25
2.713175e+01 5.304914e-25
2.719432e+01 5.296235e-25
2.725703e+01 5.287525e-25
2.731988e+01 5.278784e-25
2.738288e+01 5.270040e-25
2.744603e+01 5.261245e-25
2.750932e+01 5.252425e-25
2.757275e+01 5.243582e-25
2.763634e+01 5.234719e-25
2.770007e+01 5.225836e-25
2.776394e+01 5.216936e-25
2.782797e+01 5.208020e-25
2.789214e+01 5.199090e-25
2.795646e+01 5.190147e-25
2.802093e+01 5.181193e-25
2.808554e+01 5.172229e-25
2.815031e+01 5.163257e-25
2.821522e+01 5.154279e-25
2.828029e+01 5.145294e-25
2.834550e+01 5.136306e-25
2.841087e+01 5.127315e-25
2.847638e+01 5.118322e-25
2.854205e+01 5.109329e-25
2.860787e+01 5.100336e-25
2.867384e+01 5.091346e-25
2.873996e+01 5.082359e-25
2.880623e+01 5.073376e-25
2.887266e+01 5.064398e-25
2.893924e+01 5.055427e-25
2.900598e+01 5.046463e-25
2.907286e+01 5.037508e-25
2.913991e+01 5.028561e-25
2.920710e+01 5.019625e-25
2.927446e+01 5.010700e-25
2.934196e+01 5.001787e-25
2.940963e+01 4.992887e-25
2.947744e+01 4.984000e-25
2.954542e+01 4.975128e-25
2.961355e+01 4.966271e-25
2.968184e+01 4.957430e-25
2.975029e+01 4.948605e-25
2.981889e+01 4.939798e-25
2.988765e+01 4.931008e-25
2.995658e+01 4.922237e-25
3.002566e+01 4.913505e-25
3.009489e+01 4.904754e-25
3.016429e+01 4.896042e-25
3.023385e+01 4.887352e-25
3.030357e+01 4.878683e-25
3.037345e+01 4.870036e-25
3.044349e+01 4.861412e-25
3.051370e+01 4.852810e-25
3.058406e+01 4.844232e-25
3.065459e+01 4.835678e-25
3.072528e+01 4.827165e-25
3.079613e+01 4.818660e-25
3.086715e+01 4.810180e-25
3.093833e+01 4.801725e-25
3.100967e+01 4.793297e-25
3.108118e+01 4.784894e-25
3.115285e+01 4.776518e-25
3.122469e+01 4.768169e-25
3.129670e+01 4.759847e-25
3.136887e+01 4.751552e-25
3.144120e+01 4.743285e-25
3.151371e+01 4.735047e-25
3.158638e+01 4.726836e-25
3.165922e+01 4.718654e-25
3.173222e+01 4.710501e-25
3.180540e+01 4.702376e-25
3.187874e+01 4.694281e-25
3.195225e+01 4.686215e-25
3.202594e+01 4.678179e-25
3.209979e+01 4.670172e-25
3.217381e+01 4.662195e-25
3.224800e+01 4.654248e-25
3.232237e+01 4.646331e-25
3.239690e+01 4.638445e-25
3.247161e+01 4.630589e-25
3.254649e+01 4.622763e-25
3.262154e+01 4.614968e-25
3.269677e+01 4.607203e-25
3.277217e+01 4.599470e-25
3.284774e+01 4.591767e-25
3.292349e+01 4.584095e-25
3.299941e+01 4.576455e-25
3.307551e+01 4.568845e-25
3.315178e+01 4.561266e-25
3.322823e+01 4.553719e-25
3.330485e+01 4.546203e-25
3.338165e+01 4.538717e-25
3.345863e+01 4.531264e-25
3.353579e+01 4.523841e-25
3.361312e+01 4.516450e-25
3.369063e+01 4.509090e-25
3.376832e+01 4.501761e-25
3.384619e+01 4.494464e-25
3.392424e+01 4.487197e-25
3.400247e+01 4.479962e-25
3.408088e+01 4.472759e-25
3.415947e+01 4.465586e-25
3.423825e+01 4.458445e-25
3.431720e+01 4.451335e-25
3.439634e+01 4.444267e-25
3.447565e+01 4.437219e-25
3.455515e+01 4.430202e-25
3.463484e+01 4.423216e-25
3.471471e+01 4.416260e-25
3.479476e+01 4.409336e-25
3.487500e+01 4.402442e-25
3.495542e+01 4.395579e-25
3.503603e+01 4.388747e-25
3.511682e+01 4.381945e-25
3.519780e+01 4.375174e-25
3.527897e+01 4.368433e-25
3.536032e+01 4.361723e-25
3.544186e+01 4.355042e-25
3.552359e+01 4.348392e-25
3.560551e+01 4.341773e-25
3.568761e+01 4.335183e-25
3.576991e+01 4.328623e-25
3.585240e+01 4.322093e-25
3.593507e+01 4.315592e-25
3.601794e+01 4.309121e-25
3.610100e+01 4.302680e-25
3.618424e+01 4.296268e-25
3.626769e+01 4.289885e-25
3.635132e+01 4.283532e-25
3.643515e+01 4.277208e-25
3.651917e+01 4.270912e-25
3.660338e+01 4.264646e-25
3.668779e+01 4.258408e-25
3.677239e+01 4.252199e-25
3.685719e+01 4.246018e-25
3.694218e+01 4.239866e-25
3.702737e+01 4.233742e-25
3.711275e+01 4.227646e-25
3.719834e+01 4.221578e-25
3.728412e+01 4.215547e-25
3.737009e+01 4.209535e-25
3.745627e+01 4.203551e-25
3.754264e+01 4.197594e-25
3.762922e+01 4.191664e-25
3.771599e+01 4.185762e-25
3.780296e+01 4.179887e-25
3.789014e+01 4.174039e-25
3.797751e+01 4.168218e-25
3.806509e+01 4.162424e-25
3.815287e+01 4.156656e-25
3.824085e+01 4.150915e-25
3.832903e+01 4.145200e-25
3.841742e+01 4.139511e-25
3.850601e+01 4.133849e-25
3.859480e+01 4.128213e-25
3.868380e+01 4.122602e-25
3.877301e+01 4.117017e-25
3.886242e+01 4.111458e-25
3.895204e+01 4.105924e-25
3.904186e+01 4.100416e-25
3.913189e+01 4.094933e-25
3.922213e+01 4.089475e-25
3.931258e+01 4.084042e-25
3.940323e+01 4.078635e-25
3.949410e+01 4.073252e-25
3.958517e+01 4.067895e-25
3.967645e+01 4.062564e-25
3.976795e+01 4.057262e-25
3.985965e+01 4.051995e-25
3.995157e+01 4.046810e-25
4.004370e+01 4.042712e-25
4.013604e+01 4.036837e-25
4.022859e+01 4.031129e-25
4.032136e+01 4.025908e-25
4.041434e+01 4.020748e-25
4.050754e+01 4.015620e-25
4.060095e+01 4.010519e-25
4.069457e+01 4.005441e-25
4.078842e+01 4.000387e-25
4.088247e+01 3.995357e-25
4.097675e+01 3.990348e-25
4.107124e+01 3.985363e-25
4.116595e+01 3.980399e-25
4.126088e+01 3.975458e-25
4.135603e+01 3.970539e-25
4.145140e+01 3.965642e-25
4.154698e+01 3.960766e-25
4.164279e+01 3.955912e-25
4.173882e+01 3.951079e-25
4.183507e+01 3.946268e-25
4.193154e+01 3.941478e-25
4.202824e+01 3.936709e-25
4.212516e+01 3.931961e-25
4.222230e+01 3.927234e-25
4.231966e+01 3.922527e-25
4.241725e+01 3.917841e-25
4.251507e+01 3.913175e-25
4.261311e+01 3.908530e-25
4.271137e+01 3.903905e-25
4.280986e+01 3.899299e-25
4.290858e+01 3.894714e-25
4.300753e+01 3.890149e-25
4.310671e+01 3.885603e-25
4.320611e+01 3.881077e-25
4.330575e+01 3.876570e-25
4.340561e+01 3.872082e-25
4.350570e+01 3.867614e-25
4.360603e+01 3.863165e-25
4.370658e+01 3.858734e-25
4.380737e+01 3.854323e-25
4.390839e+01 3.849930e-25
4.400964e+01 3.845556e-25
4.411113e+01 3.841200e-25
4.421285e+01 3.836863e-25
4.431481e+01 3.832543e-25
4.441700e+01 3.828242e-25
4.451942e+01 3.823959e-25
4.462208e+01 3.819694e-25
4.472498e+01 3.815447e-25
4.482812e+01 3.811217e-25
4.493149e+01 3.807005e-25
4.503511e+01 3.802810e-25
4.513896e+01 3.798633e-25
4.524305e+01 3.794472e-25
4.534738e+01 3.790329e-25
4.545195e+01 3.786203e-25
4.555676e+01 3.782094e-25
4.566182e+01 3.778002e-25
4.576711e+01 3.773926e-25
4.587265e+01 3.769867e-25
4.597843e+01 3.765824e-25
4.608446e+01 3.761798e-25
4.619073e+01 3.757788e-25
4.629725e+01 3.753794e-25
4.640401e+01 3.749816e-25
4.651102e+01 3.745854e-25
4.661827e+01 3.741908e-25
4.672578e+01 3.737978e-25
4.683353e+01 3.734063e-25
4.694152e+01 3.730164e-25
4.704977e+01 3.726280e-25
4.715827e+01 3.722412e-25
4.726702e+01 3.718559e-25
4.737601e+01 3.714721e-25
4.748526e+01 3.710898e-25
4.759476e+01 3.707090e-25
4.770452e+01 3.703296e-25
4.781453e+01 3.699518e-25
4.792479e+01 3.695754e-25
4.803530e+01 3.692005e-25
4.814607e+01 3.688271e-25
4.825710e+01 3.684550e-25
4.836838e+01 3.680844e-25
4.847992e+01 3.677152e-25
4.859171e+01 3.673475e-25
4.870376e+01 3.669811e-25
4.881607e+01 3.666161e-25
4.892864e+01 3.662526e-25
4.904147e+01 3.658903e-25
4.915456e+01 3.655295e-25
4.926792e+01 3.651700e-25
4.938153e+01 3.648119e-25
4.949540e+01 3.644551e-25
4.960954e+01 3.640996e-25
4.972394e+01 3.637455e-25
4.983860e+01 3.633927e-25
4.995353e+01 3.630411e-25
5.006872e+01 3.626909e-25
5.018418e+01 3.623420e-25
5.029991e+01 3.619944e-25
5.041590e+01 3.616480e-25
5.053216e+01 3.613029e-25
5.064869e+01 3.609590e-25
5.076548e+01 3.606164e-25
5.088255e+01 3.602751e-25
5.099988e+01 3.599350e-25
5.111749e+01 3.595961e-25
5.123537e+01 3.592584e-25
5.135352e+01 3.589220e-25
5.147194e+01 3.585867e-25
5.159063e+01 3.582527e-25
5.170960e+01 3.579198e-25
5.182884e+01 3.575881e-25
5.194836e+01 3.572576e-25
5.206816e+01 3.569283e-25
5.218822e+01 3.566001e-25
5.230857e+01 3.562730e-25
5.242920e+01 3.559472e-25
5.255010e+01 3.556224e-25
5.267128e+01 3.552988e-25
5.279274e+01 3.549763e-25
5.291448e+01 3.546549e-25
5.303650e+01 3.543347e-25
5.315880e+01 3.540155e-25
5.328139e+01 3.536975e-25
5.340425e+01 3.533805e-25
5.352741e+01 3.530646e-25
5.365084e+01 3.527498e-25
5.377456e+01 3.524361e-25
5.389856e+01 3.521234e-25
5.402285e+01 3.518118e-25
5.414743e+01 3.515013e-25
5.427230e+01 3.511917e-25
5.439745e+01 3.508833e-25
5.452289e+01 3.505758e-25
5.464862e+01 3.502694e-25
5.477464e+01 3.499640e-25
5.490095e+01 3.496597e-25
5.502755e+01 3.493563e-25
5.515445e+01 3.490539e-25
5.528163e+01 3.487525e-25
5.540911e+01 3.484522e-25
5.553689e+01 3.481528e-25
5.566495e+01 3.478544e-25
5.579332e+01 3.475569e-25
5.592198e+01 3.472604e-25
5.605093e+01 3.469649e-25
5.618019e+01 3.466704e-25
5.630974e+01 3.463768e-25
5.643959e+01 3.460840e-25
5.656974e+01 3.457924e-25
5.670019e+01 3.455016e-25
5.683094e+01 3.452118e-25
5.696200e+01 3.449228e-25
5.709335e+01 3.446349e-25
5.722501e+01 3.443478e-25
5.735697e+01 3.440617e-25
5.748923e+01 3.437768e-25
5.762181e+01 3.434945e-25
5.775468e+01 3.432585e-25
5.788786e+01 3.429270e-25
5.802135e+01 3.426443e-25
5.815515e+01 3.423632e-25
5.828926e+01 3.420831e-25
5.842367e+01 3.418040e-25
5.855840e+01 3.415257e-25
5.869344e+01 3.412483e-25
5.882878e+01 3.409717e-25
5.896444e+01 3.406960e-25
5.910041e+01 3.404212e-25
5.923670e+01 3.401471e-25
5.937330e+01 3.398740e-25
5.951022e+01 3.396016e-25
5.964745e+01 3.393301e-25
5.978500e+01 3.390594e-25
5.992286e+01 3.387895e-25
6.006104e+01 3.385204e-25
6.019954e+01 3.382521e-25
6.033836e+01 3.379846e-25
6.047750e+01 3.377180e-25
6.061697e+01 3.374521e-25
6.075675e+01 3.371870e-25
6.089686e+01 3.369227e-25
6.103728e+01 3.366592e-25
6.117804e+01 3.363964e-25
6.131911e+01 3.361344e-25
6.146052e+01 3.358732e-25
6.160224e+01 3.356128e-25
6.174430e+01 3.353531e-25
6.188668e+01 3.350942e-25
6.202939e+01 3.348360e-25
6.217243e+01 3.345786e-25
6.231580e+01 3.343219e-25
6.245950e+01 3.340660e-25
6.260354e+01 3.338108e-25
6.274790e+01 3.335563e-25
6.289260e+01 3.333026e-25
6.303763e+01 3.330496e-25
6.318299e+01 3.327973e-25
6.332869e+01 3.325458e-25
6.347473e+01 3.322949e-25
6.362110e+01 3.320448e-25
6.376781e+01 3.317954e-25
6.391486e+01 3.315466e-25
6.406225e+01 3.312986e-25
6.420998e+01 3.310513e-25
6.435805e+01 3.308047e-25
6.450646e+01 3.305587e-25
6.465521e+01 3.303135e-25
6.480431e+01 3.300689e-25
6.495375e+01 3.298250e-25
6.510353e+01 3.295818e-25
6.525366e+01 3.293393e-25
6.540413e+01 3.290974e-25
6.555496e+01 3.288562e-25
6.570613e+01 3.286157e-25
6.585765e+01 3.283758e-25
6.600951e+01 3.281366e-25
6.616173e+01 3.278980e-25
6.631430e+01 3.276601e-25
6.646722e+01 3.274228e-25
6.662050e+01 3.271862e-25
6.677412e+01 3.269503e-25
6.692811e+01 3.267149e-25
6.708244e+01 3.264802e-25
6.723714e+01 3.262462e-25
6.739218e+01 3.260127e-25
6.754759e+01 3.257799e-25
6.770336e+01 3.255478e-25
6.785948e+01 3.253162e-25
6.801597e+01 3.250853e-25
6.817281e+01 3.248550e-25
6.833002e+01 3.246253e-25
6.848759e+01 3.243962e-25
6.864552e+01 3.241677e-25
6.880382e+01 3.239398e-25
6.896248e+01 3.237125e-25
6.912151e+01 3.234858e-25
6.928090e+01 3.232598e-25
6.944067e+01 3.230343e-25
6.960080e+01 3.228094e-25
6.976130e+01 3.225851e-25
6.992217e+01 3.223614e-25
7.008341e+01 3.221382e-25
7.024502e+01 3.219157e-25
7.040701e+01 3.216937e-25
7.056936e+01 3.214723e-25
7.073210e+01 3.212515e-25
7.089521e+01 3.210313e-25
7.105869e+01 3.208116e-25
7.122255e+01 3.205925e-25
7.138679e+01 3.203740e-25
7.155141e+01 3.201560e-25
7.171641e+01 3.199386e-25
7.188179e+01 3.197217e-25
7.204755e+01 3.195054e-25
7.221369e+01 3.192897e-25
7.238022e+01 3.190745e-25
7.254713e+01 3.188598e-25
7.271442e+01 3.186457e-25
7.288210e+01 3.184322e-25
7.305017e+01 3.182192e-25
7.321862e+01 3.180067e-25
7.338746e+01 3.177948e-25
7.355669e+01 3.175834e-25
7.372632e+01 3.173725e-25
7.389633e+01 3.171622e-25
7.406674e+01 3.169524e-25
7.423753e+01 3.167431e-25
7.440873e+01 3.165344e-25
7.458031e+01 3.163262e-25
7.475230e+01 3.161185e-25
7.492468e+01 3.159113e-25
7.509745e+01 3.157047e-25
7.527063e+01 3.154985e-25
7.544420e+01 3.152929e-25
7.561818e+01 3.150878e-25
7.579255e+01 3.148832e-25
7.596733e+01 3.146791e-25
7.614251e+01 3.144755e-25
7.631810e+01 3.142724e-25
7.649409e+01 3.140698e-25
7.667048e+01 3.138678e-25
7.684729e+01 3.136662e-25
7.702450e+01 3.134651e-25
7.720212e+01 3.132645e-25
7.738015e+01 3.130644e-25
7.755858e+01 3.128648e-25
7.773744e+01 3.126657e-25
7.791670e+01 3.124671e-25
7.809638e+01 3.122690e-25
7.827647e+01 3.120714e-25
7.845697e+01 3.118742e-25
7.863789e+01 3.116775e-25
7.881923e+01 3.114813e-25
7.900099e+01 3.112856e-25
7.918317e+01 3.110904e-25
7.936577e+01 3.108956e-25
7.954878e+01 3.107013e-25
7.973222e+01 3.105075e-25
7.991609e+01 3.103142e-25
8.010037e+01 3.101213e-25
8.028509e+01 3.099289e-25
8.047022e+01 3.097370e-25
8.065579e+01 3.095455e-25
8.084178e+01 3.093545e-25
8.102820e+01 3.091639e-25
8.121506e+01 3.089739e-25
8.140234e+01 3.087842e-25
8.159005e+01 3.085951e-25
8.177820e+01 3.084064e-25
8.196678e+01 3.082181e-25
8.215580e+01 3.080303e-25
8.234525e+01 3.078430e-25
8.253514e+01 3.076561e-25
8.272546e+01 3.074696e-25
8.291623e+01 3.072836e-25
8.310744e+01 3.070981e-25
8.329908e+01 3.069130e-25
8.349117e+01 3.067283e-25
8.368370e+01 3.065441e-25
8.387668e+01 3.063604e-25
8.407010e+01 3.061770e-25
8.426396e+01 3.059941e-25
8.445828e+01 3.058117e-25
8.465304e+01 3.056297e-25
8.484825e+01 3.054481e-25
8.504391e+01 3.052669e-25
8.524002e+01 3.050862e-25
8.543659e+01 3.049059e-25
8.563360e+01 3.047261e-25
8.583107e+01 3.045467e-25
8.602900e+01 3.043677e-25
8.622738e+01 3.041891e-25
8.642623e+01 3.040110e-25
8.662553e+01 3.038333e-25
8.682528e+01 3.036560e-25
8.702550e+01 3.034791e-25
8.722619e+01 3.033027e-25
8.742733e+01 3.031267e-25
8.762894e+01 3.029511e-25
8.783101e+01 3.027759e-25
8.803355e+01 3.026011e-25
8.823656e+01 3.024268e-25
8.844003e+01 3.022528e-25
8.864397e+01 3.020793e-25
8.884839e+01 3.019062e-25
8.905327e+01 3.017335e-25
8.925863e+01 3.015612e-25
8.946446e+01 3.013894e-25
8.967077e+01 3.012179e-25
8.987755e+01 3.010469e-25
9.008481e+01 3.008762e-25
9.029254e+01 3.007060e-25
9.050076e+01 3.005361e-25
9.070945e+01 3.003667e-25
9.091863e+01 3.001977e-25
9.112829e+01 3.000291e-25
9.133843e+01 2.998609e-25
9.154906e+01 2.996930e-25
9.176017e+01 2.995256e-25
9.197177e+01 2.993586e-25
9.218386e+01 2.991920e-25
9.239644e+01 2.990258e-25
9.260950e+01 2.988600e-25
9.282306e+01 2.986945e-25
9.303711e+01 2.985295e-25
9.325166e+01 2.983649e-25
9.346669e+01 2.982006e-25
9.368223e+01 2.980368e-25
9.389826e+01 2.978733e-25
9.411479e+01 2.977102e-25
9.433182e+01 2.975475e-25
9.454935e+01 2.973853e-25
9.476738e+01 2.972234e-25
9.498592e+01 2.970618e-25
9.520496e+01 2.969007e-25
9.542450e+01 2.967400e-25
9.564455e+01 2.965796e-25
9.586511e+01 2.964197e-25
9.608617e+01 2.962601e-25
9.630775e+01 2.961009e-25
9.652983e+01 2.959420e-25
9.675243e+01 2.957836e-25
9.697554e+01 2.956256e-25
9.719917e+01 2.954679e-25
9.742331e+01 2.953106e-25
9.764797e+01 2.951537e-25
9.787315e+01 2.949971e-25
9.809884e+01 2.948410e-25
9.832506e+01 2.946852e-25
9.855180e+01 2.945298e-25
9.877906e+01 2.943748e-25
9.900685e+01 2.942201e-25
9.923516e+01 2.940658e-25
9.946399e+01 2.939119e-25
9.969336e+01 2.937584e-25
9.992325e+01 2.936052e-25
1.001537e+02 2.934524e-25
1.003846e+02 2.933000e-25
1.006161e+02 2.931480e-25
1.008481e+02 2.929963e-25
1.010807e+02 2.928450e-25
1.013138e+02 2.926941e-25
1.015474e+02 2.925435e-25
1.017816e+02 2.923933e-25
1.020163e+02 2.922435e-25
1.022515e+02 2.920940e-25
1.024873e+02 2.919449e-25
1.027237e+02 2.917962e-25
1.029606e+02 2.916478e-25
1.031980e+02 2.914998e-25
1.034360e+02 2.913522e-25
1.036745e+02 2.912049e-25
1.039136e+02 2.910580e-25
1.041532e+02 2.909115e-25
1.043934e+02 2.907653e-25
1.046341e+02 2.906195e-25
1.048754e+02 2.904740e-25
1.051172e+02 2.903289e-25
1.053596e+02 2.901842e-25
1.056026e+02 2.900398e-25
1.058461e+02 2.898958e-25
1.060902e+02 2.897521e-25
1.063348e+02 2.896088e-25
1.065800e+02 2.894659e-25
1.068258e+02 2.893233e-25
1.070722e+02 2.891811e-25
1.073191e+02 2.890392e-25
1.075665e+02 2.888977e-25
1.078146e+02 2.887565e-25
1.080632e+02 2.886157e-25
1.083124e+02 2.884753e-25
1.085622e+02 2.883352e-25
1.088125e+02 2.881955e-25
1.090634e+02 2.880561e-25
1.093149e+02 2.879171e-25
1.095670e+02 2.877784e-25
1.098197e+02 2.876401e-25
1.100729e+02 2.875021e-25
1.103268e+02 2.873645e-25
1.105812e+02 2.872272e-25
1.108362e+02 2.870903e-25
1.110918e+02 2.869538e-25
1.113480e+02 2.868176e-25
1.116047e+02 2.866817e-25
1.118621e+02 2.865462e-25
1.121200e+02 2.864111e-25
1.123786e+02 2.862763e-25
1.126377e+02 2.861418e-25
1.128975e+02 2.860077e-25
1.131578e+02 2.858740e-25
1.134188e+02 2.857406e-25
1.136803e+02 2.856075e-25
1.139425e+02 2.854748e-25
1.142052e+02 2.853424e-25
1.144686e+02 2.852104e-25
1.147325e+02 2.850788e-25
1.149971e+02 2.849474e-25
1.152623e+02 2.848165e-25
1.155281e+02 2.846859e-25
1.157945e+02 2.845556e-25
1.160615e+02 2.844256e-25
1.163292e+02 2.842961e-25
1.165974e+02 2.841668e-25
1.168663e+02 2.840379e-25
1.171358e+02 2.839094e-25
1.174059e+02 2.837812e-25
1.176766e+02 2.836533e-25
1.179480e+02 2.835258e-25
1.182200e+02 2.833987e-25
1.184926e+02 2.832718e-25
1.187658e+02 2.831454e-25
1.190397e+02 2.830192e-25
1.193142e+02 2.828934e-25
1.195894e+02 2.827680e-25
1.198651e+02 2.826429e-25
1.201416e+02 2.825181e-25
1.204186e+02 2.823937e-25
1.206963e+02 2.822696e-25
1.209746e+02 2.821459e-25
1.212536e+02 2.820225e-25
1.215332e+02 2.818995e-25
1.218134e+02 2.817768e-25
1.220943e+02 2.816544e-25
1.223759e+02 2.815324e-25
1.226581e+02 2.814107e-25
1.229410e+02 2.812894e-25
1.232245e+02 2.811684e-25
1.235086e+02 2.810478e-25
1.237934e+02 2.809275e-25
1.240789e+02 2.808075e-25
1.243650e+02 2.806879e-25
1.246518e+02 2.805686e-25
1.249393e+02 2.804496e-25
1.252274e+02 2.803311e-25
1.255161e+02 2.802128e-25
1.258056e+02 2.800949e-25
1.260957e+02 2.799773e-25
1.263865e+02 2.798601e-25
1.266779e+02 2.797432e-25
1.269700e+02 2.796266e-25
1.272628e+02 2.795104e-25
1.275563e+02 2.793946e-25
1.278504e+02 2.792790e-25
1.281453e+02 2.791638e-25
1.284408e+02 2.790490e-25
1.287370e+02 2.789345e-25
1.290338e+02 2.788203e-25
1.293314e+02 2.787065e-25
1.296296e+02 2.785930e-25
1.299285e+02 2.784799e-25
1.302282e+02 2.783671e-25
1.305285e+02 2.782546e-25
1.308295e+02 2.781425e-25
1.311312e+02 2.780307e-25
1.314335e+02 2.779193e-25
1.317366e+02 2.778082e-25
1.320404e+02 2.776974e-25
1.323449e+02 2.775870e-25
1.326501e+02 2.774770e-25
1.329560e+02 2.773672e-25
1.332626e+02 2.772578e-25
1.335699e+02 2.771488e-25
1.338779e+02 2.770401e-25
1.341866e+02 2.769317e-25
1.344961e+02 2.768237e-25
1.348062e+02 2.767160e-25
1.351171e+02 2.766087e-25
1.354287e+02 2.765017e-25
1.357410e+02 2.763950e-25
1.360540e+02 2.762887e-25
1.363677e+02 2.761827e-25
1.366822e+02 2.760771e-25
1.369974e+02 2.759718e-25
1.373133e+02 2.758668e-25
1.376299e+02 2.757622e-25
1.379473e+02 2.756580e-25
1.382654e+02 2.755540e-25
1.385843e+02 2.754505e-25
1.389038e+02 2.753472e-25
1.392241e+02 2.752443e-25
1.395452e+02 2.751418e-25
1.398670e+02 2.750396e-25
1.401895e+02 2.749377e-25
1.405128e+02 2.748362e-25
1.408368e+02 2.747350e-25
1.411616e+02 2.746342e-25
1.414871e+02 2.745337e-25
1.418134e+02 2.744335e-25
1.421404e+02 2.743337e-25
1.424682e+02 2.742343e-25
1.427967e+02 2.741352e-25
1.431260e+02 2.740364e-25
1.434561e+02 2.739380e-25
1.437869e+02 2.738399e-25
1.441184e+02 2.737422e-25
1.444508e+02 2.736448e-25
1.447839e+02 2.735477e-25
1.451178e+02 2.734510e-25
1.454524e+02 2.733547e-25
1.457878e+02 2.732587e-25
1.461240e+02 2.731630e-25
1.464610e+02 2.730677e-25
1.467987e+02 2.729727e-25
1.471372e+02 2.728781e-25
1.474765e+02 2.727838e-25
1.478166e+02 2.726899e-25
1.481575e+02 2.725964e-25
1.484991e+02 2.725031e-25
1.488416e+02 2.724103e-25
1.491848e+02 2.723177e-25
1.495288e+02 2.722255e-25
1.498736e+02 2.721337e-25
1.502192e+02 2.720422e-25
1.505657e+02 2.719511e-25
1.509129e+02 2.718603e-25
1.512609e+02 2.717699e-25
1.516097e+02 2.716798e-25
1.519593e+02 2.715901e-25
1.523097e+02 2.715007e-25
1.526609e+02 2.714117e-25
1.530130e+02 2.713230e-25
1.533658e+02 2.712347e-25
1.537195e+02 2.711467e-25
1.540740e+02 2.710591e-25
1.544293e+02 2.709718e-25
1.547854e+02 2.708849e-25
1.551423e+02 2.707984e-25
1.555001e+02 2.707121e-25
1.558587e+02 2.706263e-25
1.562181e+02 2.705408e-25
1.565783e+02 2.704557e-25
1.569394e+02 2.703709e-25
1.573013e+02 2.702865e-25
1.576640e+02 2.702024e-25
1.580276e+02 2.701187e-25
1.583920e+02 2.700353e-25
1.587573e+02 2.699523e-25
1.591233e+02 2.698697e-25
1.594903e+02 2.697874e-25
1.598581e+02 2.697054e-25
1.602267e+02 2.696239e-25
1.605962e+02 2.695427e-25
1.609665e+02 2.694618e-25
1.613377e+02 2.693813e-25
1.617098e+02 2.693012e-25
1.620827e+02 2.692214e-25
1.624564e+02 2.691420e-25
1.628311e+02 2.690630e-25
1.632065e+02 2.689843e-25
1.635829e+02 2.689060e-25
1.639601e+02 2.688280e-25
1.643382e+02 2.687504e-25
1.647172e+02 2.686732e-25
1.650970e+02 2.685963e-25
1.654777e+02 2.685198e-25
1.658593e+02 2.684437e-25
1.662418e+02 2.683679e-25
1.666252e+02 2.682925e-25
1.670094e+02 2.682174e-25
1.673945e+02 2.681428e-25
1.677805e+02 2.680685e-25
1.681674e+02 2.679945e-25
1.685552e+02 2.679210e-25
1.689439e+02 2.678478e-25
1.693335e+02 2.677749e-25
1.697240e+02 2.677025e-25
1.701154e+02 2.676304e-25
1.705077e+02 2.675587e-25
1.709009e+02 2.674873e-25
1.712950e+02 2.674163e-25
1.716900e+02 2.673457e-25
1.720859e+02 2.672755e-25
1.724827e+02 2.672056e-25
1.728805e+02 2.671362e-25
1.732791e+02 2.670671e-25
1.736787e+02 2.669983e-25
1.740792e+02 2.669300e-25
1.744806e+02 2.668620e-25
1.748830e+02 2.667944e-25
1.752863e+02 2.667272e-25
1.756905e+02 2.666603e-25
1.760956e+02 2.665938e-25
1.765017e+02 2.665277e-25
1.769087e+02 2.664620e-25
1.773167e+02 2.663967e-25
1.777256e+02 2.663318e-25
1.781354e+02 2.662672e-25
1.785462e+02 2.662030e-25
1.789579e+02 2.661392e-25
1.793706e+02 2.660758e-25
1.797842e+02 2.660127e-25
1.801988e+02 2.659501e-25
1.806143e+02 2.658878e-25
1.810308e+02 2.658259e-25
1.814483e+02 2.657645e-25
1.818667e+02 2.657033e-25
1.822861e+02 2.656426e-25
1.827065e+02 2.655823e-25
1.831278e+02 2.655224e-25
1.835501e+02 2.654628e-25
1.839734e+02 2.654036e-25
1.843976e+02 2.653449e-25
1.848228e+02 2.652865e-25
1.852490e+02 2.652285e-25
1.856762e+02 2.651709e-25
1.861044e+02 2.651137e-25
1.865335e+02 2.650569e-25
1.869637e+02 2.650005e-25
1.873948e+02 2.649445e-25
1.878270e+02 2.648889e-25
1.882601e+02 2.648337e-25
1.886942e+02 2.647788e-25
1.891293e+02 2.647244e-25
1.895655e+02 2.646704e-25
1.900026e+02 2.646168e-25
1.904408e+02 2.645635e-25
1.908799e+02 2.645107e-25
1.913201e+02 2.644583e-25
1.917613e+02 2.644063e-25
1.922035e+02 2.643547e-25
1.926467e+02 2.643035e-25
1.930910e+02 2.642527e-25
1.935362e+02 2.642023e-25
1.939825e+02 2.641523e-25
1.944298e+02 2.641027e-25
1.948782e+02 2.640535e-25
1.953276e+02 2.640048e-25
1.957780e+02 2.639564e-25
1.962295e+02 2.639085e-25
1.966820e+02 2.638610e-25
1.971355e+02 2.638138e-25
1.975901e+02 2.637671e-25
1.980458e+02 2.637209e-25
1.985025e+02 2.636750e-25
1.989602e+02 2.636295e-25
1.994190e+02 2.635845e-25
1.998789e+02 2.635399e-25
2.003398e+02 2.634957e-25
2.008018e+02 2.634519e-25
2.012648e+02 2.634085e-25
2.017290e+02 2.633656e-25
2.021942e+02 2.633230e-25
2.026604e+02 2.632809e-25
2.031277e+02 2.632393e-25
2.035962e+02 2.631980e-25
2.040657e+02 2.631572e-25
2.045362e+02 2.631168e-25
2.050079e+02 2.630768e-25
2.054806e+02 2.630373e-25
2.059545e+02 2.629981e-25
2.064294e+02 2.629595e-25
2.069054e+02 2.629212e-25
2.073826e+02 2.628834e-25
2.078608e+02 2.628460e-25
2.083401e+02 2.628090e-25
2.088206e+02 2.627725e-25
2.093021e+02 2.627364e-25
2.097848e+02 2.627008e-25
2.102685e+02 2.626655e-25
2.107534e+02 2.626308e-25
2.112394e+02 2.625964e-25
2.117265e+02 2.625625e-25
2.122148e+02 2.625291e-25
2.127041e+02 2.624961e-25
2.131946e+02 2.624635e-25
2.136863e+02 2.624314e-25
2.141790e+02 2.623997e-25
2.146729e+02 2.623685e-25
2.151680e+02 2.623377e-25
2.156641e+02 2.623073e-25
2.161615e+02 2.622774e-25
2.166599e+02 2.622480e-25
2.171595e+02 2.622190e-25
2.176603e+02 2.621905e-25
2.181622e+02 2.621624e-25
2.186653e+02 2.621348e-25
2.191696e+02 2.621076e-25
2.196750e+02 2.620809e-25
2.201816e+02 2.620546e-25
2.206893e+02 2.620288e-25
2.211982e+02 2.620035e-25
2.217083e+02 2.619786e-25
2.222195e+02 2.619542e-25
2.227320e+02 2.619302e-25
2.232456e+02 2.619068e-25
2.237604e+02 2.618837e-25
2.242764e+02 2.618612e-25
2.247936e+02 2.618391e-25
2.253120e+02 2.618175e-25
2.258315e+02 2.617963e-25
2.263523e+02 2.617756e-25
2.268743e+02 2.617554e-25
2.273975e+02 2.617357e-25
2.279218e+02 2.617164e-25
2.284474e+02 2.616976e-25
2.289742e+02 2.616793e-25
2.295022e+02 2.616615e-25
2.300315e+02 2.616441e-25
2.305619e+02 2.616273e-25
2.310936e+02 2.616109e-25
2.316265e+02 2.615950e-25
2.321606e+02 2.615796e-25
2.326960e+02 2.615646e-25
2.332326e+02 2.615502e-25
2.337704e+02 2.615362e-25
2.343095e+02 2.615227e-25
2.348498e+02 2.615097e-25
2.353914e+02 2.614972e-25
2.359342e+02 2.614852e-25
2.364783e+02 2.614737e-25
2.370236e+02 2.614627e-25
2.375702e+02 2.614522e-25
2.381180e+02 2.614421e-25
2.386671e+02 2.614326e-25
2.392175e+02 2.614236e-25
2.397691e+02 2.614151e-25
2.403220e+02 2.614071e-25
2.408762e+02 2.613995e-25
2.414317e+02 2.613925e-25
2.419884e+02 2.613860e-25
2.425465e+02 2.613800e-25
2.431058e+02 2.613745e-25
2.436664e+02 2.613695e-25
2.442283e+02 2.613651e-25
2.447915e+02 2.613611e-25
2.453560e+02 2.613577e-25
2.459217e+02 2.613547e-25
2.464888e+02 2.613523e-25
2.470572e+02 2.613504e-25
2.476270e+02 2.613491e-25
2.481980e+02 2.613482e-25
2.487703e+02 2.613479e-25
2.493440e+02 2.613481e-25
2.499190e+02 2.613488e-25
2.504953e+02 2.613500e-25
2.510730e+02 2.613518e-25
2.516519e+02 2.613541e-25
2.522322e+02 2.613570e-25
2.528139e+02 2.613603e-25
2.533969e+02 2.613642e-25
2.539812e+02 2.613687e-25
2.545669e+02 2.613736e-25
2.551539e+02 2.613791e-25
2.557423e+02 2.613852e-25
2.563321e+02 2.613918e-25
2.569232e+02 2.613989e-25
2.575156e+02 2.614066e-25
2.581095e+02 2.614148e-25
2.587047e+02 2.614236e-25
2.593012e+02 2.614329e-25
2.598992e+02 2.614427e-25
2.604985e+02 2.614532e-25
2.610992e+02 2.614641e-25
2.617013e+02 2.614756e-25
2.623048e+02 2.614877e-25
2.629097e+02 2.615004e-25
2.635160e+02 2.615136e-25
2.641236e+02 2.615273e-25
2.647327e+02 2.615416e-25
2.653432e+02 2.615565e-25
2.659551e+02 2.615719e-25
2.665684e+02 2.615880e-25
2.671831e+02 2.616045e-25
2.677992e+02 2.616217e-25
2.684167e+02 2.616394e-25
2.690357e+02 2.616577e-25
2.696561e+02 2.616766e-25
2.702779e+02 2.616960e-25
2.709012e+02 2.617160e-25
2.715259e+02 2.617366e-25
2.721520e+02 2.617578e-25
2.727796e+02 2.617796e-25
2.734087e+02 2.618019e-25
2.740391e+02 2.618248e-25
2.746711e+02 2.618483e-25
2.753045e+02 2.618725e-25
2.759393e+02 2.618972e-25
2.765756e+02 2.619224e-25
2.772134e+02 2.619483e-25
2.778527e+02 2.619748e-25
2.784934e+02 2.620019e-25
2.791356e+02 2.620296e-25
2.797793e+02 2.620578e-25
2.804245e+02 2.620867e-25
2.810712e+02 2.621162e-25
2.817193e+02 2.621463e-25
2.823690e+02 2.621770e-25
2.830201e+02 2.622083e-25
2.836727e+02 2.622402e-25
2.843269e+02 2.622727e-25
2.849826e+02 2.623059e-25
2.856397e+02 2.623396e-25
2.862984e+02 2.623740e-25
2.869586e+02 2.624090e-25
2.876203e+02 2.624446e-25
2.882836e+02 2.624809e-25
2.889484e+02 2.625178e-25
2.896147e+02 2.625553e-25
2.902826e+02 2.625934e-25
2.909520e+02 2.626321e-25
2.916229e+02 2.626715e-25
2.922954e+02 2.627116e-25
2.929694e+02 2.627522e-25
2.936450e+02 2.627935e-25
2.943221e+02 2.628355e-25
2.950009e+02 2.628780e-25
2.956811e+02 2.629213e-25
2.963630e+02 2.629651e-25
2.970464e+02 2.630096e-25
2.977314e+02 2.630548e-25
2.984179e+02 2.631006e-25
2.991061e+02 2.631471e-25
2.997958e+02 2.631942e-25
3.004872e+02 2.632420e-25
3.011801e+02 2.632904e-25
3.018746e+02 2.633395e-25
3.025708e+02 2.633893e-25
3.032685e+02 2.634397e-25
3.039678e+02 2.634908e-25
3.046688e+02 2.635426e-25
3.053713e+02 2.635950e-25
3.060755e+02 2.636481e-25
3.067813e+02 2.637019e-25
3.074888e+02 2.637563e-25
3.081979e+02 2.638115e-25
3.089086e+02 2.638673e-25
3.096209e+02 2.639238e-25
3.103349e+02 2.639810e-25
3.110505e+02 2.640388e-25
3.117678e+02 2.640974e-25
3.124868e+02 2.641566e-25
3.132073e+02 2.642166e-25
3.139296e+02 2.642772e-25
3.146535e+02 2.643385e-25
3.153791e+02 2.644006e-25
3.161064e+02 2.644633e-25
3.168353e+02 2.645267e-25
3.175660e+02 2.645909e-25
3.182983e+02 2.646557e-25
3.190323e+02 2.647213e-25
3.197680e+02 2.647875e-25
3.205053e+02 2.648545e-25
3.212444e+02 2.649222e-25
3.219852e+02 2.649906e-25
3.227277e+02 2.650597e-25
3.234719e+02 2.651296e-25
3.242179e+02 2.652002e-25
3.249655e+02 2.652715e-25
3.257149e+02 2.653435e-25
3.264660e+02 2.654163e-25
3.272188e+02 2.654898e-25
3.279734e+02 2.655640e-25
3.287297e+02 2.656389e-25
3.294878e+02 2.657147e-25
3.302476e+02 2.657911e-25
3.310091e+02 2.658683e-25
3.317724e+02 2.659462e-25
3.325375e+02 2.660249e-25
3.333043e+02 2.661043e-25
3.340729e+02 2.661845e-25
3.348433e+02 2.662655e-25
3.356155e+02 2.663472e-25
3.363894e+02 2.664296e-25
3.371651e+02 2.665129e-25
3.379426e+02 2.665968e-25
3.387219e+02 2.666816e-25
3.395030e+02 2.667671e-25
3.402859e+02 2.668534e-25
3.410706e+02 2.669405e-25
3.418571e+02 2.670283e-25
3.426454e+02 2.671169e-25
3.434356e+02 2.672063e-25
3.442275e+02 2.672965e-25
3.450213e+02 2.673875e-25
3.458170e+02 2.674792e-25
3.466144e+02 2.675718e-25
3.474137e+02 2.676651e-25
3.482148e+02 2.677593e-25
3.490178e+02 2.678542e-25
3.498227e+02 2.679499e-25
3.506294e+02 2.680465e-25
3.514379e+02 2.681438e-25
3.522483e+02 2.682420e-25
3.530606e+02 2.683409e-25
3.538748e+02 2.684407e-25
3.546908e+02 2.685413e-25
3.555087e+02 2.686427e-25
3.563285e+02 2.687449e-25
3.571502e+02 2.688479e-25
3.579738e+02 2.689518e-25
3.587993e+02 2.690565e-25
3.596267e+02 2.691620e-25
3.604560e+02 2.692684e-25
3.612872e+02 2.693756e-25
3.621204e+02 2.694836e-25
3.629554e+02 2.695925e-25
3.637924e+02 2.697022e-25
3.646313e+02 2.698128e-25
3.654721e+02 2.699242e-25
3.663149e+02 2.700365e-25
3.671597e+02 2.701496e-25
3.680063e+02 2.702636e-25
3.688550e+02 2.703785e-25
3.697055e+02 2.704942e-25
3.705581e+02 2.706108e-25
3.714126e+02 2.707282e-25
3.722691e+02 2.708465e-25
3.731275e+02 2.709657e-25
3.739880e+02 2.710858e-25
3.748504e+02 2.712068e-25
3.757148e+02 2.713286e-25
3.765812e+02 2.714513e-25
3.774496e+02 2.715750e-25
3.783200e+02 2.716995e-25
3.791924e+02 2.718249e-25
3.800668e+02 2.719512e-25
3.809433e+02 2.720784e-25
3.818217e+02 2.722066e-25
3.827022e+02 2.723356e-25
3.835847e+02 2.724656e-25
3.844693e+02 2.725965e-25
3.853558e+02 2.727283e-25
3.862445e+02 2.728611e-25
3.871352e+02 2.729948e-25
3.880279e+02 2.731294e-25
3.889227e+02 2.732650e-25
3.898196e+02 2.734015e-25
3.907185e+02 2.735390e-25
3.916195e+02 2.736775e-25
3.925226e+02 2.738169e-25
3.934277e+02 2.739573e-25
3.943350e+02 2.740987e-25
3.952443e+02 2.742410e-25
3.961557e+02 2.743844e-25
3.970693e+02 2.745288e-25
3.979849e+02 2.746742e-25
3.989027e+02 2.748207e-25
3.998226e+02 2.749682e-25
4.007445e+02 2.751168e-25
4.016687e+02 2.752664e-25
4.025949e+02 2.754172e-25
4.035233e+02 2.755690e-25
4.044538e+02 2.757221e-25
4.053865e+02 2.758763e-25
4.063213e+02 2.760317e-25
4.072583e+02 2.761884e-25
4.081975e+02 2.763463e-25
4.091388e+02 2.765057e-25
4.100822e+02 2.766665e-25
4.110279e+02 2.768288e-25
4.119757e+02 2.769928e-25
4.129257e+02 2.771585e-25
4.138780e+02 2.773262e-25
4.148324e+02 2.774961e-25
4.157890e+02 2.776685e-25
4.167478e+02 2.778438e-25
4.177088e+02 2.780226e-25
4.186720e+02 2.782055e-25
4.196375e+02 2.783938e-25
4.206052e+02 2.785889e-25
4.215751e+02 2.787932e-25
4.225473e+02 2.790105e-25
4.235217e+02 2.792468e-25
4.244983e+02 2.795128e-25
4.254772e+02 2.798281e-25
4.264584e+02 2.802328e-25
4.274418e+02 2.808197e-25
4.284275e+02 2.818458e-25
4.294154e+02 2.842607e-25
4.304056e+02 2.942172e-25
4.313982e+02 6.119718e-25
4.323930e+02 3.102182e-25
4.333901e+02 2.867505e-25
4.343895e+02 2.833599e-25
4.353912e+02 2.823888e-25
4.363952e+02 2.820626e-25
4.374015e+02 2.819790e-25
4.384102e+02 2.820070e-25
4.394212e+02 2.820935e-25
4.404345e+02 2.822140e-25
4.414501e+02 2.823556e-25
4.424681e+02 2.825113e-25
4.434884e+02 2.826767e-25
4.445111e+02 2.828493e-25
4.455362e+02 2.830274e-25
4.465636e+02 2.832097e-25
4.475934e+02 2.833956e-25
4.486255e+02 2.835845e-25
4.496600e+02 2.837758e-25
4.506970e+02 2.839694e-25
4.517363e+02 2.841651e-25
4.527780e+02 2.843626e-25
4.538221e+02 2.845618e-25
4.548686e+02 2.847626e-25
4.559175e+02 2.849649e-25
4.569689e+02 2.851687e-25
4.580227e+02 2.853740e-25
4.590789e+02 2.855806e-25
4.601375e+02 2.857885e-25
4.611986e+02 2.859978e-25
4.622621e+02 2.862084e-25
4.633281e+02 2.864202e-25
4.643965e+02 2.866334e-25
4.654674e+02 2.868477e-25
4.665408e+02 2.870633e-25
4.676166e+02 2.872802e-25
4.686950e+02 2.874983e-25
4.697758e+02 2.877176e-25
4.708591e+02 2.879382e-25
4.719449e+02 2.881599e-25
4.730332e+02 2.883829e-25
4.741240e+02 2.886071e-25
4.752174e+02 2.888325e-25
4.763132e+02 2.890591e-25
4.774116e+02 2.892870e-25
4.785125e+02 2.895161e-25
4.796160e+02 2.897464e-25
4.807220e+02 2.899779e-25
4.818305e+02 2.902106e-25
4.829416e+02 2.904445e-25
4.840553e+02 2.906797e-25
4.851715e+02 2.909161e-25
4.862903e+02 2.911537e-25
4.874117e+02 2.913926e-25
4.885357e+02 2.916327e-25
4.896623e+02 2.918740e-25
4.907914e+02 2.921166e-25
4.919232e+02 2.923604e-25
4.930576e+02 2.926055e-25
4.941946e+02 2.928518e-25
4.953342e+02 2.930994e-25
4.964764e+02 2.933479e-25
4.976213e+02 2.935981e-25
4.987688e+02 2.938495e-25
4.999190e+02 2.941021e-25
5.010718e+02 2.943559e-25
5.022273e+02 2.946110e-25
5.033854e+02 2.948674e-25
5.045462e+02 2.951251e-25
5.057097e+02 2.953840e-25
5.068759e+02 2.956443e-25
5.080447e+02 2.959058e-25
5.092163e+02 2.961686e-25
5.103906e+02 2.964327e-25
5.115675e+02 2.966981e-25
5.127472e+02 2.969648e-25
5.139296e+02 2.972327e-25
5.151147e+02 2.975020e-25
5.163026e+02 2.977726e-25
5.174932e+02 2.980446e-25
5.186865e+02 2.983178e-25
5.198826e+02 2.985924e-25
5.210815e+02 2.988682e-25
5.222831e+02 2.991455e-25
5.234875e+02 2.994240e-25
5.246946e+02 2.997039e-25
5.259046e+02 2.999851e-25
5.271173e+02 3.002676e-25
5.283329e+02 3.005516e-25
5.295512e+02 3.008368e-25
5.307724e+02 3.011234e-25
5.319963e+02 3.014114e-25
5.332231e+02 3.017007e-25
5.344527e+02 3.019914e-25
5.356852e+02 3.022835e-25
5.369205e+02 3.025769e-25
5.381586e+02 3.028717e-25
5.393996e+02 3.031679e-25
5.406435e+02 3.034655e-25
5.418902e+02 3.037644e-25
5.431398e+02 3.040648e-25
5.443923e+02 3.043665e-25
5.456477e+02 3.046697e-25
5.469059e+02 3.049742e-25
5.481671e+02 3.052802e-25
5.494312e+02 3.055876e-25
5.506982e+02 3.058964e-25
5.519681e+02 3.062066e-25
5.532409e+02 3.065182e-25
5.545167e+02 3.068313e-25
5.557954e+02 3.071457e-25
5.570771e+02 3.074617e-25
5.583617e+02 3.077790e-25
5.596493e+02 3.080978e-25
5.609399e+02 3.084181e-25
5.622334e+02 3.087398e-25
5.635299e+02 3.090630e-25
5.648294e+02 3.093876e-25
5.661319e+02 3.097137e-25
5.674374e+02 3.100412e-25
5.687459e+02 3.103702e-25
5.700575e+02 3.107007e-25
5.713720e+02 3.110327e-25
5.726896e+02 3.113661e-25
5.740102e+02 3.117011e-25
5.753339e+02 3.120375e-25
5.766606e+02 3.123755e-25
5.779904e+02 3.127149e-25
5.793233e+02 3.130558e-25
5.806592e+02 3.133983e-25
5.819982e+02 3.137422e-25
5.833403e+02 3.140877e-25
5.846855e+02 3.144347e-25
5.860338e+02 3.147832e-25
5.873852e+02 3.151333e-25
5.887397e+02 3.154849e-25
5.900973e+02 3.158380e-25
5.914581e+02 3.161927e-25
5.928220e+02 3.165489e-25
5.941890e+02 3.169067e-25
5.955593e+02 3.172660e-25
5.969326e+02 3.176269e-25
5.983091e+02 3.179893e-25
5.996889e+02 3.183533e-25
6.010717e+02 3.187189e-25
6.024578e+02 3.190861e-25
6.038471e+02 3.194548e-25
6.052396e+02 3.198252e-25
6.066353e+02 3.201971e-25
6.080342e+02 3.205706e-25
6.094363e+02 3.209457e-25
6.108417e+02 3.213224e-25
6.122503e+02 3.217008e-25
6.136621e+02 3.220807e-25
6.150772e+02 3.224623e-25
6.164956e+02 3.228454e-25
6.179172e+02 3.232302e-25
6.193422e+02 3.236167e-25
6.207704e+02 3.240047e-25
6.222019e+02 3.243945e-25
6.236367e+02 3.247858e-25
6.250748e+02 3.251788e-25
6.265162e+02 3.255735e-25
6.279610e+02 3.259698e-25
6.294090e+02 3.263678e-25
6.308605e+02 3.267674e-25
6.323152e+02 3.271687e-25
6.337734e+02 3.275717e-25
6.352348e+02 3.279764e-25
6.366997e+02 3.283827e-25
6.381679e+02 3.287908e-25
6.396396e+02 3.292005e-25
6.411146e+02 3.296119e-25
6.425930e+02 3.300251e-25
6.440748e+02 3.304399e-25
6.455600e+02 3.308565e-25
6.470487e+02 3.312748e-25
6.485408e+02 3.316948e-25
6.500364e+02 3.321165e-25
6.515353e+02 3.325400e-25
6.530378e+02 3.329652e-25
6.545437e+02 3.333922e-25
6.560531e+02 3.338209e-25
6.575659e+02 3.342513e-25
6.590823e+02 3.346835e-25
6.606021e+02 3.351175e-25
6.621255e+02 3.355532e-25
6.636524e+02 3.359907e-25
6.651828e+02 3.364300e-25
6.667167e+02 3.368711e-25
6.682541e+02 3.373139e-25
6.697951e+02 3.377585e-25
6.713397e+02 3.382050e-25
6.728878e+02 3.386532e-25
6.744395e+02 3.391033e-25
6.759947e+02 3.395551e-25
6.775536e+02 3.400088e-25
6.791160e+02 3.404643e-25
6.806821e+02 3.409216e-25
6.822517e+02 3.413807e-25
6.838250e+02 3.418417e-25
6.854019e+02 3.423046e-25
6.869825e+02 3.427692e-25
6.885666e+02 3.432358e-25
6.901545e+02 3.437041e-25
6.917460e+02 3.441744e-25
6.933412e+02 3.446465e-25
6.949400e+02 3.451205e-25
6.965425e+02 3.455964e-25
6.981488e+02 3.460741e-25
6.997587e+02 3.465537e-25
7.013724e+02 3.470353e-25
7.029897e+02 3.475187e-25
7.046108e+02 3.480040e-25
7.062357e+02 3.484913e-25
7.078643e+02 3.489804e-25
7.094966e+02 3.494715e-25
7.111327e+02 3.499645e-25
7.127726e+02 3.504594e-25
7.144162e+02 3.509563e-25
7.160637e+02 3.514551e-25
7.177149e+02 3.519559e-25
7.193700e+02 3.524586e-25
7.210289e+02 3.529633e-25
7.226916e+02 3.534699e-25
7.243581e+02 3.539785e-25
7.260285e+02 3.544891e-25
7.277027e+02 3.550016e-25
7.293808e+02 3.555162e-25
7.310627e+02 3.560327e-25
7.327486e+02 3.565512e-25
7.344383e+02 3.570718e-25
7.361319e+02 3.575943e-25
7.378294e+02 3.581189e-25
7.395309e+02 3.586454e-25
7.412363e+02 3.591740e-25
7.429455e+02 3.597047e-25
7.446588e+02 3.602373e-25
7.463760e+02 3.607720e-25
7.480971e+02 3.613088e-25
7.498222e+02 3.618476e-25
7.515513e+02 3.623885e-25
7.532844e+02 3.629314e-25
7.550215e+02 3.634764e-25
7.567626e+02 3.640235e-25
7.585077e+02 3.645727e-25
7.602568e+02 3.651239e-25
7.620100e+02 3.656773e-25
7.637672e+02 3.662327e-25
7.655284e+02 3.667903e-25
7.672937e+02 3.673500e-25
7.690631e+02 3.679118e-25
7.708366e+02 3.684757e-25
7.726141e+02 3.690417e-25
7.743958e+02 3.696099e-25
7.761816e+02 3.701803e-25
7.779714e+02 3.707528e-25
7.797654e+02 3.713274e-25
7.815636e+02 3.719042e-25
7.833659e+02 3.724832e-25
7.851723e+02 3.730643e-25
7.869829e+02 3.736477e-25
7.887977e+02 3.742332e-25
7.906167e+02 3.748209e-25
7.924399e+02 3.754108e-25
7.942672e+02 3.760030e-25
7.960988e+02 3.765973e-25
7.979346e+02 3.771939e-25
7.997747e+02 3.777927e-25
8.016190e+02 3.783938e-25
8.034675e+02 3.789971e-25
8.053203e+02 3.796026e-25
8.071774e+02 3.802105e-25
8.090387e+02 3.808206e-25
8.109044e+02 3.814330e-25
8.127744e+02 3.820477e-25
8.146486e+02 3.826647e-25
8.165272e+02 3.832840e-25
8.184101e+02 3.839056e-25
8.202974e+02 3.845297e-25
8.221890e+02 3.851561e-25
8.240850e+02 3.857850e-25
8.259853e+02 3.864163e-25
8.278900e+02 3.870502e-25
8.297992e+02 3.876866e-25
8.317127e+02 3.883259e-25
8.336306e+02 3.889680e-25
8.355530e+02 3.896135e-25
8.374798e+02 3.902629e-25
8.394110e+02 3.909173e-25
8.413467e+02 3.915792e-25
8.432868e+02 3.922549e-25
8.452315e+02 3.929637e-25
8.471806e+02 3.937950e-25
8.491342e+02 3.958020e-25
8.510923e+02 4.057975e-25
8.530549e+02 3.959964e-25
8.550221e+02 3.963084e-25
8.569938e+02 3.968936e-25
8.589700e+02 3.975326e-25
8.609508e+02 3.981906e-25
8.629361e+02 3.988578e-25
8.649261e+02 3.995308e-25
8.669206e+02 4.002080e-25
8.689197e+02 4.008888e-25
8.709235e+02 4.015727e-25
8.729318e+02 4.022596e-25
8.749448e+02 4.029492e-25
8.769624e+02 4.036416e-25
8.789847e+02 4.043366e-25
8.810117e+02 4.050343e-25
8.830433e+02 4.057345e-25
8.850796e+02 4.064374e-25
8.871206e+02 4.071428e-25
8.891663e+02 4.078508e-25
8.912167e+02 4.085614e-25
8.932719e+02 4.092746e-25
8.953318e+02 4.099903e-25
8.973964e+02 4.107087e-25
8.994658e+02 4.114296e-25
9.015400e+02 4.121532e-25
9.036189e+02 4.128793e-25
9.057027e+02 4.136081e-25
9.077913e+02 4.143394e-25
9.098846e+02 4.150734e-25
9.119828e+02 4.158101e-25
9.140859e+02 4.165494e-25
9.161938e+02 4.172913e-25
9.183065e+02 4.180359e-25
9.204241e+02 4.187831e-25
9.225466e+02 4.195330e-25
9.246740e+02 4.202856e-25
9.268063e+02 4.210408e-25
9.289436e+02 4.217988e-25
9.310857e+02 4.225594e-25
9.332328e+02 4.233228e-25
9.353848e+02 4.240889e-25
9.375419e+02 4.248577e-25
9.397038e+02 4.256292e-25
9.418708e+02 4.264035e-25
9.440428e+02 4.271805e-25
9.462197e+02 4.279603e-25
9.484017e+02 4.287429e-25
9.505887e+02 4.295282e-25
9.527808e+02 4.303163e-25
9.549779e+02 4.311072e-25
9.571801e+02 4.319009e-25
9.593874e+02 4.326974e-25
9.615997e+02 4.334967e-25
9.638172e+02 4.342988e-25
9.660398e+02 4.351038e-25
9.682674e+02 4.359116e-25
9.705003e+02 4.367223e-25
9.727383e+02 4.375358e-25
9.749814e+02 4.383522e-25
9.772297e+02 4.391715e-25
9.794832e+02 4.399936e-25
9.817419e+02 4.408187e-25
9.840058e+02 4.416466e-25
9.862749e+02 4.424775e-25
9.885493e+02 4.433113e-25
9.908289e+02 4.441480e-25
9.931138e+02 4.449877e-25
9.954039e+02 4.458303e-25
9.976993e+02 4.466759e-25
1.000000e+03 nan
