1.000000e+00 4.456562e-17
1.002306e+00 4.633448e-17
1.004617e+00 4.822453e-17
1.006934e+00 5.024346e-17
1.009256e+00 5.239952e-17
1.011583e+00 5.485166e-17
1.013916e+00 5.746851e-17
1.016254e+00 6.019770e-17
1.018598e+00 6.297553e-17
1.020947e+00 6.564834e-17
1.023301e+00 6.864845e-17
1.025661e+00 7.183307e-17
1.028026e+00 7.503024e-17
1.030396e+00 7.728870e-17
1.032773e+00 7.836481e-17
1.035154e+00 7.849514e-17
1.037541e+00 7.796011e-17
1.039934e+00 7.692547e-17
1.042332e+00 7.566587e-17
1.044735e+00 7.420969e-17
1.047145e+00 7.258556e-17
1.049559e+00 6.953977e-17
1.051980e+00 6.582339e-17
1.054406e+00 6.179736e-17
1.056837e+00 5.776715e-17
1.059274e+00 5.426547e-17
1.061717e+00 5.101977e-17
1.064165e+00 4.796111e-17
1.066619e+00 4.503387e-17
1.069079e+00 4.231146e-17
1.071544e+00 3.983257e-17
1.074015e+00 3.756770e-17
1.076492e+00 3.549120e-17
1.078974e+00 3.358199e-17
1.081462e+00 3.181417e-17
1.083956e+00 3.017870e-17
1.086456e+00 2.866713e-17
1.088961e+00 2.728545e-17
1.091472e+00 2.600012e-17
1.093989e+00 2.480301e-17
1.096512e+00 2.368679e-17
1.099040e+00 2.265577e-17
1.101575e+00 2.169104e-17
1.104115e+00 2.078740e-17
1.106661e+00 1.994006e-17
1.109213e+00 1.915199e-17
1.111771e+00 1.840945e-17
1.114335e+00 1.770925e-17
1.116904e+00 1.704839e-17
1.119480e+00 1.643029e-17
1.122062e+00 1.584526e-17
1.124649e+00 1.529088e-17
1.127242e+00 1.476491e-17
1.129842e+00 1.426938e-17
1.132447e+00 1.379851e-17
1.135059e+00 1.335064e-17
1.137676e+00 1.292427e-17
1.140300e+00 1.252076e-17
1.142929e+00 1.213566e-17
1.145565e+00 1.176833e-17
1.148207e+00 1.141872e-17
1.150854e+00 1.109103e-17
1.153508e+00 1.080551e-17
1.156168e+00 4.551406e-17
1.158834e+00 1.020946e-17
1.161507e+00 9.889841e-18
1.164185e+00 9.613324e-18
1.166870e+00 9.351963e-18
1.169560e+00 9.101883e-18
1.172257e+00 8.863041e-18
1.174961e+00 8.633381e-18
1.177670e+00 8.412345e-18
1.180386e+00 8.199456e-18
1.183108e+00 7.995298e-18
1.185836e+00 7.798273e-18
1.188571e+00 7.608110e-18
1.191312e+00 7.424553e-18
1.194059e+00 7.248163e-18
1.196812e+00 7.077640e-18
1.199572e+00 6.912719e-18
1.202338e+00 6.753148e-18
1.205111e+00 6.599501e-18
1.207890e+00 6.450751e-18
1.210675e+00 6.306684e-18
1.213467e+00 6.167100e-18
1.216265e+00 6.032367e-18
1.219070e+00 5.901729e-18
1.221881e+00 5.775032e-18
1.224699e+00 5.652126e-18
1.227523e+00 5.533337e-18
1.230354e+00 5.417980e-18
1.233191e+00 5.305941e-18
1.236035e+00 5.197111e-18
1.238885e+00 5.091796e-18
1.241742e+00 4.989425e-18
1.244605e+00 4.889893e-18
1.247475e+00 4.793097e-18
1.250352e+00 4.699293e-18
1.253235e+00 4.608022e-18
1.256125e+00 4.519202e-18
1.259022e+00 4.432753e-18
1.261925e+00 4.348915e-18
1.264835e+00 4.267261e-18
1.267752e+00 4.187724e-18
1.270676e+00 4.110234e-18
1.273606e+00 4.035015e-18
1.276543e+00 3.961710e-18
1.279486e+00 3.890263e-18
1.282437e+00 3.820612e-18
1.285394e+00 3.752914e-18
1.288358e+00 3.686775e-18
1.291329e+00 3.622089e-18
1.294307e+00 3.558862e-18
1.297292e+00 3.497514e-18
1.300283e+00 3.437567e-18
1.303282e+00 3.378910e-18
1.306287e+00 3.321431e-18
1.309300e+00 3.265036e-18
1.312319e+00 3.209555e-18
1.315345e+00 3.154982e-18
1.318378e+00 3.101305e-18
1.321418e+00 3.048615e-18
1.324466e+00 2.996799e-18
1.327520e+00 2.945783e-18
1.330581e+00 2.895491e-18
1.333649e+00 2.845904e-18
1.336725e+00 2.796902e-18
1.339807e+00 2.748418e-18
1.342897e+00 2.701022e-18
1.345994e+00 2.654738e-18
1.349098e+00 2.608967e-18
1.352209e+00 2.563631e-18
1.355327e+00 2.518646e-18
1.358452e+00 2.474037e-18
1.361585e+00 2.429587e-18
1.364725e+00 2.385195e-18
1.367872e+00 2.340751e-18
1.371026e+00 2.296231e-18
1.374188e+00 2.251405e-18
1.377356e+00 2.206145e-18
1.380533e+00 2.160317e-18
1.383716e+00 2.113867e-18
1.386907e+00 2.066571e-18
1.390105e+00 2.018293e-18
1.393311e+00 1.971726e-18
1.396524e+00 1.924754e-18
1.399744e+00 1.877028e-18
1.402972e+00 1.828490e-18
1.406207e+00 1.779096e-18
1.409450e+00 1.728868e-18
1.412700e+00 1.677739e-18
1.415958e+00 1.625722e-18
1.419223e+00 1.572854e-18
1.422496e+00 1.519232e-18
1.425776e+00 1.464904e-18
1.429064e+00 1.409985e-18
1.432359e+00 1.354615e-18
1.435662e+00 1.298982e-18
1.438973e+00 1.243239e-18
1.442291e+00 1.188449e-18
1.445617e+00 1.137174e-18
1.448951e+00 1.086448e-18
1.452292e+00 1.036401e-18
1.455641e+00 9.871813e-19
1.458998e+00 9.389294e-19
1.462362e+00 8.917866e-19
1.465735e+00 8.458604e-19
1.469115e+00 8.012561e-19
1.472502e+00 7.580642e-19
1.475898e+00 7.163648e-19
1.479301e+00 6.762107e-19
1.482713e+00 6.376452e-19
1.486132e+00 6.006968e-19
1.489559e+00 5.653819e-19
1.492994e+00 5.316980e-19
1.496437e+00 5.006145e-19
1.499888e+00 4.719613e-19
1.503346e+00 4.447003e-19
1.506813e+00 4.187971e-19
1.510288e+00 3.942149e-19
1.513770e+00 3.709134e-19
1.517261e+00 3.488504e-19
1.520760e+00 3.279796e-19
1.524267e+00 3.082542e-19
1.527782e+00 2.896268e-19
1.531305e+00 2.720498e-19
1.534836e+00 2.554752e-19
1.538375e+00 2.398556e-19
1.541923e+00 2.251442e-19
1.545479e+00 2.112954e-19
1.549043e+00 1.982647e-19
1.552615e+00 1.864854e-19
1.556195e+00 1.755012e-19
1.559784e+00 1.651451e-19
1.563380e+00 1.553835e-19
1.566986e+00 1.461852e-19
1.570599e+00 1.375194e-19
1.574221e+00 1.293572e-19
1.577851e+00 1.216717e-19
1.581490e+00 1.144357e-19
1.585137e+00 1.076240e-19
1.588792e+00 1.012129e-19
1.592456e+00 9.517931e-20
1.596128e+00 8.950152e-20
1.599809e+00 8.415926e-20
1.603498e+00 7.913344e-20
1.607195e+00 7.442130e-20
1.610902e+00 7.015308e-20
1.614616e+00 6.612820e-20
1.618340e+00 6.233276e-20
1.622072e+00 5.875376e-20
1.625812e+00 5.537941e-20
1.629561e+00 5.219849e-20
1.633319e+00 4.919968e-20
1.637085e+00 4.637298e-20
1.640861e+00 4.370833e-20
1.644644e+00 4.119651e-20
1.648437e+00 3.882885e-20
1.652238e+00 3.659728e-20
1.656048e+00 3.449402e-20
1.659867e+00 3.251152e-20
1.663695e+00 3.064278e-20
1.667531e+00 2.890388e-20
1.671377e+00 2.729956e-20
1.675231e+00 2.578443e-20
1.679094e+00 2.435317e-20
1.682966e+00 2.300148e-20
1.686847e+00 2.172430e-20
1.690737e+00 2.051800e-20
1.694636e+00 1.937950e-20
1.698544e+00 1.830462e-20
1.702460e+00 1.728952e-20
1.706386e+00 1.633091e-20
1.710321e+00 1.542611e-20
1.714265e+00 1.457220e-20
1.718218e+00 1.376597e-20
1.722181e+00 1.300474e-20
1.726152e+00 1.228579e-20
1.730132e+00 1.161934e-20
1.734122e+00 1.099585e-20
1.738121e+00 1.040702e-20
1.742129e+00 9.850383e-21
1.746147e+00 9.325369e-21
1.750173e+00 8.829245e-21
1.754209e+00 8.361335e-21
1.758254e+00 7.919433e-21
1.762309e+00 7.501986e-21
1.766373e+00 7.107889e-21
1.770446e+00 6.732051e-21
1.774529e+00 6.376472e-21
1.778621e+00 6.039866e-21
1.782722e+00 5.721546e-21
1.786833e+00 5.421224e-21
1.790954e+00 5.137483e-21
1.795084e+00 4.874126e-21
1.799223e+00 4.624658e-21
1.803372e+00 4.391448e-21
1.807531e+00 4.171660e-21
1.811699e+00 3.964164e-21
1.815877e+00 3.768199e-21
1.820064e+00 3.583830e-21
1.824261e+00 3.410043e-21
1.828468e+00 3.244519e-21
1.832684e+00 3.087885e-21
1.836911e+00 2.937410e-21
1.841147e+00 2.794538e-21
1.845392e+00 2.662064e-21
1.849648e+00 2.537406e-21
1.853913e+00 2.419871e-21
1.858188e+00 2.309605e-21
1.862473e+00 2.205078e-21
1.866768e+00 2.105996e-21
1.871073e+00 2.009876e-21
1.875388e+00 1.918527e-21
1.879712e+00 1.830973e-21
1.884047e+00 1.748350e-21
1.888391e+00 1.673237e-21
1.892746e+00 1.602914e-21
1.897111e+00 1.538882e-21
1.901486e+00 1.479062e-21
1.905870e+00 1.423719e-21
1.910265e+00 1.374302e-21
1.914670e+00 1.331609e-21
1.919086e+00 1.289308e-21
1.923511e+00 1.247463e-21
1.927947e+00 1.210622e-21
1.932393e+00 1.177736e-21
1.936849e+00 1.141566e-21
1.941315e+00 1.105904e-21
1.945792e+00 1.074591e-21
1.950279e+00 1.045454e-21
1.954776e+00 1.019318e-21
1.959284e+00 9.954337e-22
1.963802e+00 9.752391e-22
1.968331e+00 9.561551e-22
1.972870e+00 9.376902e-22
1.977419e+00 9.201256e-22
1.981979e+00 9.033978e-22
1.986549e+00 8.856817e-22
1.991130e+00 8.680499e-22
1.995722e+00 8.539451e-22
2.000324e+00 8.404006e-22
2.004937e+00 8.167452e-22
2.009560e+00 7.963287e-22
2.014194e+00 7.840679e-22
2.018839e+00 7.789632e-22
2.023495e+00 7.820963e-22
2.028161e+00 7.747777e-22
2.032838e+00 7.625738e-22
2.037525e+00 7.378697e-22
2.042224e+00 7.137355e-22
2.046933e+00 7.038093e-22
2.051654e+00 6.968314e-22
2.056385e+00 6.950944e-22
2.061127e+00 6.857378e-22
2.065880e+00 6.710310e-22
2.070644e+00 6.653918e-22
2.075419e+00 6.650201e-22
2.080205e+00 6.988592e-22
2.085001e+00 7.037818e-22
2.089810e+00 6.534447e-22
2.094629e+00 6.172059e-22
2.099459e+00 5.898335e-22
2.104300e+00 5.753866e-22
2.109153e+00 5.635229e-22
2.114016e+00 5.561197e-22
2.118891e+00 5.514878e-22
2.123778e+00 5.501618e-22
2.128675e+00 5.488453e-22
2.133584e+00 5.473121e-22
2.138504e+00 5.406791e-22
2.143435e+00 5.353370e-22
2.148378e+00 5.322766e-22
2.153332e+00 5.289533e-22
2.158298e+00 5.255188e-22
2.163275e+00 5.193319e-22
2.168263e+00 5.143595e-22
2.173263e+00 5.119897e-22
2.178275e+00 5.070475e-22
2.183298e+00 5.007404e-22
2.188333e+00 4.882749e-22
2.193379e+00 4.772017e-22
2.198437e+00 4.689406e-22
2.203507e+00 4.599971e-22
2.208588e+00 4.507635e-22
2.213681e+00 4.418624e-22
2.218786e+00 4.364179e-22
2.223902e+00 4.358675e-22
2.229031e+00 4.314489e-22
2.234171e+00 4.262967e-22
2.239323e+00 4.228090e-22
2.244487e+00 4.725071e-22
2.249663e+00 5.668009e-22
2.254850e+00 7.294540e-22
2.260050e+00 7.781031e-22
2.265262e+00 5.843788e-22
2.270485e+00 4.645094e-22
2.275721e+00 3.836121e-22
2.280969e+00 3.766196e-22
2.286229e+00 3.707019e-22
2.291501e+00 3.656644e-22
2.296785e+00 3.654691e-22
2.302082e+00 3.646590e-22
2.307390e+00 3.626486e-22
2.312711e+00 3.606417e-22
2.318044e+00 3.583548e-22
2.323390e+00 3.552607e-22
2.328747e+00 3.524263e-22
2.334117e+00 3.494719e-22
2.339500e+00 3.451642e-22
2.344895e+00 3.420865e-22
2.350302e+00 3.398009e-22
2.355722e+00 3.369109e-22
2.361154e+00 3.339948e-22
2.366599e+00 3.310540e-22
2.372057e+00 3.265078e-22
2.377527e+00 3.242870e-22
2.383009e+00 3.248122e-22
2.388504e+00 3.193690e-22
2.394012e+00 3.160227e-22
2.399533e+00 3.160259e-22
2.405066e+00 3.135099e-22
2.410612e+00 3.109515e-22
2.416171e+00 3.086684e-22
2.421743e+00 3.061089e-22
2.427327e+00 3.027876e-22
2.432925e+00 2.984356e-22
2.438535e+00 2.955306e-22
2.444159e+00 2.915081e-22
2.449795e+00 2.859331e-22
2.455444e+00 2.827686e-22
2.461106e+00 2.820512e-22
2.466782e+00 2.837474e-22
2.472470e+00 2.829024e-22
2.478172e+00 2.822949e-22
2.483886e+00 2.817113e-22
2.489614e+00 2.795722e-22
2.495355e+00 2.792634e-22
2.501110e+00 2.790787e-22
2.506877e+00 2.751218e-22
2.512658e+00 2.750768e-22
2.518452e+00 2.749485e-22
2.524260e+00 2.716544e-22
2.530081e+00 2.702382e-22
2.535915e+00 2.685698e-22
2.541763e+00 2.662865e-22
2.547624e+00 2.670581e-22
2.553499e+00 2.665445e-22
2.559388e+00 2.646313e-22
2.565289e+00 2.603119e-22
2.571205e+00 2.582869e-22
2.577134e+00 2.551768e-22
2.583077e+00 2.488856e-22
2.589034e+00 2.442028e-22
2.595004e+00 2.404872e-22
2.600988e+00 2.376283e-22
2.606986e+00 2.355223e-22
2.612998e+00 2.323233e-22
2.619023e+00 2.289523e-22
2.625063e+00 2.258120e-22
2.631116e+00 2.230164e-22
2.637184e+00 2.208148e-22
2.643265e+00 2.196622e-22
2.649360e+00 2.204961e-22
2.655470e+00 2.171803e-22
2.661593e+00 2.156138e-22
2.667731e+00 2.161018e-22
2.673883e+00 2.169887e-22
2.680049e+00 2.157934e-22
2.686229e+00 2.139498e-22
2.692424e+00 2.119514e-22
2.698632e+00 2.103663e-22
2.704855e+00 2.086939e-22
2.711093e+00 2.070696e-22
2.717345e+00 2.053612e-22
2.723611e+00 2.022011e-22
2.729891e+00 1.988187e-22
2.736187e+00 1.959259e-22
2.742496e+00 1.937044e-22
2.748821e+00 1.914974e-22
2.755159e+00 1.886081e-22
2.761513e+00 1.869207e-22
2.767881e+00 1.904034e-22
2.774264e+00 2.101153e-22
2.780661e+00 2.024914e-22
2.787073e+00 1.843440e-22
2.793500e+00 1.669995e-22
2.799942e+00 1.641664e-22
2.806399e+00 1.636354e-22
2.812870e+00 1.634962e-22
2.819357e+00 1.621952e-22
2.825858e+00 1.590914e-22
2.832375e+00 1.564277e-22
2.838906e+00 1.549893e-22
2.845453e+00 1.516719e-22
2.852014e+00 1.471833e-22
2.858591e+00 1.435628e-22
2.865183e+00 1.414196e-22
2.871790e+00 1.412790e-22
2.878413e+00 1.404595e-22
2.885050e+00 1.382938e-22
2.891703e+00 1.356947e-22
2.898372e+00 1.361777e-22
2.905055e+00 1.362061e-22
2.911754e+00 1.348409e-22
2.918469e+00 1.329288e-22
2.925199e+00 1.327735e-22
2.931944e+00 1.318291e-22
2.938705e+00 1.307440e-22
2.945482e+00 1.296782e-22
2.952274e+00 1.289538e-22
2.959082e+00 1.285402e-22
2.965906e+00 1.258349e-22
2.972745e+00 1.251434e-22
2.979601e+00 1.244379e-22
2.986472e+00 1.240473e-22
2.993358e+00 1.240624e-22
3.000261e+00 1.236250e-22
3.007180e+00 1.215829e-22
3.014114e+00 1.201461e-22
3.021065e+00 1.201423e-22
3.028031e+00 1.189018e-22
3.035014e+00 1.158624e-22
3.042013e+00 1.152915e-22
3.049028e+00 1.132562e-22
3.056059e+00 1.114349e-22
3.063106e+00 1.106121e-22
3.070170e+00 1.101580e-22
3.077250e+00 1.096030e-22
3.084346e+00 1.088716e-22
3.091458e+00 1.071712e-22
3.098587e+00 1.056277e-22
3.105733e+00 1.046112e-22
3.112894e+00 1.452307e-22
3.120073e+00 2.103576e-22
3.127268e+00 2.291108e-22
3.134479e+00 1.504666e-22
3.141707e+00 9.931675e-23
3.148952e+00 9.585356e-23
3.156214e+00 9.535945e-23
3.163492e+00 9.467364e-23
3.170787e+00 9.390538e-23
3.178099e+00 9.360189e-23
3.185427e+00 9.331355e-23
3.192773e+00 9.201870e-23
3.200136e+00 9.072102e-23
3.207515e+00 8.720053e-23
3.214912e+00 8.748074e-23
3.222325e+00 8.573861e-23
3.229756e+00 8.407844e-23
3.237204e+00 8.335213e-23
3.244669e+00 8.285324e-23
3.252151e+00 8.237551e-23
3.259651e+00 8.241926e-23
3.267167e+00 8.137842e-23
3.274702e+00 8.057336e-23
3.282253e+00 8.022200e-23
3.289822e+00 8.012022e-23
3.297408e+00 7.929603e-23
3.305012e+00 7.774173e-23
3.312634e+00 7.662895e-23
3.320272e+00 7.599285e-23
3.327929e+00 7.601352e-23
3.335603e+00 7.609384e-23
3.343295e+00 7.373678e-23
3.351005e+00 7.220342e-23
3.358732e+00 7.086280e-23
3.366478e+00 7.053158e-23
3.374241e+00 7.024407e-23
3.382022e+00 6.977621e-23
3.389821e+00 6.880296e-23
3.397638e+00 6.814466e-23
3.405473e+00 6.756218e-23
3.413326e+00 6.675804e-23
3.421197e+00 6.636419e-23
3.429086e+00 6.593185e-23
3.436994e+00 6.488931e-23
3.444919e+00 6.320681e-23
3.452863e+00 6.148939e-23
3.460826e+00 6.100327e-23
3.468806e+00 6.105450e-23
3.476805e+00 6.081725e-23
3.484823e+00 6.041817e-23
3.492859e+00 5.982189e-23
3.500914e+00 6.005207e-23
3.508987e+00 5.921178e-23
3.517078e+00 5.800401e-23
3.525189e+00 5.802855e-23
3.533318e+00 5.804092e-23
3.541466e+00 5.677057e-23
3.549633e+00 5.500719e-23
3.557818e+00 5.308059e-23
3.566022e+00 5.344313e-23
3.574246e+00 5.316978e-23
3.582488e+00 5.179234e-23
3.590749e+00 5.215852e-23
3.599029e+00 5.209219e-23
3.607329e+00 5.185447e-23
3.615647e+00 5.139010e-23
3.623985e+00 5.065165e-23
3.632342e+00 4.871995e-23
3.640718e+00 4.752537e-23
3.649114e+00 4.699976e-23
3.657529e+00 4.709417e-23
3.665963e+00 4.697351e-23
3.674417e+00 4.596956e-23
3.682890e+00 4.539512e-23
3.691383e+00 4.452350e-23
3.699895e+00 4.377792e-23
3.708427e+00 4.249804e-23
3.716979e+00 4.217163e-23
3.725550e+00 4.284473e-23
3.734141e+00 4.191456e-23
3.742752e+00 4.095002e-23
3.751383e+00 4.009038e-23
3.760034e+00 3.911867e-23
3.768704e+00 3.910023e-23
3.777395e+00 3.838674e-23
3.786106e+00 3.759928e-23
3.794836e+00 3.698787e-23
3.803587e+00 3.699411e-23
3.812358e+00 3.732201e-23
3.821150e+00 3.661651e-23
3.829961e+00 3.578932e-23
3.838793e+00 3.506530e-23
3.847646e+00 3.400304e-23
3.856518e+00 3.343198e-23
3.865411e+00 3.267372e-23
3.874325e+00 3.221239e-23
3.883259e+00 3.159917e-23
3.892214e+00 3.151307e-23
3.901190e+00 3.055622e-23
3.910186e+00 3.017096e-23
3.919203e+00 2.996890e-23
3.928240e+00 2.953232e-23
3.937299e+00 2.923749e-23
3.946378e+00 2.892873e-23
3.955479e+00 2.890280e-23
3.964600e+00 2.910310e-23
3.973743e+00 2.887611e-23
3.982906e+00 2.853507e-23
3.992091e+00 2.873846e-23
4.001296e+00 2.893761e-23
4.010524e+00 2.838327e-23
4.019772e+00 2.815911e-23
4.029041e+00 2.811467e-23
4.038332e+00 2.779123e-23
4.047645e+00 2.727144e-23
4.056979e+00 2.720383e-23
4.066334e+00 2.706184e-23
4.075711e+00 2.732649e-23
4.085110e+00 2.634866e-23
4.094530e+00 2.587461e-23
4.103972e+00 2.604435e-23
4.113436e+00 2.643480e-23
4.122922e+00 2.528424e-23
4.132429e+00 2.447797e-23
4.141958e+00 2.567858e-23
4.151510e+00 2.502051e-23
4.161083e+00 2.421844e-23
4.170679e+00 2.422316e-23
4.180296e+00 2.394515e-23
4.189936e+00 2.439690e-23
4.199598e+00 2.379019e-23
4.209282e+00 2.296892e-23
4.218989e+00 2.253247e-23
4.228718e+00 2.269200e-23
4.238470e+00 2.303689e-23
4.248244e+00 2.271383e-23
4.258040e+00 2.161298e-23
4.267859e+00 2.151458e-23
4.277701e+00 2.128236e-23
4.287565e+00 2.118322e-23
4.297452e+00 2.087211e-23
4.307362e+00 2.049722e-23
4.317295e+00 2.023965e-23
4.327251e+00 1.996816e-23
4.337230e+00 1.980595e-23
4.347231e+00 1.943049e-23
4.357256e+00 1.908812e-23
4.367304e+00 1.882939e-23
4.377375e+00 1.887204e-23
4.387469e+00 1.861560e-23
4.397587e+00 1.819518e-23
4.407728e+00 1.844396e-23
4.417892e+00 1.904712e-23
4.428079e+00 1.811383e-23
4.438291e+00 1.794670e-23
4.448525e+00 1.781209e-23
4.458784e+00 1.762534e-23
4.469066e+00 1.741385e-23
4.479371e+00 1.713232e-23
4.489701e+00 1.685995e-23
4.500054e+00 1.665435e-23
4.510431e+00 1.685343e-23
4.520832e+00 1.665184e-23
4.531257e+00 1.645524e-23
4.541707e+00 1.630928e-23
4.552180e+00 1.583161e-23
4.562677e+00 1.578815e-23
4.573199e+00 1.553840e-23
4.583745e+00 1.538167e-23
4.594315e+00 1.544275e-23
4.604909e+00 1.598717e-23
4.615528e+00 1.645757e-23
4.626172e+00 1.525562e-23
4.636840e+00 1.492789e-23
4.647532e+00 1.426995e-23
4.658249e+00 1.414455e-23
4.668991e+00 1.372861e-23
4.679758e+00 1.361480e-23
4.690550e+00 1.349000e-23
4.701366e+00 1.337121e-23
4.712208e+00 1.349305e-23
4.723074e+00 1.328034e-23
4.733965e+00 1.304250e-23
4.744882e+00 1.290288e-23
4.755824e+00 1.282036e-23
4.766791e+00 1.296160e-23
4.777783e+00 1.284358e-23
4.788800e+00 1.266432e-23
4.799843e+00 1.276385e-23
4.810912e+00 1.238683e-23
4.822006e+00 1.232844e-23
4.833126e+00 1.206484e-23
4.844271e+00 1.208778e-23
4.855442e+00 1.196153e-23
4.866638e+00 1.193713e-23
4.877861e+00 1.173554e-23
4.889109e+00 1.171182e-23
4.900384e+00 1.188812e-23
4.911684e+00 1.178866e-23
4.923010e+00 1.143093e-23
4.934363e+00 1.139156e-23
4.945741e+00 1.118870e-23
4.957146e+00 1.135841e-23
4.968578e+00 1.121384e-23
4.980035e+00 1.129515e-23
4.991519e+00 1.360907e-23
5.003030e+00 1.652977e-23
5.014567e+00 1.199310e-23
5.026130e+00 1.132741e-23
5.037721e+00 1.103519e-23
5.049338e+00 1.112786e-23
5.060981e+00 1.112909e-23
5.072652e+00 1.103222e-23
5.084350e+00 1.097999e-23
5.096074e+00 1.072561e-23
5.107826e+00 1.069968e-23
5.119605e+00 1.129439e-23
5.131410e+00 1.106595e-23
5.143243e+00 1.058921e-23
5.155104e+00 1.056116e-23
5.166991e+00 1.035600e-23
5.178907e+00 1.016930e-23
5.190849e+00 1.003014e-23
5.202819e+00 9.995867e-24
5.214817e+00 9.941822e-24
5.226842e+00 1.042051e-23
5.238896e+00 1.003949e-23
5.250977e+00 1.026174e-23
5.263085e+00 1.020882e-23
5.275222e+00 9.894572e-24
5.287387e+00 9.586496e-24
5.299580e+00 9.543571e-24
5.311800e+00 9.677664e-24
5.324049e+00 9.548035e-24
5.336327e+00 9.423583e-24
5.348632e+00 1.009466e-23
5.360966e+00 9.645599e-24
5.373329e+00 9.471090e-24
5.385720e+00 9.381296e-24
5.398139e+00 9.435591e-24
5.410587e+00 9.133990e-24
5.423064e+00 9.098996e-24
5.435570e+00 8.936619e-24
5.448104e+00 9.144930e-24
5.460668e+00 9.250467e-24
5.473260e+00 8.874828e-24
5.485881e+00 8.998974e-24
5.498532e+00 9.235504e-24
5.511212e+00 9.004155e-24
5.523920e+00 8.574366e-24
5.536659e+00 8.545939e-24
5.549426e+00 1.006354e-23
5.562223e+00 9.695856e-24
5.575050e+00 8.297303e-24
5.587906e+00 8.229659e-24
5.600792e+00 8.147235e-24
5.613707e+00 8.153196e-24
5.626652e+00 8.305147e-24
5.639627e+00 7.963557e-24
5.652632e+00 8.006801e-24
5.665668e+00 8.305644e-24
5.678733e+00 9.041017e-24
5.691828e+00 8.924853e-24
5.704953e+00 8.092608e-24
5.718109e+00 8.210289e-24
5.731295e+00 7.941939e-24
5.744511e+00 7.678031e-24
5.757758e+00 7.781520e-24
5.771036e+00 7.767182e-24
5.784344e+00 8.116673e-24
5.797682e+00 7.920109e-24
5.811052e+00 7.478295e-24
5.824452e+00 7.340757e-24
5.837883e+00 7.069705e-24
5.851346e+00 6.981233e-24
5.864839e+00 6.936953e-24
5.878363e+00 6.841610e-24
5.891919e+00 6.739041e-24
5.905506e+00 6.763362e-24
5.919124e+00 6.693954e-24
5.932773e+00 6.608295e-24
5.946454e+00 6.568668e-24
5.960167e+00 6.464739e-24
5.973911e+00 6.791598e-24
5.987687e+00 6.642108e-24
6.001495e+00 6.603591e-24
6.015334e+00 6.582389e-24
6.029206e+00 6.362257e-24
6.043109e+00 6.105268e-24
6.057044e+00 6.065868e-24
6.071012e+00 6.048057e-24
6.085012e+00 6.090489e-24
6.099044e+00 6.159499e-24
6.113108e+00 6.056648e-24
6.127205e+00 5.842655e-24
6.141335e+00 5.908594e-24
6.155496e+00 7.867627e-24
6.169691e+00 8.613444e-24
6.183918e+00 8.816591e-24
6.198179e+00 6.531902e-24
6.212472e+00 6.430277e-24
6.226798e+00 5.899393e-24
6.241157e+00 5.683912e-24
6.255549e+00 5.609961e-24
6.269974e+00 5.275746e-24
6.284433e+00 5.426403e-24
6.298925e+00 5.165695e-24
6.313450e+00 5.006672e-24
6.328009e+00 5.118044e-24
6.342601e+00 4.959739e-24
6.357228e+00 4.925717e-24
6.371887e+00 4.825479e-24
6.386581e+00 4.758859e-24
6.401308e+00 4.723990e-24
6.416070e+00 4.670925e-24
6.430865e+00 4.692848e-24
6.445695e+00 4.695731e-24
6.460559e+00 4.646182e-24
6.475457e+00 4.552521e-24
6.490389e+00 4.506484e-24
6.505356e+00 4.515160e-24
6.520358e+00 4.389938e-24
6.535394e+00 4.421949e-24
6.550464e+00 4.394539e-24
6.565570e+00 4.320060e-24
6.580710e+00 4.369516e-24
6.595885e+00 4.400378e-24
6.611095e+00 4.249572e-24
6.626341e+00 4.288156e-24
6.641621e+00 4.303143e-24
6.656937e+00 4.169652e-24
6.672288e+00 4.235632e-24
6.687674e+00 4.120660e-24
6.703096e+00 4.044283e-24
6.718553e+00 4.019690e-24
6.734046e+00 3.947977e-24
6.749575e+00 3.933800e-24
6.765140e+00 3.900777e-24
6.780740e+00 3.860031e-24
6.796376e+00 3.827780e-24
6.812049e+00 3.790534e-24
6.827758e+00 3.774447e-24
6.843502e+00 3.719940e-24
6.859284e+00 3.749224e-24
6.875101e+00 3.682451e-24
6.890955e+00 3.656818e-24
6.906846e+00 3.657208e-24
6.922773e+00 3.631684e-24
6.938737e+00 3.583483e-24
6.954738e+00 3.513074e-24
6.970775e+00 3.513187e-24
6.986850e+00 3.517531e-24
7.002962e+00 3.528262e-24
7.019111e+00 3.479424e-24
7.035297e+00 3.441682e-24
7.051520e+00 3.458928e-24
7.067781e+00 3.440706e-24
7.084080e+00 3.435689e-24
7.100415e+00 5.249389e-24
7.116789e+00 4.547278e-24
7.133200e+00 4.560125e-24
7.149650e+00 5.528466e-24
7.166137e+00 3.388434e-24
7.182662e+00 3.296792e-24
7.199225e+00 3.265513e-24
7.215827e+00 3.340556e-24
7.232466e+00 3.218657e-24
7.249145e+00 3.238415e-24
7.265861e+00 3.240665e-24
7.282616e+00 3.106122e-24
7.299410e+00 3.106057e-24
7.316243e+00 3.104899e-24
7.333114e+00 3.066216e-24
7.350024e+00 3.147999e-24
7.366973e+00 3.367552e-24
7.383962e+00 3.825476e-24
7.400989e+00 3.003036e-24
7.418056e+00 2.978091e-24
7.435162e+00 3.193555e-24
7.452307e+00 2.968268e-24
7.469493e+00 3.083747e-24
7.486717e+00 3.161754e-24
7.503982e+00 2.983265e-24
7.521286e+00 2.866267e-24
7.538630e+00 2.828135e-24
7.556014e+00 2.832283e-24
7.573438e+00 2.791831e-24
7.590903e+00 2.755743e-24
7.608407e+00 2.790978e-24
7.625953e+00 2.752350e-24
7.643538e+00 2.740208e-24
7.661164e+00 2.724725e-24
7.678831e+00 2.714061e-24
7.696538e+00 2.645971e-24
7.714287e+00 2.636755e-24
7.732076e+00 2.627183e-24
7.749906e+00 2.641001e-24
7.767777e+00 2.671329e-24
7.785690e+00 2.631247e-24
7.803644e+00 2.636499e-24
7.821639e+00 2.634223e-24
7.839676e+00 2.549792e-24
7.857754e+00 2.513148e-24
7.875874e+00 2.506468e-24
7.894036e+00 2.522560e-24
7.912240e+00 2.465646e-24
7.930485e+00 2.437162e-24
7.948773e+00 2.477468e-24
7.967103e+00 2.441265e-24
7.985475e+00 2.463206e-24
8.003890e+00 2.594769e-24
8.022347e+00 2.453627e-24
8.040846e+00 2.503150e-24
8.059389e+00 2.633294e-24
8.077974e+00 2.439422e-24
8.096602e+00 2.593681e-24
8.115272e+00 2.376629e-24
8.133986e+00 2.555022e-24
8.152743e+00 2.632770e-24
8.171544e+00 2.702059e-24
8.190387e+00 2.173587e-24
8.209274e+00 2.180454e-24
8.228205e+00 2.231932e-24
8.247179e+00 2.163207e-24
8.266197e+00 2.408112e-24
8.285259e+00 2.305528e-24
8.304365e+00 2.276696e-24
8.323515e+00 4.137756e-24
8.342709e+00 2.220633e-24
8.361947e+00 2.130305e-24
8.381230e+00 2.188637e-24
8.400557e+00 2.252758e-24
8.419929e+00 1.974602e-24
8.439346e+00 1.923409e-24
8.458807e+00 1.923326e-24
8.478313e+00 1.925703e-24
8.497864e+00 1.952164e-24
8.517460e+00 1.887155e-24
8.537101e+00 1.892941e-24
8.556788e+00 1.892486e-24
8.576520e+00 1.892723e-24
8.596298e+00 1.868761e-24
8.616121e+00 1.845874e-24
8.635989e+00 1.845142e-24
8.655904e+00 1.834993e-24
8.675865e+00 1.829805e-24
8.695871e+00 1.822983e-24
8.715924e+00 1.814073e-24
8.736023e+00 1.816560e-24
8.756168e+00 1.816328e-24
8.776360e+00 1.800524e-24
8.796599e+00 1.787132e-24
8.816884e+00 1.792730e-24
8.837215e+00 1.735178e-24
8.857594e+00 1.720879e-24
8.878020e+00 1.710594e-24
8.898493e+00 1.699332e-24
8.919012e+00 1.687434e-24
8.939580e+00 1.686817e-24
8.960195e+00 1.711360e-24
8.980857e+00 1.765229e-24
9.001567e+00 1.655910e-24
9.022324e+00 1.636228e-24
9.043130e+00 1.633263e-24
9.063984e+00 1.621816e-24
9.084885e+00 1.596514e-24
9.105835e+00 1.586883e-24
9.126833e+00 1.588874e-24
9.147880e+00 1.632472e-24
9.168975e+00 1.582763e-24
9.190118e+00 1.586699e-24
9.211311e+00 1.645259e-24
9.232552e+00 1.848407e-24
9.253843e+00 1.564868e-24
9.275182e+00 1.544514e-24
9.296571e+00 1.555429e-24
9.318009e+00 1.554552e-24
9.339496e+00 1.521042e-24
9.361033e+00 1.532705e-24
9.382620e+00 1.530873e-24
9.404256e+00 1.497421e-24
9.425942e+00 1.494496e-24
9.447679e+00 1.482658e-24
9.469465e+00 1.489034e-24
9.491302e+00 1.473354e-24
9.513189e+00 1.502412e-24
9.535126e+00 1.483461e-24
9.557114e+00 1.456156e-24
9.579153e+00 1.452154e-24
9.601243e+00 1.448356e-24
9.623383e+00 1.429508e-24
9.645575e+00 1.427741e-24
9.667817e+00 1.417482e-24
9.690112e+00 1.417114e-24
9.712457e+00 1.415127e-24
9.734854e+00 1.408422e-24
9.757303e+00 1.414385e-24
9.779803e+00 1.424537e-24
9.802355e+00 1.396361e-24
9.824960e+00 1.432948e-24
9.847616e+00 1.442478e-24
9.870325e+00 1.489895e-24
9.893086e+00 1.583297e-24
9.915899e+00 2.015737e-24
9.938766e+00 1.528261e-24
9.961684e+00 1.443954e-24
9.984656e+00 1.399535e-24
1.000768e+01 1.402952e-24
1.003076e+01 1.360967e-24
1.005389e+01 1.356839e-24
1.007707e+01 1.355981e-24
1.010031e+01 1.352576e-24
1.012360e+01 1.347487e-24
1.014695e+01 1.335467e-24
1.017035e+01 1.335862e-24
1.019380e+01 1.338826e-24
1.021731e+01 1.314282e-24
1.024087e+01 1.318069e-24
1.026448e+01 1.301929e-24
1.028815e+01 1.298886e-24
1.031188e+01 1.310430e-24
1.033566e+01 1.290616e-24
1.035949e+01 1.285059e-24
1.038338e+01 1.288312e-24
1.040732e+01 1.275421e-24
1.043132e+01 1.267797e-24
1.045538e+01 1.265516e-24
1.047949e+01 1.253394e-24
1.050365e+01 1.250325e-24
1.052788e+01 1.242399e-24
1.055215e+01 1.235742e-24
1.057649e+01 1.234639e-24
1.060088e+01 1.230430e-24
1.062532e+01 1.227879e-24
1.064982e+01 1.228072e-24
1.067438e+01 1.220795e-24
1.069900e+01 1.218584e-24
1.072367e+01 1.238738e-24
1.074840e+01 1.212117e-24
1.077318e+01 1.232034e-24
1.079803e+01 1.199744e-24
1.082293e+01 1.194493e-24
1.084789e+01 1.192724e-24
1.087290e+01 1.189257e-24
1.089797e+01 1.185629e-24
1.092311e+01 1.184425e-24
1.094829e+01 1.186992e-24
1.097354e+01 1.179656e-24
1.099885e+01 1.181819e-24
1.102421e+01 1.178985e-24
1.104963e+01 1.172523e-24
1.107511e+01 1.167277e-24
1.110065e+01 1.169988e-24
1.112625e+01 1.166517e-24
1.115191e+01 1.176736e-24
1.117762e+01 1.159381e-24
1.120340e+01 1.157203e-24
1.122923e+01 1.157421e-24
1.125513e+01 1.154615e-24
1.128108e+01 1.149634e-24
1.130710e+01 1.146364e-24
1.133317e+01 1.146752e-24
1.135931e+01 1.148150e-24
1.138550e+01 1.145666e-24
1.141176e+01 1.142189e-24
1.143807e+01 1.144927e-24
1.146445e+01 1.138240e-24
1.149088e+01 1.136569e-24
1.151738e+01 1.132748e-24
1.154394e+01 1.160999e-24
1.157056e+01 1.136335e-24
1.159724e+01 1.130338e-24
1.162399e+01 1.127601e-24
1.165079e+01 1.126820e-24
1.167766e+01 1.124096e-24
1.170459e+01 1.122333e-24
1.173158e+01 1.120170e-24
1.175863e+01 1.119415e-24
1.178575e+01 1.116981e-24
1.181293e+01 1.113922e-24
1.184017e+01 1.111683e-24
1.186747e+01 1.110647e-24
1.189484e+01 1.109181e-24
1.192227e+01 1.107220e-24
1.194976e+01 1.104774e-24
1.197731e+01 1.103996e-24
1.200493e+01 1.105625e-24
1.203262e+01 1.099935e-24
1.206037e+01 1.098022e-24
1.208818e+01 1.095911e-24
1.211605e+01 1.095000e-24
1.214399e+01 1.092838e-24
1.217200e+01 1.091590e-24
1.220006e+01 1.090676e-24
1.222820e+01 1.089256e-24
1.225640e+01 1.088510e-24
1.228466e+01 1.087677e-24
1.231299e+01 1.090943e-24
1.234138e+01 1.088744e-24
1.236984e+01 1.082984e-24
1.239837e+01 1.086645e-24
1.242696e+01 1.095917e-24
1.245561e+01 1.083665e-24
1.248434e+01 1.081200e-24
1.251313e+01 1.081204e-24
1.254198e+01 1.072683e-24
1.257090e+01 1.071459e-24
1.259989e+01 1.069438e-24
1.262895e+01 1.067331e-24
1.265807e+01 1.065773e-24
1.268726e+01 1.064388e-24
1.271652e+01 1.063141e-24
1.274584e+01 1.062266e-24
1.277523e+01 1.059860e-24
1.280469e+01 1.058762e-24
1.283422e+01 1.057239e-24
1.286382e+01 1.055955e-24
1.289348e+01 1.053910e-24
1.292321e+01 1.052744e-24
1.295301e+01 1.051476e-24
1.298288e+01 1.049624e-24
1.301282e+01 1.048333e-24
1.304283e+01 1.046389e-24
1.307291e+01 1.044855e-24
1.310305e+01 1.043961e-24
1.313327e+01 1.044291e-24
1.316355e+01 1.042553e-24
1.319391e+01 1.039782e-24
1.322433e+01 1.038482e-24
1.325483e+01 1.036958e-24
1.328539e+01 1.036193e-24
1.331603e+01 1.033045e-24
1.334674e+01 1.032891e-24
1.337752e+01 1.031289e-24
1.340836e+01 1.028306e-24
1.343928e+01 1.027140e-24
1.347027e+01 1.024888e-24
1.350134e+01 1.023515e-24
1.353247e+01 1.022214e-24
1.356368e+01 1.020629e-24
1.359496e+01 1.019153e-24
1.362631e+01 1.017653e-24
1.365773e+01 1.016404e-24
1.368922e+01 1.014165e-24
1.372079e+01 1.012720e-24
1.375243e+01 1.010934e-24
1.378414e+01 1.010080e-24
1.381593e+01 1.008573e-24
1.384779e+01 1.007278e-24
1.387972e+01 1.005447e-24
1.391173e+01 1.003553e-24
1.394381e+01 1.002147e-24
1.397596e+01 1.000546e-24
1.400819e+01 9.989760e-25
1.404050e+01 9.972169e-25
1.407287e+01 9.956580e-25
1.410533e+01 9.938980e-25
1.413785e+01 9.921147e-25
1.417045e+01 9.905951e-25
1.420313e+01 9.897506e-25
1.423588e+01 9.871469e-25
1.426871e+01 9.856211e-25
1.430162e+01 9.837622e-25
1.433460e+01 9.822927e-25
1.436765e+01 9.806475e-25
1.440078e+01 9.789111e-25
1.443399e+01 9.772485e-25
1.446728e+01 9.755131e-25
1.450064e+01 9.740037e-25
1.453408e+01 9.724099e-25
1.456759e+01 9.708972e-25
1.460119e+01 9.694253e-25
1.463486e+01 9.676833e-25
1.466860e+01 9.656981e-25
1.470243e+01 9.646189e-25
1.473633e+01 9.626569e-25
1.477032e+01 9.612065e-25
1.480438e+01 9.597573e-25
1.483852e+01 9.583736e-25
1.487273e+01 9.562274e-25
1.490703e+01 9.545980e-25
1.494141e+01 9.529534e-25
1.497586e+01 9.513792e-25
1.501040e+01 9.503061e-25
1.504501e+01 9.484751e-25
1.507970e+01 9.469834e-25
1.511448e+01 9.446815e-25
1.514933e+01 9.427460e-25
1.518427e+01 9.408964e-25
1.521928e+01 9.393068e-25
1.525438e+01 9.376900e-25
1.528955e+01 9.362963e-25
1.532481e+01 9.344561e-25
1.536015e+01 9.325634e-25
1.539557e+01 9.308990e-25
1.543107e+01 9.292189e-25
1.546666e+01 9.277089e-25
1.550232e+01 9.258048e-25
1.553807e+01 9.241444e-25
1.557390e+01 9.225395e-25
1.560982e+01 9.208449e-25
1.564581e+01 9.192057e-25
1.568189e+01 9.176167e-25
1.571805e+01 9.159544e-25
1.575430e+01 9.143675e-25
1.579063e+01 9.129037e-25
1.582704e+01 9.115856e-25
1.586354e+01 9.105139e-25
1.590012e+01 9.081625e-25
1.593679e+01 9.064513e-25
1.597354e+01 9.048632e-25
1.601037e+01 9.037481e-25
1.604729e+01 9.018499e-25
1.608430e+01 9.003027e-25
1.612139e+01 8.986173e-25
1.615857e+01 8.970839e-25
1.619583e+01 8.955452e-25
1.623317e+01 8.939069e-25
1.627061e+01 8.923330e-25
1.630813e+01 8.907670e-25
1.634574e+01 8.893470e-25
1.638343e+01 8.877847e-25
1.642121e+01 8.862884e-25
1.645908e+01 8.849851e-25
1.649703e+01 8.837960e-25
1.653507e+01 8.828936e-25
1.657320e+01 8.824901e-25
1.661142e+01 8.814919e-25
1.664973e+01 8.792706e-25
1.668812e+01 8.760272e-25
1.672661e+01 8.752059e-25
1.676518e+01 8.730619e-25
1.680384e+01 8.716789e-25
1.684259e+01 8.703089e-25
1.688143e+01 8.688100e-25
1.692035e+01 8.673791e-25
1.695937e+01 8.659095e-25
1.699848e+01 8.645322e-25
1.703768e+01 8.631691e-25
1.707697e+01 8.617498e-25
1.711635e+01 8.603885e-25
1.715582e+01 8.590025e-25
1.719538e+01 8.577109e-25
1.723503e+01 8.565028e-25
1.727478e+01 8.551452e-25
1.731461e+01 8.538083e-25
1.735454e+01 8.525435e-25
1.739456e+01 8.512815e-25
1.743467e+01 8.499669e-25
1.747488e+01 8.487125e-25
1.751517e+01 8.474878e-25
1.755556e+01 8.462728e-25
1.759605e+01 8.451347e-25
1.763662e+01 8.439890e-25
1.767729e+01 8.427793e-25
1.771806e+01 8.416724e-25
1.775892e+01 8.404974e-25
1.779987e+01 8.393227e-25
1.784092e+01 8.381752e-25
1.788206e+01 8.370990e-25
1.792329e+01 8.362988e-25
1.796462e+01 8.350390e-25
1.800605e+01 8.338966e-25
1.804757e+01 8.328528e-25
1.808919e+01 8.318922e-25
1.813090e+01 8.308602e-25
1.817271e+01 8.298783e-25
1.821462e+01 8.289025e-25
1.825662e+01 8.279540e-25
1.829872e+01 8.270052e-25
1.834092e+01 8.261137e-25
1.838322e+01 8.252023e-25
1.842561e+01 8.242920e-25
1.846810e+01 8.233940e-25
1.851068e+01 8.225141e-25
1.855337e+01 8.217164e-25
1.859615e+01 8.208097e-25
1.863904e+01 8.200158e-25
1.868202e+01 8.192267e-25
1.872510e+01 8.184174e-25
1.876828e+01 8.176530e-25
1.881156e+01 8.169185e-25
1.885494e+01 8.161931e-25
1.889842e+01 8.154827e-25
1.894200e+01 8.147878e-25
1.898568e+01 8.141186e-25
1.902946e+01 8.134469e-25
1.907334e+01 8.127956e-25
1.911733e+01 8.121607e-25
1.916141e+01 8.115728e-25
1.920560e+01 8.109536e-25
1.924989e+01 8.103752e-25
1.929428e+01 8.098089e-25
1.933877e+01 8.092505e-25
1.938336e+01 8.087269e-25
1.942806e+01 8.082149e-25
1.947286e+01 8.076955e-25
1.951777e+01 8.072121e-25
1.956278e+01 8.067412e-25
1.960789e+01 8.062952e-25
1.965310e+01 8.058548e-25
1.969842e+01 8.054386e-25
1.974385e+01 8.050282e-25
1.978938e+01 8.047384e-25
1.983501e+01 8.043081e-25
1.988075e+01 8.039597e-25
1.992660e+01 8.036028e-25
1.997255e+01 8.032673e-25
2.001861e+01 8.029572e-25
2.006477e+01 8.026390e-25
2.011104e+01 8.023547e-25
2.015741e+01 8.020919e-25
2.020390e+01 8.018449e-25
2.025049e+01 8.016053e-25
2.029719e+01 8.013940e-25
2.034399e+01 8.011965e-25
2.039090e+01 8.009858e-25
2.043793e+01 8.008199e-25
2.048506e+01 8.006434e-25
2.053229e+01 8.005069e-25
2.057964e+01 8.003700e-25
2.062710e+01 8.002804e-25
2.067466e+01 8.001289e-25
2.072234e+01 8.000208e-25
2.077013e+01 7.999188e-25
2.081802e+01 7.998424e-25
2.086603e+01 7.997877e-25
2.091415e+01 7.997173e-25
2.096237e+01 7.996900e-25
2.101071e+01 7.996286e-25
2.105916e+01 7.995895e-25
2.110773e+01 7.995722e-25
2.115640e+01 7.995650e-25
2.120519e+01 7.995665e-25
2.125409e+01 7.995758e-25
2.130310e+01 7.995904e-25
2.135223e+01 7.996165e-25
2.140146e+01 7.996455e-25
2.145082e+01 7.996777e-25
2.150028e+01 7.997289e-25
2.154986e+01 7.997709e-25
2.159956e+01 7.998169e-25
2.164936e+01 7.998803e-25
2.169929e+01 7.999401e-25
2.174933e+01 8.000056e-25
2.179948e+01 8.000710e-25
2.184975e+01 8.001485e-25
2.190014e+01 8.002219e-25
2.195064e+01 8.002996e-25
2.200126e+01 8.003888e-25
2.205199e+01 8.004604e-25
2.210284e+01 8.005330e-25
2.215381e+01 8.006143e-25
2.220490e+01 8.006887e-25
2.225610e+01 8.007621e-25
2.230743e+01 8.008417e-25
2.235887e+01 8.008989e-25
2.241043e+01 8.009613e-25
2.246211e+01 8.010249e-25
2.251390e+01 8.010828e-25
2.256582e+01 8.011669e-25
2.261786e+01 8.011757e-25
2.267002e+01 8.012209e-25
2.272229e+01 8.012500e-25
2.277469e+01 8.012793e-25
2.282721e+01 8.012975e-25
2.287985e+01 8.013055e-25
2.293261e+01 8.013029e-25
2.298549e+01 8.012921e-25
2.303850e+01 8.012735e-25
2.309162e+01 8.012532e-25
2.314487e+01 8.012077e-25
2.319825e+01 8.011699e-25
2.325174e+01 8.011129e-25
2.330536e+01 8.010628e-25
2.335910e+01 8.009496e-25
2.341297e+01 8.008519e-25
2.346696e+01 8.007538e-25
2.352107e+01 8.006271e-25
2.357531e+01 8.004897e-25
2.362968e+01 8.003389e-25
2.368417e+01 8.001731e-25
2.373878e+01 7.999963e-25
2.379353e+01 7.998006e-25
2.384839e+01 7.995942e-25
2.390339e+01 7.993724e-25
2.395851e+01 7.991424e-25
2.401376e+01 7.988938e-25
2.406914e+01 7.986223e-25
2.412464e+01 7.983335e-25
2.418027e+01 7.980399e-25
2.423603e+01 7.977309e-25
2.429192e+01 7.973949e-25
2.434794e+01 7.970457e-25
2.440408e+01 7.966788e-25
2.446036e+01 7.962996e-25
2.451676e+01 7.959010e-25
2.457330e+01 7.954901e-25
2.462997e+01 7.950661e-25
2.468676e+01 7.946208e-25
2.474369e+01 7.941570e-25
2.480075e+01 7.936851e-25
2.485794e+01 7.932001e-25
2.491526e+01 7.926867e-25
2.497272e+01 7.921783e-25
2.503031e+01 7.916126e-25
2.508803e+01 7.910367e-25
2.514588e+01 7.904531e-25
2.520387e+01 7.898578e-25
2.526199e+01 7.892485e-25
2.532024e+01 7.886208e-25
2.537863e+01 7.879796e-25
2.543715e+01 7.873232e-25
2.549581e+01 7.866514e-25
2.555460e+01 7.859633e-25
2.561353e+01 7.852619e-25
2.567260e+01 7.845477e-25
2.573180e+01 7.838133e-25
2.579114e+01 7.830675e-25
2.585061e+01 7.823040e-25
2.591022e+01 7.815270e-25
2.596997e+01 7.807365e-25
2.602986e+01 7.799345e-25
2.608988e+01 7.791161e-25
2.615005e+01 7.782862e-25
2.621035e+01 7.774442e-25
2.627079e+01 7.765885e-25
2.633137e+01 7.757203e-25
2.639209e+01 7.748429e-25
2.645295e+01 7.739499e-25
2.651395e+01 7.730474e-25
2.657509e+01 7.721275e-25
2.663638e+01 7.711979e-25
2.669780e+01 7.702585e-25
2.675937e+01 7.693082e-25
2.682107e+01 7.683474e-25
2.688292e+01 7.673727e-25
2.694492e+01 7.663906e-25
2.700705e+01 7.654013e-25
2.706933e+01 7.644012e-25
2.713175e+01 7.633898e-25
2.719432e+01 7.623716e-25
2.725703e+01 7.613411e-25
2.731988e+01 7.603047e-25
2.738288e+01 7.592567e-25
2.744603e+01 7.582038e-25
2.750932e+01 7.571398e-25
2.757275e+01 7.560712e-25
2.763634e+01 7.549917e-25
2.770007e+01 7.539075e-25
2.776394e+01 7.528171e-25
2.782797e+01 7.517199e-25
2.789214e+01 7.506172e-25
2.795646e+01 7.495073e-25
2.802093e+01 7.483892e-25
2.808554e+01 7.472631e-25
2.815031e+01 7.461346e-25
2.821522e+01 7.449992e-25
2.828029e+01 7.438617e-25
2.834550e+01 7.427181e-25
2.841087e+01 7.415690e-25
2.847638e+01 7.404153e-25
2.854205e+01 7.392605e-25
2.860787e+01 7.380999e-25
2.867384e+01 7.369351e-25
2.873996e+01 7.357660e-25
2.880623e+01 7.345929e-25
2.887266e+01 7.334154e-25
2.893924e+01 7.322385e-25
2.900598e+01 7.310565e-25
2.907286e+01 7.298736e-25
2.913991e+01 7.286867e-25
2.920710e+01 7.274972e-25
2.927446e+01 7.263064e-25
2.934196e+01 7.251167e-25
2.940963e+01 7.239200e-25
2.947744e+01 7.227245e-25
2.954542e+01 7.215262e-25
2.961355e+01 7.203260e-25
2.968184e+01 7.191256e-25
2.975029e+01 7.179232e-25
2.981889e+01 7.167206e-25
2.988765e+01 7.155184e-25
2.995658e+01 7.143158e-25
3.002566e+01 7.131156e-25
3.009489e+01 7.119070e-25
3.016429e+01 7.107023e-25
3.023385e+01 7.094981e-25
3.030357e+01 7.082927e-25
3.037345e+01 7.070879e-25
3.044349e+01 7.058839e-25
3.051370e+01 7.046817e-25
3.058406e+01 7.034788e-25
3.065459e+01 7.022757e-25
3.072528e+01 7.010745e-25
3.079613e+01 6.998746e-25
3.086715e+01 6.986755e-25
3.093833e+01 6.974775e-25
3.100967e+01 6.962792e-25
3.108118e+01 6.950838e-25
3.115285e+01 6.938886e-25
3.122469e+01 6.926960e-25
3.129670e+01 6.915052e-25
3.136887e+01 6.903167e-25
3.144120e+01 6.891285e-25
3.151371e+01 6.879422e-25
3.158638e+01 6.867584e-25
3.165922e+01 6.855803e-25
3.173222e+01 6.844007e-25
3.180540e+01 6.832219e-25
3.187874e+01 6.820426e-25
3.195225e+01 6.808688e-25
3.202594e+01 6.796993e-25
3.209979e+01 6.785333e-25
3.217381e+01 6.773713e-25
3.224800e+01 6.762060e-25
3.232237e+01 6.750444e-25
3.239690e+01 6.738857e-25
3.247161e+01 6.727296e-25
3.254649e+01 6.715765e-25
3.262154e+01 6.704269e-25
3.269677e+01 6.692800e-25
3.277217e+01 6.681363e-25
3.284774e+01 6.669954e-25
3.292349e+01 6.658585e-25
3.299941e+01 6.647245e-25
3.307551e+01 6.635937e-25
3.315178e+01 6.624653e-25
3.322823e+01 6.613396e-25
3.330485e+01 6.602182e-25
3.338165e+01 6.590986e-25
3.345863e+01 6.579830e-25
3.353579e+01 6.568717e-25
3.361312e+01 6.557639e-25
3.369063e+01 6.546582e-25
3.376832e+01 6.535573e-25
3.384619e+01 6.524592e-25
3.392424e+01 6.513638e-25
3.400247e+01 6.502726e-25
3.408088e+01 6.491847e-25
3.415947e+01 6.480998e-25
3.423825e+01 6.470192e-25
3.431720e+01 6.459427e-25
3.439634e+01 6.448689e-25
3.447565e+01 6.437991e-25
3.455515e+01 6.427329e-25
3.463484e+01 6.416703e-25
3.471471e+01 6.406110e-25
3.479476e+01 6.395560e-25
3.487500e+01 6.385047e-25
3.495542e+01 6.374563e-25
3.503603e+01 6.364124e-25
3.511682e+01 6.353722e-25
3.519780e+01 6.343360e-25
3.527897e+01 6.333038e-25
3.536032e+01 6.322745e-25
3.544186e+01 6.312495e-25
3.552359e+01 6.302280e-25
3.560551e+01 6.292102e-25
3.568761e+01 6.281965e-25
3.576991e+01 6.271869e-25
3.585240e+01 6.261807e-25
3.593507e+01 6.251788e-25
3.601794e+01 6.241803e-25
3.610100e+01 6.231863e-25
3.618424e+01 6.221949e-25
3.626769e+01 6.212080e-25
3.635132e+01 6.202244e-25
3.643515e+01 6.192452e-25
3.651917e+01 6.182695e-25
3.660338e+01 6.172984e-25
3.668779e+01 6.163304e-25
3.677239e+01 6.153663e-25
3.685719e+01 6.144062e-25
3.694218e+01 6.134492e-25
3.702737e+01 6.124967e-25
3.711275e+01 6.115480e-25
3.719834e+01 6.106030e-25
3.728412e+01 6.096622e-25
3.737009e+01 6.087244e-25
3.745627e+01 6.077909e-25
3.754264e+01 6.068607e-25
3.762922e+01 6.059349e-25
3.771599e+01 6.050124e-25
3.780296e+01 6.040939e-25
3.789014e+01 6.031789e-25
3.797751e+01 6.022675e-25
3.806509e+01 6.013603e-25
3.815287e+01 6.004563e-25
3.824085e+01 5.995569e-25
3.832903e+01 5.986601e-25
3.841742e+01 5.977677e-25
3.850601e+01 5.968788e-25
3.859480e+01 5.959933e-25
3.868380e+01 5.951117e-25
3.877301e+01 5.942335e-25
3.886242e+01 5.933593e-25
3.895204e+01 5.924888e-25
3.904186e+01 5.916219e-25
3.913189e+01 5.907582e-25
3.922213e+01 5.898981e-25
3.931258e+01 5.890420e-25
3.940323e+01 5.881894e-25
3.949410e+01 5.873407e-25
3.958517e+01 5.864951e-25
3.967645e+01 5.856537e-25
3.976795e+01 5.848165e-25
3.985965e+01 5.839854e-25
3.995157e+01 5.831676e-25
4.004370e+01 5.825531e-25
4.013604e+01 5.816036e-25
4.022859e+01 5.806867e-25
4.032136e+01 5.798591e-25
4.041434e+01 5.790420e-25
4.050754e+01 5.782298e-25
4.060095e+01 5.774217e-25
4.069457e+01 5.766173e-25
4.078842e+01 5.758161e-25
4.088247e+01 5.750187e-25
4.097675e+01 5.742246e-25
4.107124e+01 5.734334e-25
4.116595e+01 5.726454e-25
4.126088e+01 5.718611e-25
4.135603e+01 5.710802e-25
4.145140e+01 5.703024e-25
4.154698e+01 5.695279e-25
4.164279e+01 5.687567e-25
4.173882e+01 5.679881e-25
4.183507e+01 5.672235e-25
4.193154e+01 5.664614e-25
4.202824e+01 5.657032e-25
4.212516e+01 5.649476e-25
4.222230e+01 5.641955e-25
4.231966e+01 5.634459e-25
4.241725e+01 5.626998e-25
4.251507e+01 5.619570e-25
4.261311e+01 5.612172e-25
4.271137e+01 5.604803e-25
4.280986e+01 5.597467e-25
4.290858e+01 5.590158e-25
4.300753e+01 5.582880e-25
4.310671e+01 5.575634e-25
4.320611e+01 5.568417e-25
4.330575e+01 5.561230e-25
4.340561e+01 5.554071e-25
4.350570e+01 5.546941e-25
4.360603e+01 5.539844e-25
4.370658e+01 5.532771e-25
4.380737e+01 5.525731e-25
4.390839e+01 5.518719e-25
4.400964e+01 5.511735e-25
4.411113e+01 5.504781e-25
4.421285e+01 5.497851e-25
4.431481e+01 5.490952e-25
4.441700e+01 5.484080e-25
4.451942e+01 5.477236e-25
4.462208e+01 5.470422e-25
4.472498e+01 5.463635e-25
4.482812e+01 5.456872e-25
4.493149e+01 5.450138e-25
4.503511e+01 5.443433e-25
4.513896e+01 5.436763e-25
4.524305e+01 5.430107e-25
4.534738e+01 5.423475e-25
4.545195e+01 5.416873e-25
4.555676e+01 5.410300e-25
4.566182e+01 5.403754e-25
4.576711e+01 5.397234e-25
4.587265e+01 5.390739e-25
4.597843e+01 5.384268e-25
4.608446e+01 5.377826e-25
4.619073e+01 5.371407e-25
4.629725e+01 5.365014e-25
4.640401e+01 5.358646e-25
4.651102e+01 5.352303e-25
4.661827e+01 5.345983e-25
4.672578e+01 5.339693e-25
4.683353e+01 5.333423e-25
4.694152e+01 5.327178e-25
4.704977e+01 5.320958e-25
4.715827e+01 5.314763e-25
4.726702e+01 5.308591e-25
4.737601e+01 5.302445e-25
4.748526e+01 5.296322e-25
4.759476e+01 5.290222e-25
4.770452e+01 5.284146e-25
4.781453e+01 5.278093e-25
4.792479e+01 5.272063e-25
4.803530e+01 5.266056e-25
4.814607e+01 5.260072e-25
4.825710e+01 5.254111e-25
4.836838e+01 5.248173e-25
4.847992e+01 5.242257e-25
4.859171e+01 5.236363e-25
4.870376e+01 5.230492e-25
4.881607e+01 5.224642e-25
4.892864e+01 5.218815e-25
4.904147e+01 5.213009e-25
4.915456e+01 5.207226e-25
4.926792e+01 5.201463e-25
4.938153e+01 5.195723e-25
4.949540e+01 5.190003e-25
4.960954e+01 5.184305e-25
4.972394e+01 5.178627e-25
4.983860e+01 5.172971e-25
4.995353e+01 5.167336e-25
5.006872e+01 5.161721e-25
5.018418e+01 5.156127e-25
5.029991e+01 5.150553e-25
5.041590e+01 5.144999e-25
5.053216e+01 5.139466e-25
5.064869e+01 5.133953e-25
5.076548e+01 5.128459e-25
5.088255e+01 5.122986e-25
5.099988e+01 5.117532e-25
5.111749e+01 5.112098e-25
5.123537e+01 5.106683e-25
5.135352e+01 5.101288e-25
5.147194e+01 5.095912e-25
5.159063e+01 5.090555e-25
5.170960e+01 5.085217e-25
5.182884e+01 5.079898e-25
5.194836e+01 5.074597e-25
5.206816e+01 5.069316e-25
5.218822e+01 5.064053e-25
5.230857e+01 5.058808e-25
5.242920e+01 5.053582e-25
5.255010e+01 5.048374e-25
5.267128e+01 5.043184e-25
5.279274e+01 5.038012e-25
5.291448e+01 5.032858e-25
5.303650e+01 5.027721e-25
5.315880e+01 5.022603e-25
5.328139e+01 5.017502e-25
5.340425e+01 5.012418e-25
5.352741e+01 5.007352e-25
5.365084e+01 5.002303e-25
5.377456e+01 4.997271e-25
5.389856e+01 4.992256e-25
5.402285e+01 4.987258e-25
5.414743e+01 4.982277e-25
5.427230e+01 4.977313e-25
5.439745e+01 4.972366e-25
5.452289e+01 4.967435e-25
5.464862e+01 4.962520e-25
5.477464e+01 4.957622e-25
5.490095e+01 4.952740e-25
5.502755e+01 4.947874e-25
5.515445e+01 4.943024e-25
5.528163e+01 4.938191e-25
5.540911e+01 4.933373e-25
5.553689e+01 4.928571e-25
5.566495e+01 4.923784e-25
5.579332e+01 4.919013e-25
5.592198e+01 4.914258e-25
5.605093e+01 4.909518e-25
5.618019e+01 4.904794e-25
5.630974e+01 4.900084e-25
5.643959e+01 4.895388e-25
5.656974e+01 4.890712e-25
5.670019e+01 4.886048e-25
5.683094e+01 4.881399e-25
5.696200e+01 4.876765e-25
5.709335e+01 4.872146e-25
5.722501e+01 4.867543e-25
5.735697e+01 4.862956e-25
5.748923e+01 4.858393e-25
5.762181e+01 4.853910e-25
5.775468e+01 4.850733e-25
5.788786e+01 4.844779e-25
5.802135e+01 4.840222e-25
5.815515e+01 4.835709e-25
5.828926e+01 4.831215e-25
5.842367e+01 4.826736e-25
5.855840e+01 4.822272e-25
5.869344e+01 4.817821e-25
5.882878e+01 4.813385e-25
5.896444e+01 4.808962e-25
5.910041e+01 4.804552e-25
5.923670e+01 4.800156e-25
5.937330e+01 4.795774e-25
5.951022e+01 4.791404e-25
5.964745e+01 4.787048e-25
5.978500e+01 4.782705e-25
5.992286e+01 4.778375e-25
6.006104e+01 4.774058e-25
6.019954e+01 4.769754e-25
6.033836e+01 4.765462e-25
6.047750e+01 4.761184e-25
6.061697e+01 4.756918e-25
6.075675e+01 4.752664e-25
6.089686e+01 4.748424e-25
6.103728e+01 4.744195e-25
6.117804e+01 4.739979e-25
6.131911e+01 4.735776e-25
6.146052e+01 4.731584e-25
6.160224e+01 4.727405e-25
6.174430e+01 4.723238e-25
6.188668e+01 4.719083e-25
6.202939e+01 4.714940e-25
6.217243e+01 4.710809e-25
6.231580e+01 4.706689e-25
6.245950e+01 4.702582e-25
6.260354e+01 4.698486e-25
6.274790e+01 4.694402e-25
6.289260e+01 4.690329e-25
6.303763e+01 4.686268e-25
6.318299e+01 4.682219e-25
6.332869e+01 4.678181e-25
6.347473e+01 4.674154e-25
6.362110e+01 4.670139e-25
6.376781e+01 4.666135e-25
6.391486e+01 4.662142e-25
6.406225e+01 4.658160e-25
6.420998e+01 4.654189e-25
6.435805e+01 4.650229e-25
6.450646e+01 4.646280e-25
6.465521e+01 4.642342e-25
6.480431e+01 4.638415e-25
6.495375e+01 4.634499e-25
6.510353e+01 4.630593e-25
6.525366e+01 4.626698e-25
6.540413e+01 4.622814e-25
6.555496e+01 4.618940e-25
6.570613e+01 4.615077e-25
6.585765e+01 4.611224e-25
6.600951e+01 4.607381e-25
6.616173e+01 4.603549e-25
6.631430e+01 4.599727e-25
6.646722e+01 4.595915e-25
6.662050e+01 4.592114e-25
6.677412e+01 4.588323e-25
6.692811e+01 4.584541e-25
6.708244e+01 4.580770e-25
6.723714e+01 4.577009e-25
6.739218e+01 4.573258e-25
6.754759e+01 4.569516e-25
6.770336e+01 4.565785e-25
6.785948e+01 4.562063e-25
6.801597e+01 4.558351e-25
6.817281e+01 4.554648e-25
6.833002e+01 4.550956e-25
6.848759e+01 4.547273e-25
6.864552e+01 4.543599e-25
6.880382e+01 4.539935e-25
6.896248e+01 4.536280e-25
6.912151e+01 4.532635e-25
6.928090e+01 4.528999e-25
6.944067e+01 4.525373e-25
6.960080e+01 4.521756e-25
6.976130e+01 4.518148e-25
6.992217e+01 4.514549e-25
7.008341e+01 4.510959e-25
7.024502e+01 4.507379e-25
7.040701e+01 4.503807e-25
7.056936e+01 4.500245e-25
7.073210e+01 4.496691e-25
7.089521e+01 4.493147e-25
7.105869e+01 4.489611e-25
7.122255e+01 4.486084e-25
7.138679e+01 4.482566e-25
7.155141e+01 4.479057e-25
7.171641e+01 4.475557e-25
7.188179e+01 4.472065e-25
7.204755e+01 4.468582e-25
7.221369e+01 4.465108e-25
7.238022e+01 4.461642e-25
7.254713e+01 4.458184e-25
7.271442e+01 4.454736e-25
7.288210e+01 4.451295e-25
7.305017e+01 4.447863e-25
7.321862e+01 4.444440e-25
7.338746e+01 4.441025e-25
7.355669e+01 4.437618e-25
7.372632e+01 4.434219e-25
7.389633e+01 4.430829e-25
7.406674e+01 4.427447e-25
7.423753e+01 4.424073e-25
7.440873e+01 4.420707e-25
7.458031e+01 4.417350e-25
7.475230e+01 4.414000e-25
7.492468e+01 4.410659e-25
7.509745e+01 4.407325e-25
7.527063e+01 4.404000e-25
7.544420e+01 4.400682e-25
7.561818e+01 4.397372e-25
7.579255e+01 4.394071e-25
7.596733e+01 4.390777e-25
7.614251e+01 4.387491e-25
7.631810e+01 4.384212e-25
7.649409e+01 4.380942e-25
7.667048e+01 4.377679e-25
7.684729e+01 4.374424e-25
7.702450e+01 4.371176e-25
7.720212e+01 4.367936e-25
7.738015e+01 4.364704e-25
7.755858e+01 4.361479e-25
7.773744e+01 4.358262e-25
7.791670e+01 4.355052e-25
7.809638e+01 4.351850e-25
7.827647e+01 4.348655e-25
7.845697e+01 4.345468e-25
7.863789e+01 4.342288e-25
7.881923e+01 4.339115e-25
7.900099e+01 4.335950e-25
7.918317e+01 4.332792e-25
7.936577e+01 4.329642e-25
7.954878e+01 4.326498e-25
7.973222e+01 4.323362e-25
7.991609e+01 4.320233e-25
8.010037e+01 4.317111e-25
8.028509e+01 4.313997e-25
8.047022e+01 4.310889e-25
8.065579e+01 4.307789e-25
8.084178e+01 4.304695e-25
8.102820e+01 4.301609e-25
8.121506e+01 4.298530e-25
8.140234e+01 4.295457e-25
8.159005e+01 4.292392e-25
8.177820e+01 4.289334e-25
8.196678e+01 4.286282e-25
8.215580e+01 4.283238e-25
8.234525e+01 4.280200e-25
8.253514e+01 4.277169e-25
8.272546e+01 4.274145e-25
8.291623e+01 4.271128e-25
8.310744e+01 4.268117e-25
8.329908e+01 4.265114e-25
8.349117e+01 4.262117e-25
8.368370e+01 4.259126e-25
8.387668e+01 4.256143e-25
8.407010e+01 4.253166e-25
8.426396e+01 4.250196e-25
8.445828e+01 4.247232e-25
8.465304e+01 4.244275e-25
8.484825e+01 4.241324e-25
8.504391e+01 4.238380e-25
8.524002e+01 4.235443e-25
8.543659e+01 4.232512e-25
8.563360e+01 4.229588e-25
8.583107e+01 4.226670e-25
8.602900e+01 4.223758e-25
8.622738e+01 4.220853e-25
8.642623e+01 4.217955e-25
8.662553e+01 4.215062e-25
8.682528e+01 4.212177e-25
8.702550e+01 4.209297e-25
8.722619e+01 4.206424e-25
8.742733e+01 4.203557e-25
8.762894e+01 4.200696e-25
8.783101e+01 4.197842e-25
8.803355e+01 4.194994e-25
8.823656e+01 4.192152e-25
8.844003e+01 4.189317e-25
8.864397e+01 4.186487e-25
8.884839e+01 4.183664e-25
8.905327e+01 4.180847e-25
8.925863e+01 4.178036e-25
8.946446e+01 4.175231e-25
8.967077e+01 4.172433e-25
8.987755e+01 4.169640e-25
9.008481e+01 4.166854e-25
9.029254e+01 4.164073e-25
9.050076e+01 4.161299e-25
9.070945e+01 4.158530e-25
9.091863e+01 4.155768e-25
9.112829e+01 4.153012e-25
9.133843e+01 4.150261e-25
9.154906e+01 4.147517e-25
9.176017e+01 4.144778e-25
9.197177e+01 4.142046e-25
9.218386e+01 4.139319e-25
9.239644e+01 4.136598e-25
9.260950e+01 4.133883e-25
9.282306e+01 4.131174e-25
9.303711e+01 4.128471e-25
9.325166e+01 4.125774e-25
9.346669e+01 4.123082e-25
9.368223e+01 4.120397e-25
9.389826e+01 4.117717e-25
9.411479e+01 4.115043e-25
9.433182e+01 4.112374e-25
9.454935e+01 4.109711e-25
9.476738e+01 4.107055e-25
9.498592e+01 4.104403e-25
9.520496e+01 4.101758e-25
9.542450e+01 4.099118e-25
9.564455e+01 4.096484e-25
9.586511e+01 4.093856e-25
9.608617e+01 4.091233e-25
9.630775e+01 4.088616e-25
9.652983e+01 4.086004e-25
9.675243e+01 4.083398e-25
9.697554e+01 4.080798e-25
9.719917e+01 4.078203e-25
9.742331e+01 4.075614e-25
9.764797e+01 4.073030e-25
9.787315e+01 4.070452e-25
9.809884e+01 4.067880e-25
9.832506e+01 4.065313e-25
9.855180e+01 4.062751e-25
9.877906e+01 4.060195e-25
9.900685e+01 4.057645e-25
9.923516e+01 4.055100e-25
9.946399e+01 4.052560e-25
9.969336e+01 4.050026e-25
9.992325e+01 4.047497e-25
1.001537e+02 4.044974e-25
1.003846e+02 4.042456e-25
1.006161e+02 4.039944e-25
1.008481e+02 4.037437e-25
1.010807e+02 4.034935e-25
1.013138e+02 4.032439e-25
1.015474e+02 4.029948e-25
1.017816e+02 4.027462e-25
1.020163e+02 4.024982e-25
1.022515e+02 4.022507e-25
1.024873e+02 4.020037e-25
1.027237e+02 4.017573e-25
1.029606e+02 4.015114e-25
1.031980e+02 4.012660e-25
1.034360e+02 4.010212e-25
1.036745e+02 4.007769e-25
1.039136e+02 4.005331e-25
1.041532e+02 4.002898e-25
1.043934e+02 4.000471e-25
1.046341e+02 3.998049e-25
1.048754e+02 3.995632e-25
1.051172e+02 3.993220e-25
1.053596e+02 3.990814e-25
1.056026e+02 3.988412e-25
1.058461e+02 3.986016e-25
1.060902e+02 3.983625e-25
1.063348e+02 3.981240e-25
1.065800e+02 3.978859e-25
1.068258e+02 3.976484e-25
1.070722e+02 3.974113e-25
1.073191e+02 3.971748e-25
1.075665e+02 3.969388e-25
1.078146e+02 3.967033e-25
1.080632e+02 3.964683e-25
1.083124e+02 3.962338e-25
1.085622e+02 3.959999e-25
1.088125e+02 3.957664e-25
1.090634e+02 3.955335e-25
1.093149e+02 3.953010e-25
1.095670e+02 3.950691e-25
1.098197e+02 3.948377e-25
1.100729e+02 3.946067e-25
1.103268e+02 3.943763e-25
1.105812e+02 3.941464e-25
1.108362e+02 3.939170e-25
1.110918e+02 3.936881e-25
1.113480e+02 3.934597e-25
1.116047e+02 3.932317e-25
1.118621e+02 3.930043e-25
1.121200e+02 3.927774e-25
1.123786e+02 3.925510e-25
1.126377e+02 3.923251e-25
1.128975e+02 3.920997e-25
1.131578e+02 3.918747e-25
1.134188e+02 3.916503e-25
1.136803e+02 3.914264e-25
1.139425e+02 3.912030e-25
1.142052e+02 3.909800e-25
1.144686e+02 3.907576e-25
1.147325e+02 3.905356e-25
1.149971e+02 3.903141e-25
1.152623e+02 3.900932e-25
1.155281e+02 3.898727e-25
1.157945e+02 3.896527e-25
1.160615e+02 3.894332e-25
1.163292e+02 3.892142e-25
1.165974e+02 3.889956e-25
1.168663e+02 3.887776e-25
1.171358e+02 3.885600e-25
1.174059e+02 3.883430e-25
1.176766e+02 3.881264e-25
1.179480e+02 3.879103e-25
1.182200e+02 3.876947e-25
1.184926e+02 3.874796e-25
1.187658e+02 3.872649e-25
1.190397e+02 3.870508e-25
1.193142e+02 3.868371e-25
1.195894e+02 3.866239e-25
1.198651e+02 3.864112e-25
1.201416e+02 3.861990e-25
1.204186e+02 3.859873e-25
1.206963e+02 3.857760e-25
1.209746e+02 3.855652e-25
1.212536e+02 3.853549e-25
1.215332e+02 3.851451e-25
1.218134e+02 3.849358e-25
1.220943e+02 3.847269e-25
1.223759e+02 3.845185e-25
1.226581e+02 3.843106e-25
1.229410e+02 3.841032e-25
1.232245e+02 3.838963e-25
1.235086e+02 3.836898e-25
1.237934e+02 3.834838e-25
1.240789e+02 3.832783e-25
1.243650e+02 3.830733e-25
1.246518e+02 3.828687e-25
1.249393e+02 3.826646e-25
1.252274e+02 3.824610e-25
1.255161e+02 3.822578e-25
1.258056e+02 3.820552e-25
1.260957e+02 3.818530e-25
1.263865e+02 3.816513e-25
1.266779e+02 3.814500e-25
1.269700e+02 3.812493e-25
1.272628e+02 3.810490e-25
1.275563e+02 3.808491e-25
1.278504e+02 3.806498e-25
1.281453e+02 3.804509e-25
1.284408e+02 3.802525e-25
1.287370e+02 3.800545e-25
1.290338e+02 3.798571e-25
1.293314e+02 3.796601e-25
1.296296e+02 3.794636e-25
1.299285e+02 3.792675e-25
1.302282e+02 3.790719e-25
1.305285e+02 3.788768e-25
1.308295e+02 3.786822e-25
1.311312e+02 3.784880e-25
1.314335e+02 3.782943e-25
1.317366e+02 3.781010e-25
1.320404e+02 3.779083e-25
1.323449e+02 3.777160e-25
1.326501e+02 3.775241e-25
1.329560e+02 3.773328e-25
1.332626e+02 3.771419e-25
1.335699e+02 3.769514e-25
1.338779e+02 3.767615e-25
1.341866e+02 3.765720e-25
1.344961e+02 3.763830e-25
1.348062e+02 3.761944e-25
1.351171e+02 3.760063e-25
1.354287e+02 3.758187e-25
1.357410e+02 3.756315e-25
1.360540e+02 3.754449e-25
1.363677e+02 3.752586e-25
1.366822e+02 3.750729e-25
1.369974e+02 3.748876e-25
1.373133e+02 3.747028e-25
1.376299e+02 3.745184e-25
1.379473e+02 3.743345e-25
1.382654e+02 3.741511e-25
1.385843e+02 3.739681e-25
1.389038e+02 3.737857e-25
1.392241e+02 3.736036e-25
1.395452e+02 3.734221e-25
1.398670e+02 3.732410e-25
1.401895e+02 3.730604e-25
1.405128e+02 3.728802e-25
1.408368e+02 3.727005e-25
1.411616e+02 3.725213e-25
1.414871e+02 3.723425e-25
1.418134e+02 3.721642e-25
1.421404e+02 3.719864e-25
1.424682e+02 3.718090e-25
1.427967e+02 3.716321e-25
1.431260e+02 3.714557e-25
1.434561e+02 3.712797e-25
1.437869e+02 3.711042e-25
1.441184e+02 3.709292e-25
1.444508e+02 3.707546e-25
1.447839e+02 3.705805e-25
1.451178e+02 3.704068e-25
1.454524e+02 3.702337e-25
1.457878e+02 3.700609e-25
1.461240e+02 3.698887e-25
1.464610e+02 3.697169e-25
1.467987e+02 3.695456e-25
1.471372e+02 3.693748e-25
1.474765e+02 3.692044e-25
1.478166e+02 3.690345e-25
1.481575e+02 3.688650e-25
1.484991e+02 3.686961e-25
1.488416e+02 3.685275e-25
1.491848e+02 3.683595e-25
1.495288e+02 3.681919e-25
1.498736e+02 3.680248e-25
1.502192e+02 3.678582e-25
1.505657e+02 3.676920e-25
1.509129e+02 3.675263e-25
1.512609e+02 3.673610e-25
1.516097e+02 3.671963e-25
1.519593e+02 3.670320e-25
1.523097e+02 3.668681e-25
1.526609e+02 3.667047e-25
1.530130e+02 3.665418e-25
1.533658e+02 3.663794e-25
1.537195e+02 3.662174e-25
1.540740e+02 3.660559e-25
1.544293e+02 3.658949e-25
1.547854e+02 3.657344e-25
1.551423e+02 3.655743e-25
1.555001e+02 3.654147e-25
1.558587e+02 3.652555e-25
1.562181e+02 3.650968e-25
1.565783e+02 3.649386e-25
1.569394e+02 3.647809e-25
1.573013e+02 3.646236e-25
1.576640e+02 3.644668e-25
1.580276e+02 3.643105e-25
1.583920e+02 3.641546e-25
1.587573e+02 3.639992e-25
1.591233e+02 3.638443e-25
1.594903e+02 3.636899e-25
1.598581e+02 3.635359e-25
1.602267e+02 3.633824e-25
1.605962e+02 3.632294e-25
1.609665e+02 3.630769e-25
1.613377e+02 3.629248e-25
1.617098e+02 3.627732e-25
1.620827e+02 3.626221e-25
1.624564e+02 3.624714e-25
1.628311e+02 3.623212e-25
1.632065e+02 3.621715e-25
1.635829e+02 3.620223e-25
1.639601e+02 3.618736e-25
1.643382e+02 3.617253e-25
1.647172e+02 3.615775e-25
1.650970e+02 3.614302e-25
1.654777e+02 3.612833e-25
1.658593e+02 3.611370e-25
1.662418e+02 3.609911e-25
1.666252e+02 3.608457e-25
1.670094e+02 3.607007e-25
1.673945e+02 3.605563e-25
1.677805e+02 3.604123e-25
1.681674e+02 3.602688e-25
1.685552e+02 3.601258e-25
1.689439e+02 3.599833e-25
1.693335e+02 3.598412e-25
1.697240e+02 3.596996e-25
1.701154e+02 3.595585e-25
1.705077e+02 3.594179e-25
1.709009e+02 3.592778e-25
1.712950e+02 3.591382e-25
1.716900e+02 3.589990e-25
1.720859e+02 3.588603e-25
1.724827e+02 3.587221e-25
1.728805e+02 3.585844e-25
1.732791e+02 3.584472e-25
1.736787e+02 3.583105e-25
1.740792e+02 3.581742e-25
1.744806e+02 3.580385e-25
1.748830e+02 3.579032e-25
1.752863e+02 3.577684e-25
1.756905e+02 3.576341e-25
1.760956e+02 3.575003e-25
1.765017e+02 3.573670e-25
1.769087e+02 3.572342e-25
1.773167e+02 3.571018e-25
1.777256e+02 3.569700e-25
1.781354e+02 3.568386e-25
1.785462e+02 3.567078e-25
1.789579e+02 3.565774e-25
1.793706e+02 3.564475e-25
1.797842e+02 3.563181e-25
1.801988e+02 3.561892e-25
1.806143e+02 3.560608e-25
1.810308e+02 3.559329e-25
1.814483e+02 3.558055e-25
1.818667e+02 3.556786e-25
1.822861e+02 3.555522e-25
1.827065e+02 3.554263e-25
1.831278e+02 3.553008e-25
1.835501e+02 3.551759e-25
1.839734e+02 3.550515e-25
1.843976e+02 3.549276e-25
1.848228e+02 3.548042e-25
1.852490e+02 3.546812e-25
1.856762e+02 3.545588e-25
1.861044e+02 3.544369e-25
1.865335e+02 3.543155e-25
1.869637e+02 3.541946e-25
1.873948e+02 3.540742e-25
1.878270e+02 3.539543e-25
1.882601e+02 3.538349e-25
1.886942e+02 3.537160e-25
1.891293e+02 3.535976e-25
1.895655e+02 3.534797e-25
1.900026e+02 3.533624e-25
1.904408e+02 3.532455e-25
1.908799e+02 3.531292e-25
1.913201e+02 3.530133e-25
1.917613e+02 3.528980e-25
1.922035e+02 3.527832e-25
1.926467e+02 3.526689e-25
1.930910e+02 3.525551e-25
1.935362e+02 3.524418e-25
1.939825e+02 3.523291e-25
1.944298e+02 3.522168e-25
1.948782e+02 3.521051e-25
1.953276e+02 3.519939e-25
1.957780e+02 3.518832e-25
1.962295e+02 3.517730e-25
1.966820e+02 3.516634e-25
1.971355e+02 3.515542e-25
1.975901e+02 3.514456e-25
1.980458e+02 3.513375e-25
1.985025e+02 3.512300e-25
1.989602e+02 3.511229e-25
1.994190e+02 3.510164e-25
1.998789e+02 3.509104e-25
2.003398e+02 3.508049e-25
2.008018e+02 3.507000e-25
2.012648e+02 3.505956e-25
2.017290e+02 3.504917e-25
2.021942e+02 3.503883e-25
2.026604e+02 3.502855e-25
2.031277e+02 3.501832e-25
2.035962e+02 3.500814e-25
2.040657e+02 3.499802e-25
2.045362e+02 3.498795e-25
2.050079e+02 3.497793e-25
2.054806e+02 3.496797e-25
2.059545e+02 3.495806e-25
2.064294e+02 3.494821e-25
2.069054e+02 3.493840e-25
2.073826e+02 3.492866e-25
2.078608e+02 3.491896e-25
2.083401e+02 3.490932e-25
2.088206e+02 3.489974e-25
2.093021e+02 3.489021e-25
2.097848e+02 3.488073e-25
2.102685e+02 3.487131e-25
2.107534e+02 3.486194e-25
2.112394e+02 3.485262e-25
2.117265e+02 3.484336e-25
2.122148e+02 3.483416e-25
2.127041e+02 3.482501e-25
2.131946e+02 3.481592e-25
2.136863e+02 3.480688e-25
2.141790e+02 3.479789e-25
2.146729e+02 3.478897e-25
2.151680e+02 3.478009e-25
2.156641e+02 3.477128e-25
2.161615e+02 3.476251e-25
2.166599e+02 3.475381e-25
2.171595e+02 3.474516e-25
2.176603e+02 3.473656e-25
2.181622e+02 3.472803e-25
2.186653e+02 3.471954e-25
2.191696e+02 3.471112e-25
2.196750e+02 3.470275e-25
2.201816e+02 3.469444e-25
2.206893e+02 3.468618e-25
2.211982e+02 3.467798e-25
2.217083e+02 3.466984e-25
2.222195e+02 3.466175e-25
2.227320e+02 3.465372e-25
2.232456e+02 3.464575e-25
2.237604e+02 3.463784e-25
2.242764e+02 3.462998e-25
2.247936e+02 3.462218e-25
2.253120e+02 3.461444e-25
2.258315e+02 3.460676e-25
2.263523e+02 3.459913e-25
2.268743e+02 3.459156e-25
2.273975e+02 3.458405e-25
2.279218e+02 3.457660e-25
2.284474e+02 3.456921e-25
2.289742e+02 3.456187e-25
2.295022e+02 3.455459e-25
2.300315e+02 3.454738e-25
2.305619e+02 3.454022e-25
2.310936e+02 3.453312e-25
2.316265e+02 3.452608e-25
2.321606e+02 3.451909e-25
2.326960e+02 3.451217e-25
2.332326e+02 3.450531e-25
2.337704e+02 3.449850e-25
2.343095e+02 3.449176e-25
2.348498e+02 3.448507e-25
2.353914e+02 3.447845e-25
2.359342e+02 3.447188e-25
2.364783e+02 3.446538e-25
2.370236e+02 3.445894e-25
2.375702e+02 3.445255e-25
2.381180e+02 3.444623e-25
2.386671e+02 3.443997e-25
2.392175e+02 3.443377e-25
2.397691e+02 3.442763e-25
2.403220e+02 3.442155e-25
2.408762e+02 3.441553e-25
2.414317e+02 3.440957e-25
2.419884e+02 3.440367e-25
2.425465e+02 3.439784e-25
2.431058e+02 3.439207e-25
2.436664e+02 3.438636e-25
2.442283e+02 3.438071e-25
2.447915e+02 3.437513e-25
2.453560e+02 3.436960e-25
2.459217e+02 3.436414e-25
2.464888e+02 3.435874e-25
2.470572e+02 3.435341e-25
2.476270e+02 3.434813e-25
2.481980e+02 3.434292e-25
2.487703e+02 3.433778e-25
2.493440e+02 3.433269e-25
2.499190e+02 3.432767e-25
2.504953e+02 3.432272e-25
2.510730e+02 3.431782e-25
2.516519e+02 3.431300e-25
2.522322e+02 3.430823e-25
2.528139e+02 3.430353e-25
2.533969e+02 3.429890e-25
2.539812e+02 3.429432e-25
2.545669e+02 3.428982e-25
2.551539e+02 3.428538e-25
2.557423e+02 3.428100e-25
2.563321e+02 3.427669e-25
2.569232e+02 3.427244e-25
2.575156e+02 3.426826e-25
2.581095e+02 3.426414e-25
2.587047e+02 3.426009e-25
2.593012e+02 3.425611e-25
2.598992e+02 3.425219e-25
2.604985e+02 3.424834e-25
2.610992e+02 3.424455e-25
2.617013e+02 3.424084e-25
2.623048e+02 3.423718e-25
2.629097e+02 3.423360e-25
2.635160e+02 3.423008e-25
2.641236e+02 3.422663e-25
2.647327e+02 3.422325e-25
2.653432e+02 3.421993e-25
2.659551e+02 3.421668e-25
2.665684e+02 3.421350e-25
2.671831e+02 3.421039e-25
2.677992e+02 3.420734e-25
2.684167e+02 3.420437e-25
2.690357e+02 3.420146e-25
2.696561e+02 3.419862e-25
2.702779e+02 3.419585e-25
2.709012e+02 3.419315e-25
2.715259e+02 3.419052e-25
2.721520e+02 3.418796e-25
2.727796e+02 3.418546e-25
2.734087e+02 3.418304e-25
2.740391e+02 3.418069e-25
2.746711e+02 3.417840e-25
2.753045e+02 3.417619e-25
2.759393e+02 3.417405e-25
2.765756e+02 3.417198e-25
2.772134e+02 3.416997e-25
2.778527e+02 3.416804e-25
2.784934e+02 3.416618e-25
2.791356e+02 3.416440e-25
2.797793e+02 3.416268e-25
2.804245e+02 3.416104e-25
2.810712e+02 3.415946e-25
2.817193e+02 3.415796e-25
2.823690e+02 3.415653e-25
2.830201e+02 3.415518e-25
2.836727e+02 3.415390e-25
2.843269e+02 3.415268e-25
2.849826e+02 3.415155e-25
2.856397e+02 3.415048e-25
2.862984e+02 3.414949e-25
2.869586e+02 3.414857e-25
2.876203e+02 3.414773e-25
2.882836e+02 3.414696e-25
2.889484e+02 3.414626e-25
2.896147e+02 3.414564e-25
2.902826e+02 3.414510e-25
2.909520e+02 3.414462e-25
2.916229e+02 3.414423e-25
2.922954e+02 3.414391e-25
2.929694e+02 3.414366e-25
2.936450e+02 3.414349e-25
2.943221e+02 3.414339e-25
2.950009e+02 3.414337e-25
2.956811e+02 3.414343e-25
2.963630e+02 3.414356e-25
2.970464e+02 3.414377e-25
2.977314e+02 3.414406e-25
2.984179e+02 3.414442e-25
2.991061e+02 3.414486e-25
2.997958e+02 3.414538e-25
3.004872e+02 3.414597e-25
3.011801e+02 3.414665e-25
3.018746e+02 3.414740e-25
3.025708e+02 3.414823e-25
3.032685e+02 3.414913e-25
3.039678e+02 3.415012e-25
3.046688e+02 3.415118e-25
3.053713e+02 3.415233e-25
3.060755e+02 3.415355e-25
3.067813e+02 3.415485e-25
3.074888e+02 3.415623e-25
3.081979e+02 3.415770e-25
3.089086e+02 3.415924e-25
3.096209e+02 3.416086e-25
3.103349e+02 3.416256e-25
3.110505e+02 3.416435e-25
3.117678e+02 3.416621e-25
3.124868e+02 3.416816e-25
3.132073e+02 3.417018e-25
3.139296e+02 3.417229e-25
3.146535e+02 3.417448e-25
3.153791e+02 3.417675e-25
3.161064e+02 3.417911e-25
3.168353e+02 3.418155e-25
3.175660e+02 3.418407e-25
3.182983e+02 3.418667e-25
3.190323e+02 3.418936e-25
3.197680e+02 3.419213e-25
3.205053e+02 3.419498e-25
3.212444e+02 3.419792e-25
3.219852e+02 3.420094e-25
3.227277e+02 3.420404e-25
3.234719e+02 3.420723e-25
3.242179e+02 3.421051e-25
3.249655e+02 3.421387e-25
3.257149e+02 3.421732e-25
3.264660e+02 3.422085e-25
3.272188e+02 3.422446e-25
3.279734e+02 3.422817e-25
3.287297e+02 3.423196e-25
3.294878e+02 3.423583e-25
3.302476e+02 3.423979e-25
3.310091e+02 3.424384e-25
3.317724e+02 3.424798e-25
3.325375e+02 3.425221e-25
3.333043e+02 3.425652e-25
3.340729e+02 3.426092e-25
3.348433e+02 3.426541e-25
3.356155e+02 3.426998e-25
3.363894e+02 3.427465e-25
3.371651e+02 3.427940e-25
3.379426e+02 3.428425e-25
3.387219e+02 3.428918e-25
3.395030e+02 3.429420e-25
3.402859e+02 3.429932e-25
3.410706e+02 3.430452e-25
3.418571e+02 3.430981e-25
3.426454e+02 3.431520e-25
3.434356e+02 3.432067e-25
3.442275e+02 3.432624e-25
3.450213e+02 3.433190e-25
3.458170e+02 3.433765e-25
3.466144e+02 3.434349e-25
3.474137e+02 3.434943e-25
3.482148e+02 3.435545e-25
3.490178e+02 3.436157e-25
3.498227e+02 3.436779e-25
3.506294e+02 3.437409e-25
3.514379e+02 3.438049e-25
3.522483e+02 3.438699e-25
3.530606e+02 3.439358e-25
3.538748e+02 3.440026e-25
3.546908e+02 3.440704e-25
3.555087e+02 3.441392e-25
3.563285e+02 3.442088e-25
3.571502e+02 3.442795e-25
3.579738e+02 3.443511e-25
3.587993e+02 3.444237e-25
3.596267e+02 3.444972e-25
3.604560e+02 3.445717e-25
3.612872e+02 3.446472e-25
3.621204e+02 3.447237e-25
3.629554e+02 3.448011e-25
3.637924e+02 3.448795e-25
3.646313e+02 3.449589e-25
3.654721e+02 3.450393e-25
3.663149e+02 3.451207e-25
3.671597e+02 3.452031e-25
3.680063e+02 3.452865e-25
3.688550e+02 3.453708e-25
3.697055e+02 3.454562e-25
3.705581e+02 3.455426e-25
3.714126e+02 3.456300e-25
3.722691e+02 3.457184e-25
3.731275e+02 3.458079e-25
3.739880e+02 3.458983e-25
3.748504e+02 3.459898e-25
3.757148e+02 3.460823e-25
3.765812e+02 3.461759e-25
3.774496e+02 3.462705e-25
3.783200e+02 3.463661e-25
3.791924e+02 3.464628e-25
3.800668e+02 3.465605e-25
3.809433e+02 3.466593e-25
3.818217e+02 3.467592e-25
3.827022e+02 3.468601e-25
3.835847e+02 3.469621e-25
3.844693e+02 3.470652e-25
3.853558e+02 3.471693e-25
3.862445e+02 3.472746e-25
3.871352e+02 3.473809e-25
3.880279e+02 3.474884e-25
3.889227e+02 3.475969e-25
3.898196e+02 3.477066e-25
3.907185e+02 3.478174e-25
3.916195e+02 3.479294e-25
3.925226e+02 3.480425e-25
3.934277e+02 3.481567e-25
3.943350e+02 3.482721e-25
3.952443e+02 3.483887e-25
3.961557e+02 3.485065e-25
3.970693e+02 3.486255e-25
3.979849e+02 3.487458e-25
3.989027e+02 3.488673e-25
3.998226e+02 3.489900e-25
4.007445e+02 3.491141e-25
4.016687e+02 3.492395e-25
4.025949e+02 3.493662e-25
4.035233e+02 3.494943e-25
4.044538e+02 3.496239e-25
4.053865e+02 3.497550e-25
4.063213e+02 3.498876e-25
4.072583e+02 3.500218e-25
4.081975e+02 3.501578e-25
4.091388e+02 3.502955e-25
4.100822e+02 3.504352e-25
4.110279e+02 3.505771e-25
4.119757e+02 3.507212e-25
4.129257e+02 3.508678e-25
4.138780e+02 3.510174e-25
4.148324e+02 3.511701e-25
4.157890e+02 3.513268e-25
4.167478e+02 3.514879e-25
4.177088e+02 3.516545e-25
4.186720e+02 3.518279e-25
4.196375e+02 3.520101e-25
4.206052e+02 3.522039e-25
4.215751e+02 3.524134e-25
4.225473e+02 3.526453e-25
4.235217e+02 3.529103e-25
4.244983e+02 3.532273e-25
4.254772e+02 3.536312e-25
4.264584e+02 3.541932e-25
4.274418e+02 3.550778e-25
4.284275e+02 3.567398e-25
4.294154e+02 3.608552e-25
4.304056e+02 3.781775e-25
4.313982e+02 8.879974e-25
4.323930e+02 4.055564e-25
4.333901e+02 3.646228e-25
4.343895e+02 3.584700e-25
4.353912e+02 3.565858e-25
4.363952e+02 3.558433e-25
4.374015e+02 3.555307e-25
4.384102e+02 3.554156e-25
4.394212e+02 3.554039e-25
4.404345e+02 3.554518e-25
4.414501e+02 3.555366e-25
4.424681e+02 3.556456e-25
4.434884e+02 3.557714e-25
4.445111e+02 3.559092e-25
4.455362e+02 3.560561e-25
4.465636e+02 3.562099e-25
4.475934e+02 3.563692e-25
4.486255e+02 3.565331e-25
4.496600e+02 3.567008e-25
4.506970e+02 3.568718e-25
4.517363e+02 3.570457e-25
4.527780e+02 3.572222e-25
4.538221e+02 3.574010e-25
4.548686e+02 3.575820e-25
4.559175e+02 3.577649e-25
4.569689e+02 3.579498e-25
4.580227e+02 3.581365e-25
4.590789e+02 3.583249e-25
4.601375e+02 3.585150e-25
4.611986e+02 3.587067e-25
4.622621e+02 3.589000e-25
4.633281e+02 3.590948e-25
4.643965e+02 3.592911e-25
4.654674e+02 3.594889e-25
4.665408e+02 3.596883e-25
4.676166e+02 3.598890e-25
4.686950e+02 3.600912e-25
4.697758e+02 3.602949e-25
4.708591e+02 3.605000e-25
4.719449e+02 3.607065e-25
4.730332e+02 3.609144e-25
4.741240e+02 3.611237e-25
4.752174e+02 3.613344e-25
4.763132e+02 3.615466e-25
4.774116e+02 3.617601e-25
4.785125e+02 3.619750e-25
4.796160e+02 3.621914e-25
4.807220e+02 3.624091e-25
4.818305e+02 3.626282e-25
4.829416e+02 3.628488e-25
4.840553e+02 3.630707e-25
4.851715e+02 3.632940e-25
4.862903e+02 3.635188e-25
4.874117e+02 3.637449e-25
4.885357e+02 3.639724e-25
4.896623e+02 3.642014e-25
4.907914e+02 3.644318e-25
4.919232e+02 3.646636e-25
4.930576e+02 3.648968e-25
4.941946e+02 3.651314e-25
4.953342e+02 3.653677e-25
4.964764e+02 3.656038e-25
4.976213e+02 3.658434e-25
4.987688e+02 3.660837e-25
4.999190e+02 3.663255e-25
5.010718e+02 3.665687e-25
5.022273e+02 3.668133e-25
5.033854e+02 3.670593e-25
5.045462e+02 3.673068e-25
5.057097e+02 3.675558e-25
5.068759e+02 3.678061e-25
5.080447e+02 3.680580e-25
5.092163e+02 3.683113e-25
5.103906e+02 3.685660e-25
5.115675e+02 3.688222e-25
5.127472e+02 3.690799e-25
5.139296e+02 3.693390e-25
5.151147e+02 3.695997e-25
5.163026e+02 3.698618e-25
5.174932e+02 3.701253e-25
5.186865e+02 3.703904e-25
5.198826e+02 3.706569e-25
5.210815e+02 3.709250e-25
5.222831e+02 3.711945e-25
5.234875e+02 3.714656e-25
5.246946e+02 3.717381e-25
5.259046e+02 3.720122e-25
5.271173e+02 3.722877e-25
5.283329e+02 3.725648e-25
5.295512e+02 3.728434e-25
5.307724e+02 3.731235e-25
5.319963e+02 3.734051e-25
5.332231e+02 3.736883e-25
5.344527e+02 3.739730e-25
5.356852e+02 3.742593e-25
5.369205e+02 3.745470e-25
5.381586e+02 3.748364e-25
5.393996e+02 3.751272e-25
5.406435e+02 3.754197e-25
5.418902e+02 3.757136e-25
5.431398e+02 3.760092e-25
5.443923e+02 3.763063e-25
5.456477e+02 3.766050e-25
5.469059e+02 3.769052e-25
5.481671e+02 3.772070e-25
5.494312e+02 3.775104e-25
5.506982e+02 3.778154e-25
5.519681e+02 3.781220e-25
5.532409e+02 3.784302e-25
5.545167e+02 3.787399e-25
5.557954e+02 3.790513e-25
5.570771e+02 3.793643e-25
5.583617e+02 3.796788e-25
5.596493e+02 3.799950e-25
5.609399e+02 3.803128e-25
5.622334e+02 3.806322e-25
5.635299e+02 3.809533e-25
5.648294e+02 3.812760e-25
5.661319e+02 3.816003e-25
5.674374e+02 3.819262e-25
5.687459e+02 3.822538e-25
5.700575e+02 3.825830e-25
5.713720e+02 3.829139e-25
5.726896e+02 3.832464e-25
5.740102e+02 3.835806e-25
5.753339e+02 3.839164e-25
5.766606e+02 3.842539e-25
5.779904e+02 3.845931e-25
5.793233e+02 3.849340e-25
5.806592e+02 3.852765e-25
5.819982e+02 3.856207e-25
5.833403e+02 3.859666e-25
5.846855e+02 3.863142e-25
5.860338e+02 3.866635e-25
5.873852e+02 3.870144e-25
5.887397e+02 3.873671e-25
5.900973e+02 3.877215e-25
5.914581e+02 3.880776e-25
5.928220e+02 3.884354e-25
5.941890e+02 3.887949e-25
5.955593e+02 3.891562e-25
5.969326e+02 3.895192e-25
5.983091e+02 3.898839e-25
5.996889e+02 3.902503e-25
6.010717e+02 3.906185e-25
6.024578e+02 3.909884e-25
6.038471e+02 3.913601e-25
6.052396e+02 3.917336e-25
6.066353e+02 3.921087e-25
6.080342e+02 3.924857e-25
6.094363e+02 3.928644e-25
6.108417e+02 3.932449e-25
6.122503e+02 3.936272e-25
6.136621e+02 3.940112e-25
6.150772e+02 3.943970e-25
6.164956e+02 3.947846e-25
6.179172e+02 3.951740e-25
6.193422e+02 3.955652e-25
6.207704e+02 3.959582e-25
6.222019e+02 3.963530e-25
6.236367e+02 3.967496e-25
6.250748e+02 3.971480e-25
6.265162e+02 3.975483e-25
6.279610e+02 3.979504e-25
6.294090e+02 3.983542e-25
6.308605e+02 3.987600e-25
6.323152e+02 3.991675e-25
6.337734e+02 3.995769e-25
6.352348e+02 3.999881e-25
6.366997e+02 4.004012e-25
6.381679e+02 4.008162e-25
6.396396e+02 4.012330e-25
6.411146e+02 4.016516e-25
6.425930e+02 4.020721e-25
6.440748e+02 4.024945e-25
6.455600e+02 4.029188e-25
6.470487e+02 4.033449e-25
6.485408e+02 4.037730e-25
6.500364e+02 4.042029e-25
6.515353e+02 4.046347e-25
6.530378e+02 4.050684e-25
6.545437e+02 4.055040e-25
6.560531e+02 4.059415e-25
6.575659e+02 4.063810e-25
6.590823e+02 4.068223e-25
6.606021e+02 4.072656e-25
6.621255e+02 4.077108e-25
6.636524e+02 4.081579e-25
6.651828e+02 4.086069e-25
6.667167e+02 4.090579e-25
6.682541e+02 4.095109e-25
6.697951e+02 4.099657e-25
6.713397e+02 4.104226e-25
6.728878e+02 4.108814e-25
6.744395e+02 4.113421e-25
6.759947e+02 4.118048e-25
6.775536e+02 4.122695e-25
6.791160e+02 4.127361e-25
6.806821e+02 4.132048e-25
6.822517e+02 4.136754e-25
6.838250e+02 4.141480e-25
6.854019e+02 4.146226e-25
6.869825e+02 4.150992e-25
6.885666e+02 4.155778e-25
6.901545e+02 4.160584e-25
6.917460e+02 4.165410e-25
6.933412e+02 4.170257e-25
6.949400e+02 4.175123e-25
6.965425e+02 4.180010e-25
6.981488e+02 4.184917e-25
6.997587e+02 4.189845e-25
7.013724e+02 4.194793e-25
7.029897e+02 4.199761e-25
7.046108e+02 4.204750e-25
7.062357e+02 4.209759e-25
7.078643e+02 4.214789e-25
7.094966e+02 4.219840e-25
7.111327e+02 4.224911e-25
7.127726e+02 4.230003e-25
7.144162e+02 4.235116e-25
7.160637e+02 4.240250e-25
7.177149e+02 4.245404e-25
7.193700e+02 4.250580e-25
7.210289e+02 4.255776e-25
7.226916e+02 4.260994e-25
7.243581e+02 4.266232e-25
7.260285e+02 4.271492e-25
7.277027e+02 4.276773e-25
7.293808e+02 4.282075e-25
7.310627e+02 4.287398e-25
7.327486e+02 4.292743e-25
7.344383e+02 4.298109e-25
7.361319e+02 4.303496e-25
7.378294e+02 4.308905e-25
7.395309e+02 4.314335e-25
7.412363e+02 4.319787e-25
7.429455e+02 4.325261e-25
7.446588e+02 4.330756e-25
7.463760e+02 4.336273e-25
7.480971e+02 4.341812e-25
7.498222e+02 4.347372e-25
7.515513e+02 4.352955e-25
7.532844e+02 4.358559e-25
7.550215e+02 4.364185e-25
7.567626e+02 4.369833e-25
7.585077e+02 4.375504e-25
7.602568e+02 4.381196e-25
7.620100e+02 4.386911e-25
7.637672e+02 4.392648e-25
7.655284e+02 4.398407e-25
7.672937e+02 4.404188e-25
7.690631e+02 4.409992e-25
7.708366e+02 4.415818e-25
7.726141e+02 4.421667e-25
7.743958e+02 4.427538e-25
7.761816e+02 4.433432e-25
7.779714e+02 4.439349e-25
7.797654e+02 4.445288e-25
7.815636e+02 4.451250e-25
7.833659e+02 4.457235e-25
7.851723e+02 4.463242e-25
7.869829e+02 4.469273e-25
7.887977e+02 4.475326e-25
7.906167e+02 4.481403e-25
7.924399e+02 4.487503e-25
7.942672e+02 4.493626e-25
7.960988e+02 4.499772e-25
7.979346e+02 4.505942e-25
7.997747e+02 4.512135e-25
8.016190e+02 4.518351e-25
8.034675e+02 4.524591e-25
8.053203e+02 4.530855e-25
8.071774e+02 4.537143e-25
8.090387e+02 4.543454e-25
8.109044e+02 4.549789e-25
8.127744e+02 4.556149e-25
8.146486e+02 4.562533e-25
8.165272e+02 4.568942e-25
8.184101e+02 4.575375e-25
8.202974e+02 4.581833e-25
8.221890e+02 4.588317e-25
8.240850e+02 4.594827e-25
8.259853e+02 4.601364e-25
8.278900e+02 4.607929e-25
8.297992e+02 4.614524e-25
8.317127e+02 4.621150e-25
8.336306e+02 4.627812e-25
8.355530e+02 4.634516e-25
8.374798e+02 4.641273e-25
8.394110e+02 4.648104e-25
8.413467e+02 4.655057e-25
8.432868e+02 4.662246e-25
8.452315e+02 4.670034e-25
8.471806e+02 4.680090e-25
8.491342e+02 4.712069e-25
8.510923e+02 4.891872e-25
8.530549e+02 4.704676e-25
8.550221e+02 4.704949e-25
8.569938e+02 4.710305e-25
8.589700e+02 4.716647e-25
8.609508e+02 4.723322e-25
8.629361e+02 4.730149e-25
8.649261e+02 4.737063e-25
8.669206e+02 4.744037e-25
8.689197e+02 4.751055e-25
8.709235e+02 4.758111e-25
8.729318e+02 4.765201e-25
8.749448e+02 4.772322e-25
8.769624e+02 4.779472e-25
8.789847e+02 4.786651e-25
8.810117e+02 4.793857e-25
8.830433e+02 4.801091e-25
8.850796e+02 4.808351e-25
8.871206e+02 4.815638e-25
8.891663e+02 4.822951e-25
8.912167e+02 4.830291e-25
8.932719e+02 4.837657e-25
8.953318e+02 4.845050e-25
8.973964e+02 4.852469e-25
8.994658e+02 4.859914e-25
9.015400e+02 4.867386e-25
9.036189e+02 4.874884e-25
9.057027e+02 4.882408e-25
9.077913e+02 4.889959e-25
9.098846e+02 4.897536e-25
9.119828e+02 4.905139e-25
9.140859e+02 4.912769e-25
9.161938e+02 4.920426e-25
9.183065e+02 4.928110e-25
9.204241e+02 4.935820e-25
9.225466e+02 4.943556e-25
9.246740e+02 4.951320e-25
9.268063e+02 4.959111e-25
9.289436e+02 4.966928e-25
9.310857e+02 4.974772e-25
9.332328e+02 4.982643e-25
9.353848e+02 4.990542e-25
9.375419e+02 4.998467e-25
9.397038e+02 5.006420e-25
9.418708e+02 5.014400e-25
9.440428e+02 5.022407e-25
9.462197e+02 5.030442e-25
9.484017e+02 5.038504e-25
9.505887e+02 5.046593e-25
9.527808e+02 5.054710e-25
9.549779e+02 5.062855e-25
9.571801e+02 5.071027e-25
9.593874e+02 5.079227e-25
9.615997e+02 5.087455e-25
9.638172e+02 5.095711e-25
9.660398e+02 5.103994e-25
9.682674e+02 5.112306e-25
9.705003e+02 5.120645e-25
9.727383e+02 5.129013e-25
9.749814e+02 5.137409e-25
9.772297e+02 5.145833e-25
9.794832e+02 5.154285e-25
9.817419e+02 5.162766e-25
9.840058e+02 5.171275e-25
9.862749e+02 5.179813e-25
9.885493e+02 5.188379e-25
9.908289e+02 5.196974e-25
9.931138e+02 5.205597e-25
9.954039e+02 5.214249e-25
9.976993e+02 5.222930e-25