1.000000e+00 2.971041e-17
1.002306e+00 3.088965e-17
1.004617e+00 3.214968e-17
1.006934e+00 3.349563e-17
1.009256e+00 3.493301e-17
1.011583e+00 3.656777e-17
1.013916e+00 3.831234e-17
1.016254e+00 4.013180e-17
1.018598e+00 4.198369e-17
1.020947e+00 4.376556e-17
1.023301e+00 4.576564e-17
1.025661e+00 4.788871e-17
1.028026e+00 5.002016e-17
1.030396e+00 5.152580e-17
1.032773e+00 5.224320e-17
1.035154e+00 5.233009e-17
1.037541e+00 5.197341e-17
1.039934e+00 5.128365e-17
1.042332e+00 5.044391e-17
1.044735e+00 4.947312e-17
1.047145e+00 4.839037e-17
1.049559e+00 4.635984e-17
1.051980e+00 4.388226e-17
1.054406e+00 4.119824e-17
1.056837e+00 3.851143e-17
1.059274e+00 3.617698e-17
1.061717e+00 3.401318e-17
1.064165e+00 3.197407e-17
1.066619e+00 3.002258e-17
1.069079e+00 2.820764e-17
1.071544e+00 2.655505e-17
1.074015e+00 2.504513e-17
1.076492e+00 2.366080e-17
1.078974e+00 2.238799e-17
1.081462e+00 2.120944e-17
1.083956e+00 2.011913e-17
1.086456e+00 1.911142e-17
1.088961e+00 1.819030e-17
1.091472e+00 1.733341e-17
1.093989e+00 1.653534e-17
1.096512e+00 1.579119e-17
1.099040e+00 1.510384e-17
1.101575e+00 1.446069e-17
1.104115e+00 1.385826e-17
1.106661e+00 1.329337e-17
1.109213e+00 1.276799e-17
1.111771e+00 1.227296e-17
1.114335e+00 1.180616e-17
1.116904e+00 1.136559e-17
1.119480e+00 1.095352e-17
1.122062e+00 1.056350e-17
1.124649e+00 1.019392e-17
1.127242e+00 9.843266e-18
1.129842e+00 9.512917e-18
1.132447e+00 9.198999e-18
1.135059e+00 8.900419e-18
1.137676e+00 8.616174e-18
1.140300e+00 8.347171e-18
1.142929e+00 8.090433e-18
1.145565e+00 7.845551e-18
1.148207e+00 7.612474e-18
1.150854e+00 7.394015e-18
1.153508e+00 7.203672e-18
1.156168e+00 3.034270e-17
1.158834e+00 6.806304e-18
1.161507e+00 6.593223e-18
1.164185e+00 6.408878e-18
1.166870e+00 6.234638e-18
1.169560e+00 6.067918e-18
1.172257e+00 5.908690e-18
1.174961e+00 5.755584e-18
1.177670e+00 5.608226e-18
1.180386e+00 5.466300e-18
1.183108e+00 5.330195e-18
1.185836e+00 5.198845e-18
1.188571e+00 5.072070e-18
1.191312e+00 4.949698e-18
1.194059e+00 4.832104e-18
1.196812e+00 4.718422e-18
1.199572e+00 4.608475e-18
1.202338e+00 4.502094e-18
1.205111e+00 4.399663e-18
1.207890e+00 4.300496e-18
1.210675e+00 4.204452e-18
1.213467e+00 4.111396e-18
1.216265e+00 4.021574e-18
1.219070e+00 3.934483e-18
1.221881e+00 3.850018e-18
1.224699e+00 3.768081e-18
1.227523e+00 3.688888e-18
1.230354e+00 3.611983e-18
1.233191e+00 3.537291e-18
1.236035e+00 3.464737e-18
1.238885e+00 3.394527e-18
1.241742e+00 3.326280e-18
1.244605e+00 3.259925e-18
1.247475e+00 3.195395e-18
1.250352e+00 3.132859e-18
1.253235e+00 3.072012e-18
1.256125e+00 3.012799e-18
1.259022e+00 2.955166e-18
1.261925e+00 2.899274e-18
1.264835e+00 2.844839e-18
1.267752e+00 2.791814e-18
1.270676e+00 2.740154e-18
1.273606e+00 2.690007e-18
1.276543e+00 2.641137e-18
1.279486e+00 2.593505e-18
1.282437e+00 2.547071e-18
1.285394e+00 2.501938e-18
1.288358e+00 2.457844e-18
1.291329e+00 2.414717e-18
1.294307e+00 2.372564e-18
1.297292e+00 2.331664e-18
1.300283e+00 2.291698e-18
1.303282e+00 2.252591e-18
1.306287e+00 2.214270e-18
1.309300e+00 2.176670e-18
1.312319e+00 2.139679e-18
1.315345e+00 2.103294e-18
1.318378e+00 2.067504e-18
1.321418e+00 2.032372e-18
1.324466e+00 1.997821e-18
1.327520e+00 1.963803e-18
1.330581e+00 1.930266e-18
1.333649e+00 1.897198e-18
1.336725e+00 1.864518e-18
1.339807e+00 1.832181e-18
1.342897e+00 1.800570e-18
1.345994e+00 1.769700e-18
1.349098e+00 1.739170e-18
1.352209e+00 1.708928e-18
1.355327e+00 1.678918e-18
1.358452e+00 1.649156e-18
1.361585e+00 1.619498e-18
1.364725e+00 1.589876e-18
1.367872e+00 1.560215e-18
1.371026e+00 1.530501e-18
1.374188e+00 1.500579e-18
1.377356e+00 1.470363e-18
1.380533e+00 1.439765e-18
1.383716e+00 1.408748e-18
1.386907e+00 1.377163e-18
1.390105e+00 1.344919e-18
1.393311e+00 1.313821e-18
1.396524e+00 1.282452e-18
1.399744e+00 1.250578e-18
1.402972e+00 1.218160e-18
1.406207e+00 1.185171e-18
1.409450e+00 1.151624e-18
1.412700e+00 1.117478e-18
1.415958e+00 1.082740e-18
1.419223e+00 1.047436e-18
1.422496e+00 1.011633e-18
1.425776e+00 9.753626e-19
1.429064e+00 9.387030e-19
1.432359e+00 9.017488e-19
1.435662e+00 8.646247e-19
1.438973e+00 8.274347e-19
1.442291e+00 7.908884e-19
1.445617e+00 7.566959e-19
1.448951e+00 7.228753e-19
1.452292e+00 6.895139e-19
1.455641e+00 6.567101e-19
1.458998e+00 6.245577e-19
1.462362e+00 5.931504e-19
1.465735e+00 5.625593e-19
1.469115e+00 5.328540e-19
1.472502e+00 5.040944e-19
1.475898e+00 4.763332e-19
1.479301e+00 4.496050e-19
1.482713e+00 4.239381e-19
1.486132e+00 3.993508e-19
1.489559e+00 3.758537e-19
1.492994e+00 3.534445e-19
1.496437e+00 3.327678e-19
1.499888e+00 3.137097e-19
1.503346e+00 2.955791e-19
1.506813e+00 2.783529e-19
1.510288e+00 2.620065e-19
1.513770e+00 2.465127e-19
1.517261e+00 2.318433e-19
1.520760e+00 2.179673e-19
1.524267e+00 2.048535e-19
1.527782e+00 1.924702e-19
1.531305e+00 1.807857e-19
1.534836e+00 1.697677e-19
1.538375e+00 1.593847e-19
1.541923e+00 1.496057e-19
1.545479e+00 1.404004e-19
1.549043e+00 1.317390e-19
1.552615e+00 1.239099e-19
1.556195e+00 1.166094e-19
1.559784e+00 1.097268e-19
1.563380e+00 1.032399e-19
1.566986e+00 9.712737e-20
1.570599e+00 9.136901e-20
1.574221e+00 8.594548e-20
1.577851e+00 8.083825e-20
1.581490e+00 7.602970e-20
1.585137e+00 7.150307e-20
1.588792e+00 6.724246e-20
1.592456e+00 6.323273e-20
1.596128e+00 5.945955e-20
1.599809e+00 5.590936e-20
1.603498e+00 5.256931e-20
1.607195e+00 4.943768e-20
1.610902e+00 4.660111e-20
1.614616e+00 4.392624e-20
1.618340e+00 4.140402e-20
1.622072e+00 3.902585e-20
1.625812e+00 3.678362e-20
1.629561e+00 3.466966e-20
1.633319e+00 3.267670e-20
1.637085e+00 3.079789e-20
1.640861e+00 2.902675e-20
1.644644e+00 2.735716e-20
1.648437e+00 2.578335e-20
1.652238e+00 2.429982e-20
1.656048e+00 2.290144e-20
1.659867e+00 2.158336e-20
1.663695e+00 2.034100e-20
1.667531e+00 1.918485e-20
1.671377e+00 1.811794e-20
1.675231e+00 1.711027e-20
1.679094e+00 1.615861e-20
1.682966e+00 1.525982e-20
1.686847e+00 1.441094e-20
1.690737e+00 1.360922e-20
1.694636e+00 1.285206e-20
1.698544e+00 1.213698e-20
1.702460e+00 1.146169e-20
1.706386e+00 1.082396e-20
1.710321e+00 1.022169e-20
1.714265e+00 9.652925e-21
1.718218e+00 9.115791e-21
1.722181e+00 8.608536e-21
1.726152e+00 8.129501e-21
1.730132e+00 7.685830e-21
1.734122e+00 7.270573e-21
1.738121e+00 6.877698e-21
1.742129e+00 6.506056e-21
1.746147e+00 6.154606e-21
1.750173e+00 5.822158e-21
1.754209e+00 5.507692e-21
1.758254e+00 5.210237e-21
1.762309e+00 4.928778e-21
1.766373e+00 4.662530e-21
1.770446e+00 4.410675e-21
1.774529e+00 4.172436e-21
1.778621e+00 3.947076e-21
1.782722e+00 3.733902e-21
1.786833e+00 3.532255e-21
1.790954e+00 3.341513e-21
1.795084e+00 3.165537e-21
1.799223e+00 2.999112e-21
1.803372e+00 2.841349e-21
1.807531e+00 2.691878e-21
1.811699e+00 2.550292e-21
1.815877e+00 2.416176e-21
1.820064e+00 2.289137e-21
1.824261e+00 2.168803e-21
1.828468e+00 2.054821e-21
1.832684e+00 1.946856e-21
1.836911e+00 1.844594e-21
1.841147e+00 1.747734e-21
1.845392e+00 1.655991e-21
1.849648e+00 1.569097e-21
1.853913e+00 1.486798e-21
1.858188e+00 1.409265e-21
1.862473e+00 1.337050e-21
1.866768e+00 1.268571e-21
1.871073e+00 1.203640e-21
1.875388e+00 1.142071e-21
1.879712e+00 1.083695e-21
1.884047e+00 1.028345e-21
1.888391e+00 9.758682e-22
1.892746e+00 9.261161e-22
1.897111e+00 8.789499e-22
1.901486e+00 8.342366e-22
1.905870e+00 7.918510e-22
1.910265e+00 7.516738e-22
1.914670e+00 7.135923e-22
1.919086e+00 6.774994e-22
1.923511e+00 6.432934e-22
1.927947e+00 6.112124e-22
1.932393e+00 5.810757e-22
1.936849e+00 5.524908e-22
1.941315e+00 5.253791e-22
1.945792e+00 4.996687e-22
1.950279e+00 4.752880e-22
1.954776e+00 4.521727e-22
1.959284e+00 4.302582e-22
1.963802e+00 4.094863e-22
1.968331e+00 3.897992e-22
1.972870e+00 3.711438e-22
1.977419e+00 3.539639e-22
1.981979e+00 3.382411e-22
1.986549e+00 3.227551e-22
1.991130e+00 3.078046e-22
1.995722e+00 2.936574e-22
2.000324e+00 2.804763e-22
2.004937e+00 2.682604e-22
2.009560e+00 2.563521e-22
2.014194e+00 2.441012e-22
2.018839e+00 2.342181e-22
2.023495e+00 2.272584e-22
2.028161e+00 2.190175e-22
2.032838e+00 2.102883e-22
2.037525e+00 2.005243e-22
2.042224e+00 1.911745e-22
2.046933e+00 1.837317e-22
2.051654e+00 1.766988e-22
2.056385e+00 1.700572e-22
2.061127e+00 1.627735e-22
2.065880e+00 1.550867e-22
2.070644e+00 1.522421e-22
2.075419e+00 1.511198e-22
2.080205e+00 1.512132e-22
2.085001e+00 1.475687e-22
2.089810e+00 1.359910e-22
2.094629e+00 1.279053e-22
2.099459e+00 1.219762e-22
2.104300e+00 1.180474e-22
2.109153e+00 1.142341e-22
2.114016e+00 1.090021e-22
2.118891e+00 1.048055e-22
2.123778e+00 1.018408e-22
2.128675e+00 9.904930e-23
2.133584e+00 9.641889e-23
2.138504e+00 9.394362e-23
2.143435e+00 9.161150e-23
2.148378e+00 8.942581e-23
2.153332e+00 8.605597e-23
2.158298e+00 8.212881e-23
2.163275e+00 8.026853e-23
2.168263e+00 7.852610e-23
2.173263e+00 7.688263e-23
2.178275e+00 7.533182e-23
2.183298e+00 7.386631e-23
2.188333e+00 7.058784e-23
2.193379e+00 6.800127e-23
2.198437e+00 6.675076e-23
2.203507e+00 6.556875e-23
2.208588e+00 6.444919e-23
2.213681e+00 6.339054e-23
2.218786e+00 6.319272e-23
2.223902e+00 6.422610e-23
2.229031e+00 6.376112e-23
2.234171e+00 6.290689e-23
2.239323e+00 6.209276e-23
2.244487e+00 6.985143e-23
2.249663e+00 8.537386e-23
2.254850e+00 1.044731e-22
2.260050e+00 1.095796e-22
2.265262e+00 8.526858e-23
2.270485e+00 6.737025e-23
2.275721e+00 5.409433e-23
2.280969e+00 5.351842e-23
2.286229e+00 5.296313e-23
2.291501e+00 5.242655e-23
2.296785e+00 5.190955e-23
2.302082e+00 5.140848e-23
2.307390e+00 5.092297e-23
2.312711e+00 5.045448e-23
2.318044e+00 4.999846e-23
2.323390e+00 4.955527e-23
2.328747e+00 4.912388e-23
2.334117e+00 4.870247e-23
2.339500e+00 4.829202e-23
2.344895e+00 4.789081e-23
2.350302e+00 4.739837e-23
2.355722e+00 4.523716e-23
2.361154e+00 4.401486e-23
2.366599e+00 4.366090e-23
2.372057e+00 4.331517e-23
2.377527e+00 4.377782e-23
2.383009e+00 4.519496e-23
2.388504e+00 4.495641e-23
2.394012e+00 4.461781e-23
2.399533e+00 4.428429e-23
2.405066e+00 4.395651e-23
2.410612e+00 4.293120e-23
2.416171e+00 4.090611e-23
2.421743e+00 4.045482e-23
2.427327e+00 4.015996e-23
2.432925e+00 3.986858e-23
2.438535e+00 3.958162e-23
2.444159e+00 3.929758e-23
2.449795e+00 3.901645e-23
2.455444e+00 3.873939e-23
2.461106e+00 3.846486e-23
2.466782e+00 3.819279e-23
2.472470e+00 3.792445e-23
2.478172e+00 3.765843e-23
2.483886e+00 3.739464e-23
2.489614e+00 3.713407e-23
2.495355e+00 3.789942e-23
2.501110e+00 3.862782e-23
2.506877e+00 3.676953e-23
2.512658e+00 3.502139e-23
2.518452e+00 3.376769e-23
2.524260e+00 3.353477e-23
2.530081e+00 3.330432e-23
2.535915e+00 3.307548e-23
2.541763e+00 3.284823e-23
2.547624e+00 3.262356e-23
2.553499e+00 3.240043e-23
2.559388e+00 3.217879e-23
2.565289e+00 3.195919e-23
2.571205e+00 3.174145e-23
2.577134e+00 3.152513e-23
2.583077e+00 3.131030e-23
2.589034e+00 3.109768e-23
2.595004e+00 3.088639e-23
2.600988e+00 3.067641e-23
2.606986e+00 3.046827e-23
2.612998e+00 3.026179e-23
2.619023e+00 3.005657e-23
2.625063e+00 2.986638e-23
2.631116e+00 3.099404e-23
2.637184e+00 3.127438e-23
2.643265e+00 3.106217e-23
2.649360e+00 3.085150e-23
2.655470e+00 3.064269e-23
2.661593e+00 3.043513e-23
2.667731e+00 3.022882e-23
2.673883e+00 3.002417e-23
2.680049e+00 2.982112e-23
2.686229e+00 2.961929e-23
2.692424e+00 2.941867e-23
2.698632e+00 2.921973e-23
2.704855e+00 2.902225e-23
2.711093e+00 2.882594e-23
2.717345e+00 2.863082e-23
2.723611e+00 2.843734e-23
2.729891e+00 2.824524e-23
2.736187e+00 2.805430e-23
2.742496e+00 2.786450e-23
2.748821e+00 2.767624e-23
2.755159e+00 2.748937e-23
2.761513e+00 2.730363e-23
2.767881e+00 2.711902e-23
2.774264e+00 2.693576e-23
2.780661e+00 2.570135e-23
2.787073e+00 2.503263e-23
2.793500e+00 2.486388e-23
2.799942e+00 2.469618e-23
2.806399e+00 2.452999e-23
2.812870e+00 2.436482e-23
2.819357e+00 2.420065e-23
2.825858e+00 2.403750e-23
2.832375e+00 2.387560e-23
2.838906e+00 2.371491e-23
2.845453e+00 2.355520e-23
2.852014e+00 2.339649e-23
2.858591e+00 2.323876e-23
2.865183e+00 2.308236e-23
2.871790e+00 2.213009e-23
2.878413e+00 2.148406e-23
2.885050e+00 2.133970e-23
2.891703e+00 2.119625e-23
2.898372e+00 2.105404e-23
2.905055e+00 2.091272e-23
2.911754e+00 2.077228e-23
2.918469e+00 2.063272e-23
2.925199e+00 2.049404e-23
2.931944e+00 2.035651e-23
2.938705e+00 2.021987e-23
2.945482e+00 2.008410e-23
2.952274e+00 2.027118e-23
2.959082e+00 2.099881e-23
2.965906e+00 2.085739e-23
2.972745e+00 2.071702e-23
2.979601e+00 1.993853e-23
2.986472e+00 1.928827e-23
2.993358e+00 1.915867e-23
3.000261e+00 1.902990e-23
3.007180e+00 1.890216e-23
3.014114e+00 1.806051e-23
3.021065e+00 1.762559e-23
3.028031e+00 1.787381e-23
3.035014e+00 1.839944e-23
3.042013e+00 1.827577e-23
3.049028e+00 1.815305e-23
3.056059e+00 1.803117e-23
3.063106e+00 1.791007e-23
3.070170e+00 1.778975e-23
3.077250e+00 1.767021e-23
3.084346e+00 1.755144e-23
3.091458e+00 1.743347e-23
3.098587e+00 1.731641e-23
3.105733e+00 1.789897e-23
3.112894e+00 7.559935e-23
3.120073e+00 1.809350e-22
3.127268e+00 2.227154e-22
3.134479e+00 1.004357e-22
3.141707e+00 1.760992e-23
3.148952e+00 1.664128e-23
3.156214e+00 1.640713e-23
3.163492e+00 1.629688e-23
3.170787e+00 1.618735e-23
3.178099e+00 1.607853e-23
3.185427e+00 1.597042e-23
3.192773e+00 1.586303e-23
3.200136e+00 1.575633e-23
3.207515e+00 1.565044e-23
3.214912e+00 1.554525e-23
3.222325e+00 1.487097e-23
3.229756e+00 1.450351e-23
3.237204e+00 1.440626e-23
3.244669e+00 1.430965e-23
3.252151e+00 1.421366e-23
3.259651e+00 1.411831e-23
3.267167e+00 1.402358e-23
3.274702e+00 1.392950e-23
3.282253e+00 1.383610e-23
3.289822e+00 1.374330e-23
3.297408e+00 1.365111e-23
3.305012e+00 1.355952e-23
3.312634e+00 1.346854e-23
3.320272e+00 1.337815e-23
3.327929e+00 1.355304e-23
3.335603e+00 1.395395e-23
3.343295e+00 1.386001e-23
3.351005e+00 1.376670e-23
3.358732e+00 1.367400e-23
3.366478e+00 1.358193e-23
3.374241e+00 1.349052e-23
3.382022e+00 1.279018e-23
3.389821e+00 1.259117e-23
3.397638e+00 1.250661e-23
3.405473e+00 1.242261e-23
3.413326e+00 1.233917e-23
3.421197e+00 1.225627e-23
3.429086e+00 1.217392e-23
3.436994e+00 1.209212e-23
3.444919e+00 1.201086e-23
3.452863e+00 1.193013e-23
3.460826e+00 1.204950e-23
3.468806e+00 1.243956e-23
3.476805e+00 1.235571e-23
3.484823e+00 1.227242e-23
3.492859e+00 1.218968e-23
3.500914e+00 1.203617e-23
3.508987e+00 1.142977e-23
3.517078e+00 1.194474e-23
3.525189e+00 1.184975e-23
3.533318e+00 1.115280e-23
3.541466e+00 1.107661e-23
3.549633e+00 1.100208e-23
3.557818e+00 1.092804e-23
3.566022e+00 1.142123e-23
3.574246e+00 1.139200e-23
3.582488e+00 1.077032e-23
3.590749e+00 1.063672e-23
3.599029e+00 1.056510e-23
3.607329e+00 1.049394e-23
3.615647e+00 1.042325e-23
3.623985e+00 1.035303e-23
3.632342e+00 1.028328e-23
3.640718e+00 1.021399e-23
3.649114e+00 1.014515e-23
3.657529e+00 1.007677e-23
3.665963e+00 1.000884e-23
3.674417e+00 9.941355e-24
3.682890e+00 9.874318e-24
3.691383e+00 9.807724e-24
3.699895e+00 9.741570e-24
3.708427e+00 9.675857e-24
3.716979e+00 9.610585e-24
3.725550e+00 9.545743e-24
3.734141e+00 9.532441e-24
3.742752e+00 9.878543e-24
3.751383e+00 9.353780e-24
3.760034e+00 9.290635e-24
3.768704e+00 9.227907e-24
3.777395e+00 9.165593e-24
3.786106e+00 9.103690e-24
3.794836e+00 9.042196e-24
3.803587e+00 8.981107e-24
3.812358e+00 8.920421e-24
3.821150e+00 8.860134e-24
3.829961e+00 8.800245e-24
3.838793e+00 8.740750e-24
3.847646e+00 8.681647e-24
3.856518e+00 8.622932e-24
3.865411e+00 8.564604e-24
3.874325e+00 8.506659e-24
3.883259e+00 8.449095e-24
3.892214e+00 8.391933e-24
3.901190e+00 8.335150e-24
3.910186e+00 8.183885e-24
3.919203e+00 7.799570e-24
3.928240e+00 7.746864e-24
3.937299e+00 7.694503e-24
3.946378e+00 7.642483e-24
3.955479e+00 7.590803e-24
3.964600e+00 7.539461e-24
3.973743e+00 7.488454e-24
3.982906e+00 7.437779e-24
3.992091e+00 7.387449e-24
4.001296e+00 7.337462e-24
4.010524e+00 7.287802e-24
4.019772e+00 7.238464e-24
4.029041e+00 7.189449e-24
4.038332e+00 7.140752e-24
4.047645e+00 7.092372e-24
4.056979e+00 7.044307e-24
4.066334e+00 6.996555e-24
4.075711e+00 6.949135e-24
4.085110e+00 6.902034e-24
4.094530e+00 6.855238e-24
4.103972e+00 6.647841e-24
4.113436e+00 6.631596e-24
4.122922e+00 6.716668e-24
4.132429e+00 6.671076e-24
4.141958e+00 6.638128e-24
4.151510e+00 6.935851e-24
4.161083e+00 6.888697e-24
4.170679e+00 6.673085e-24
4.180296e+00 6.447654e-24
4.189936e+00 6.403839e-24
4.199598e+00 6.061229e-24
4.209282e+00 6.005100e-24
4.218989e+00 5.964343e-24
4.228718e+00 5.923847e-24
4.238470e+00 6.070803e-24
4.248244e+00 5.907394e-24
4.258040e+00 5.803918e-24
4.267859e+00 6.063628e-24
4.277701e+00 6.126404e-24
4.287565e+00 6.480167e-24
4.297452e+00 6.366617e-24
4.307362e+00 6.217606e-24
4.317295e+00 5.859974e-24
4.327251e+00 5.820061e-24
4.337230e+00 5.780405e-24
4.347231e+00 5.551883e-24
4.357256e+00 5.420959e-24
4.367304e+00 5.405058e-24
4.377375e+00 5.624365e-24
4.387469e+00 5.449230e-24
4.397587e+00 5.274732e-24
4.407728e+00 5.490025e-24
4.417892e+00 5.472417e-24
4.428079e+00 5.435068e-24
4.438291e+00 5.397959e-24
4.448525e+00 5.361087e-24
4.458784e+00 5.062509e-24
4.469066e+00 5.027967e-24
4.479371e+00 4.993645e-24
4.489701e+00 4.959541e-24
4.500054e+00 4.925657e-24
4.510431e+00 4.954989e-24
4.520832e+00 4.983989e-24
4.531257e+00 4.825395e-24
4.541707e+00 4.792399e-24
4.552180e+00 4.759649e-24
4.562677e+00 4.727107e-24
4.573199e+00 4.694772e-24
4.583745e+00 4.662649e-24
4.594315e+00 4.630759e-24
4.604909e+00 4.599071e-24
4.615528e+00 4.770878e-24
4.626172e+00 4.536317e-24
4.636840e+00 4.505265e-24
4.647532e+00 4.474410e-24
4.658249e+00 4.443751e-24
4.668991e+00 4.413319e-24
4.679758e+00 4.383082e-24
4.690550e+00 4.353037e-24
4.701366e+00 4.323202e-24
4.712208e+00 4.293571e-24
4.723074e+00 4.264128e-24
4.733965e+00 4.035048e-24
4.744882e+00 4.007398e-24
4.755824e+00 4.116990e-24
4.766791e+00 3.952625e-24
4.777783e+00 3.925529e-24
4.788800e+00 3.898604e-24
4.799843e+00 3.871850e-24
4.810912e+00 3.845295e-24
4.822006e+00 3.818909e-24
4.833126e+00 3.792690e-24
4.844271e+00 3.713289e-24
4.855442e+00 3.571915e-24
4.866638e+00 3.547397e-24
4.877861e+00 3.523062e-24
4.889109e+00 3.498882e-24
4.900384e+00 3.474859e-24
4.911684e+00 3.451012e-24
4.923010e+00 3.427317e-24
4.934363e+00 3.564615e-24
4.945741e+00 3.461771e-24
4.957146e+00 3.357193e-24
4.968578e+00 3.369788e-24
4.980035e+00 3.467634e-24
4.991519e+00 3.610910e-24
5.003030e+00 3.972124e-24
5.014567e+00 3.323278e-24
5.026130e+00 3.221175e-24
5.037721e+00 3.199046e-24
5.049338e+00 3.177059e-24
5.060981e+00 3.155232e-24
5.072652e+00 3.133549e-24
5.084350e+00 3.095597e-24
5.096074e+00 2.957861e-24
5.107826e+00 2.937546e-24
5.119605e+00 3.098432e-24
5.131410e+00 3.170087e-24
5.143243e+00 3.121317e-24
5.155104e+00 2.907137e-24
5.166991e+00 2.960351e-24
5.178907e+00 2.818603e-24
5.190849e+00 2.799251e-24
5.202819e+00 2.780041e-24
5.214817e+00 2.673321e-24
5.226842e+00 2.742012e-24
5.238896e+00 2.804141e-24
5.250977e+00 2.811327e-24
5.263085e+00 2.685960e-24
5.275222e+00 2.667530e-24
5.287387e+00 2.649240e-24
5.299580e+00 2.631068e-24
5.311800e+00 2.613032e-24
5.324049e+00 2.595116e-24
5.336327e+00 2.577331e-24
5.348632e+00 2.559667e-24
5.360966e+00 2.438952e-24
5.373329e+00 2.422278e-24
5.385720e+00 2.507427e-24
5.398139e+00 2.411672e-24
5.410587e+00 2.399720e-24
5.423064e+00 2.379723e-24
5.435570e+00 2.340687e-24
5.448104e+00 2.324719e-24
5.460668e+00 2.308867e-24
5.473260e+00 2.293129e-24
5.485881e+00 2.277506e-24
5.498532e+00 2.425947e-24
5.511212e+00 2.409085e-24
5.523920e+00 2.243375e-24
5.536659e+00 2.252919e-24
5.549426e+00 2.293574e-24
5.562223e+00 2.234883e-24
5.575050e+00 2.088677e-24
5.587906e+00 2.074566e-24
5.600792e+00 2.134153e-24
5.613707e+00 2.046655e-24
5.626652e+00 2.032858e-24
5.639627e+00 2.019169e-24
5.652632e+00 2.005585e-24
5.665668e+00 2.060953e-24
5.678733e+00 2.056551e-24
5.691828e+00 2.219761e-24
5.704953e+00 2.016730e-24
5.718109e+00 1.952184e-24
5.731295e+00 2.064387e-24
5.744511e+00 1.890108e-24
5.757758e+00 1.833415e-24
5.771036e+00 1.926346e-24
5.784344e+00 1.948689e-24
5.797682e+00 1.935686e-24
5.811052e+00 1.922787e-24
5.824452e+00 1.909992e-24
5.837883e+00 1.791058e-24
5.851346e+00 1.750554e-24
5.864839e+00 1.739114e-24
5.878363e+00 1.727773e-24
5.891919e+00 1.716527e-24
5.905506e+00 1.705383e-24
5.919124e+00 1.694336e-24
5.932773e+00 1.683385e-24
5.946454e+00 1.672534e-24
5.960167e+00 1.661779e-24
5.973911e+00 1.651121e-24
5.987687e+00 1.640562e-24
6.001495e+00 1.630097e-24
6.015334e+00 1.619730e-24
6.029206e+00 1.583099e-24
6.043109e+00 1.599284e-24
6.057044e+00 1.545942e-24
6.071012e+00 1.528558e-24
6.085012e+00 1.529018e-24
6.099044e+00 1.559535e-24
6.113108e+00 1.521333e-24
6.127205e+00 1.503942e-24
6.141335e+00 1.582487e-24
6.155496e+00 1.797890e-24
6.169691e+00 2.231891e-24
6.183918e+00 2.423541e-24
6.198179e+00 1.970719e-24
6.212472e+00 2.302935e-24
6.226798e+00 1.824274e-24
6.241157e+00 1.636372e-24
6.255549e+00 1.657190e-24
6.269974e+00 1.363355e-24
6.284433e+00 1.355458e-24
6.298925e+00 1.347646e-24
6.313450e+00 1.339918e-24
6.328009e+00 1.332273e-24
6.342601e+00 1.320732e-24
6.357228e+00 1.282567e-24
6.371887e+00 1.275463e-24
6.386581e+00 1.268437e-24
6.401308e+00 1.261491e-24
6.416070e+00 1.254623e-24
6.430865e+00 1.247835e-24
6.445695e+00 1.241124e-24
6.460559e+00 1.267137e-24
6.475457e+00 1.258496e-24
6.490389e+00 1.221455e-24
6.505356e+00 1.226288e-24
6.520358e+00 1.208725e-24
6.535394e+00 1.202472e-24
6.550464e+00 1.196295e-24
6.565570e+00 1.190193e-24
6.580710e+00 1.184165e-24
6.595885e+00 1.178211e-24
6.611095e+00 1.172331e-24
6.626341e+00 1.166522e-24
6.641621e+00 1.160787e-24
6.656937e+00 1.179246e-24
6.672288e+00 1.178371e-24
6.687674e+00 1.144015e-24
6.703096e+00 1.138567e-24
6.718553e+00 1.133190e-24
6.734046e+00 1.127883e-24
6.749575e+00 1.122646e-24
6.765140e+00 1.117480e-24
6.780740e+00 1.112382e-24
6.796376e+00 1.107354e-24
6.812049e+00 1.102394e-24
6.827758e+00 1.097502e-24
6.843502e+00 1.074474e-24
6.859284e+00 1.087923e-24
6.875101e+00 1.083233e-24
6.890955e+00 1.078612e-24
6.906846e+00 1.055651e-24
6.922773e+00 1.047461e-24
6.938737e+00 1.043255e-24
6.954738e+00 1.039113e-24
6.970775e+00 1.035034e-24
6.986850e+00 1.039843e-24
7.002962e+00 1.048099e-24
7.019111e+00 1.050728e-24
7.035297e+00 1.063112e-24
7.051520e+00 1.035986e-24
7.067781e+00 1.032075e-24
7.084080e+00 1.030187e-24
7.100415e+00 1.165273e-24
7.116789e+00 1.067026e-24
7.133200e+00 1.190176e-24
7.149650e+00 1.345302e-24
7.166137e+00 9.921091e-25
7.182662e+00 9.876416e-25
7.199225e+00 9.844139e-25
7.215827e+00 9.977168e-25
7.232466e+00 9.963057e-25
7.249145e+00 9.768834e-25
7.265861e+00 9.720729e-25
7.282616e+00 9.691276e-25
7.299410e+00 9.823750e-25
7.316243e+00 1.044922e-24
7.333114e+00 9.781371e-25
7.350024e+00 9.936901e-25
7.366973e+00 9.718648e-25
7.383962e+00 9.677906e-25
7.400989e+00 9.500231e-25
7.418056e+00 9.475037e-25
7.435162e+00 9.450351e-25
7.452307e+00 9.426169e-25
7.469493e+00 9.680095e-25
7.486717e+00 9.569903e-25
7.503982e+00 9.356584e-25
7.521286e+00 9.400482e-25
7.538630e+00 9.312607e-25
7.556014e+00 9.291326e-25
7.573438e+00 9.270508e-25
7.590903e+00 9.134734e-25
7.608407e+00 9.230242e-25
7.625953e+00 9.087010e-25
7.643538e+00 9.069477e-25
7.661164e+00 9.092574e-25
7.678831e+00 9.290121e-25
7.696538e+00 9.137304e-25
7.714287e+00 9.036201e-25
7.732076e+00 8.988043e-25
7.749906e+00 9.085279e-25
7.767777e+00 9.070511e-25
7.785690e+00 9.054817e-25
7.803644e+00 9.039511e-25
7.821639e+00 9.024588e-25
7.839676e+00 9.010042e-25
7.857754e+00 8.995868e-25
7.875874e+00 8.982063e-25
7.894036e+00 8.968619e-25
7.912240e+00 8.955529e-25
7.930485e+00 9.016810e-25
7.948773e+00 9.150516e-25
7.967103e+00 9.023208e-25
7.985475e+00 8.934082e-25
8.003890e+00 8.952147e-25
8.022347e+00 8.853570e-25
8.040846e+00 8.873386e-25
8.059389e+00 8.851085e-25
8.077974e+00 8.762423e-25
8.096602e+00 8.753761e-25
8.115272e+00 8.818303e-25
8.133986e+00 9.161578e-25
8.152743e+00 9.148307e-25
8.171544e+00 8.888998e-25
8.190387e+00 8.714613e-25
8.209274e+00 8.707583e-25
8.228205e+00 8.700809e-25
8.247179e+00 8.694286e-25
8.266197e+00 8.762618e-25
8.285259e+00 9.197323e-25
8.304365e+00 9.187683e-25
8.323515e+00 8.950995e-25
8.342709e+00 8.750753e-25
8.361947e+00 8.631540e-25
8.381230e+00 8.591140e-25
8.400557e+00 8.650653e-25
8.419929e+00 8.561952e-25
8.439346e+00 8.526355e-25
8.458807e+00 8.574084e-25
8.478313e+00 8.521647e-25
8.497864e+00 8.519573e-25
8.517460e+00 8.517681e-25
8.537101e+00 8.566407e-25
8.556788e+00 8.523449e-25
8.576520e+00 8.513085e-25
8.596298e+00 8.511907e-25
8.616121e+00 8.469115e-25
8.635989e+00 8.496677e-25
8.655904e+00 8.509416e-25
8.675865e+00 8.508930e-25
8.695871e+00 8.508618e-25
8.715924e+00 8.508476e-25
8.736023e+00 8.470048e-25
8.756168e+00 8.470779e-25
8.776360e+00 8.502833e-25
8.796599e+00 8.472740e-25
8.816884e+00 8.473972e-25
8.837215e+00 8.475375e-25
8.857594e+00 8.476950e-25
8.878020e+00 8.478700e-25
8.898493e+00 8.480627e-25
8.919012e+00 8.482734e-25
8.939580e+00 8.485024e-25
8.960195e+00 8.487500e-25
8.980857e+00 8.490165e-25
9.001567e+00 8.493023e-25
9.022324e+00 8.496077e-25
9.043130e+00 8.499330e-25
9.063984e+00 8.484283e-25
9.084885e+00 8.506445e-25
9.105835e+00 8.531181e-25
9.126833e+00 8.514388e-25
9.147880e+00 8.518674e-25
9.168975e+00 8.523169e-25
9.190118e+00 8.527872e-25
9.211311e+00 8.561005e-25
9.232552e+00 8.565753e-25
9.253843e+00 8.543194e-25
9.275182e+00 8.548683e-25
9.296571e+00 8.554345e-25
9.318009e+00 8.560166e-25
9.339496e+00 8.566128e-25
9.361033e+00 8.572210e-25
9.382620e+00 8.578385e-25
9.404256e+00 8.562643e-25
9.425942e+00 8.569189e-25
9.447679e+00 8.575727e-25
9.469465e+00 8.582216e-25
9.491302e+00 8.588611e-25
9.513189e+00 8.594866e-25
9.535126e+00 8.621317e-25
9.557114e+00 8.609621e-25
9.579153e+00 8.612285e-25
9.601243e+00 8.617470e-25
9.623383e+00 8.622260e-25
9.645575e+00 8.626607e-25
9.667817e+00 8.630466e-25
9.690112e+00 8.633798e-25
9.712457e+00 8.654920e-25
9.734854e+00 8.638752e-25
9.757303e+00 8.640326e-25
9.779803e+00 8.641280e-25
9.802355e+00 8.641607e-25
9.824960e+00 8.641310e-25
9.847616e+00 8.640398e-25
9.870325e+00 8.655474e-25
9.893086e+00 8.717458e-25
9.915899e+00 8.728626e-25
9.938766e+00 8.658529e-25
9.961684e+00 8.646842e-25
9.984656e+00 8.625608e-25
1.000768e+01 8.621114e-25
1.003076e+01 8.600864e-25
1.005389e+01 8.595828e-25
1.007707e+01 8.590480e-25
1.010031e+01 8.584854e-25
1.012360e+01 8.578982e-25
1.014695e+01 8.562475e-25
1.017035e+01 8.562011e-25
1.019380e+01 8.550092e-25
1.021731e+01 8.543673e-25
1.024087e+01 8.537129e-25
1.026448e+01 8.530479e-25
1.028815e+01 8.523737e-25
1.031188e+01 8.526210e-25
1.033566e+01 8.519174e-25
1.035949e+01 8.513473e-25
1.038338e+01 8.504947e-25
1.040732e+01 8.489064e-25
1.043132e+01 8.481993e-25
1.045538e+01 8.480260e-25
1.047949e+01 8.467755e-25
1.050365e+01 8.465111e-25
1.052788e+01 8.453404e-25
1.055215e+01 8.446189e-25
1.057649e+01 8.438947e-25
1.060088e+01 8.431679e-25
1.062532e+01 8.424383e-25
1.064982e+01 8.424475e-25
1.067438e+01 8.417003e-25
1.069900e+01 8.409500e-25
1.072367e+01 8.404593e-25
1.074840e+01 8.394395e-25
1.077318e+01 8.386788e-25
1.079803e+01 8.372393e-25
1.082293e+01 8.364810e-25
1.084789e+01 8.363721e-25
1.087290e+01 8.349501e-25
1.089797e+01 8.341771e-25
1.092311e+01 8.333987e-25
1.094829e+01 8.326147e-25
1.097354e+01 8.318249e-25
1.099885e+01 8.316252e-25
1.102421e+01 8.302810e-25
1.104963e+01 8.294430e-25
1.107511e+01 8.286028e-25
1.110065e+01 8.277804e-25
1.112625e+01 8.268769e-25
1.115191e+01 8.261141e-25
1.117762e+01 8.251197e-25
1.120340e+01 8.239583e-25
1.122923e+01 8.235579e-25
1.125513e+01 8.222443e-25
1.128108e+01 8.213749e-25
1.130710e+01 8.204971e-25
1.133317e+01 8.196108e-25
1.135931e+01 8.187157e-25
1.138550e+01 8.179165e-25
1.141176e+01 8.173064e-25
1.143807e+01 8.161472e-25
1.146445e+01 8.150463e-25
1.149088e+01 8.141060e-25
1.151738e+01 8.131883e-25
1.154394e+01 8.166178e-25
1.157056e+01 8.114243e-25
1.159724e+01 8.102509e-25
1.162399e+01 8.095794e-25
1.165079e+01 8.089910e-25
1.167766e+01 8.073678e-25
1.170459e+01 8.069846e-25
1.173158e+01 8.052847e-25
1.175863e+01 8.041781e-25
1.178575e+01 8.031314e-25
1.181293e+01 8.020747e-25
1.184017e+01 8.010081e-25
1.186747e+01 7.999314e-25
1.189484e+01 7.988447e-25
1.192227e+01 7.977479e-25
1.194976e+01 7.966410e-25
1.197731e+01 7.958228e-25
1.200493e+01 7.950296e-25
1.203262e+01 7.932600e-25
1.206037e+01 7.920506e-25
1.208818e+01 7.909556e-25
1.211605e+01 7.895463e-25
1.214399e+01 7.883724e-25
1.217200e+01 7.871884e-25
1.220006e+01 7.862261e-25
1.222820e+01 7.850187e-25
1.225640e+01 7.838014e-25
1.228466e+01 7.825741e-25
1.231299e+01 7.815882e-25
1.234138e+01 7.803376e-25
1.236984e+01 7.789824e-25
1.239837e+01 7.778072e-25
1.242696e+01 7.771129e-25
1.245561e+01 7.757121e-25
1.248434e+01 7.742040e-25
1.251313e+01 7.724980e-25
1.254198e+01 7.708931e-25
1.257090e+01 7.695715e-25
1.259989e+01 7.682429e-25
1.262895e+01 7.669001e-25
1.265807e+01 7.655504e-25
1.268726e+01 7.641914e-25
1.271652e+01 7.628233e-25
1.274584e+01 7.614460e-25
1.277523e+01 7.600596e-25
1.280469e+01 7.586643e-25
1.283422e+01 7.572601e-25
1.286382e+01 7.558471e-25
1.289348e+01 7.543121e-25
1.292321e+01 7.529950e-25
1.295301e+01 7.515561e-25
1.298288e+01 7.501087e-25
1.301282e+01 7.486529e-25
1.304283e+01 7.471889e-25
1.307291e+01 7.457167e-25
1.310305e+01 7.442364e-25
1.313327e+01 7.430642e-25
1.316355e+01 7.418381e-25
1.319391e+01 7.397136e-25
1.322433e+01 7.381130e-25
1.325483e+01 7.367173e-25
1.328539e+01 7.350995e-25
1.331603e+01 7.335471e-25
1.334674e+01 7.322499e-25
1.337752e+01 7.304520e-25
1.340836e+01 7.288983e-25
1.343928e+01 7.273378e-25
1.347027e+01 7.257704e-25
1.350134e+01 7.241964e-25
1.353247e+01 7.226159e-25
1.356368e+01 7.210290e-25
1.359496e+01 7.194359e-25
1.362631e+01 7.178366e-25
1.365773e+01 7.162313e-25
1.368922e+01 7.146202e-25
1.372079e+01 7.130034e-25
1.375243e+01 7.113810e-25
1.378414e+01 7.097532e-25
1.381593e+01 7.081202e-25
1.384779e+01 7.064819e-25
1.387972e+01 7.048387e-25
1.391173e+01 7.031108e-25
1.394381e+01 7.014591e-25
1.397596e+01 6.998029e-25
1.400819e+01 6.981424e-25
1.404050e+01 6.964776e-25
1.407287e+01 6.948088e-25
1.410533e+01 6.931361e-25
1.413785e+01 6.914597e-25
1.417045e+01 6.897797e-25
1.420313e+01 6.881975e-25
1.423588e+01 6.864099e-25
1.426871e+01 6.847203e-25
1.430162e+01 6.830161e-25
1.433460e+01 6.812742e-25
1.436765e+01 6.795774e-25
1.440078e+01 6.778784e-25
1.443399e+01 6.761772e-25
1.446728e+01 6.744741e-25
1.450064e+01 6.727693e-25
1.453408e+01 6.710630e-25
1.456759e+01 6.693554e-25
1.460119e+01 6.676467e-25
1.463486e+01 6.659370e-25
1.466860e+01 6.642266e-25
1.470243e+01 6.625158e-25
1.473633e+01 6.608046e-25
1.477032e+01 6.590935e-25
1.480438e+01 6.573824e-25
1.483852e+01 6.556718e-25
1.487273e+01 6.539617e-25
1.490703e+01 6.522525e-25
1.494141e+01 6.505038e-25
1.497586e+01 6.488376e-25
1.501040e+01 6.473414e-25
1.504501e+01 6.453898e-25
1.507970e+01 6.436888e-25
1.511448e+01 6.419901e-25
1.514933e+01 6.402938e-25
1.518427e+01 6.386004e-25
1.521928e+01 6.369100e-25
1.525438e+01 6.352229e-25
1.528955e+01 6.335393e-25
1.532481e+01 6.318596e-25
1.536015e+01 6.301839e-25
1.539557e+01 6.284826e-25
1.543107e+01 6.268163e-25
1.546666e+01 6.251549e-25
1.550232e+01 6.234986e-25
1.553807e+01 6.218479e-25
1.557390e+01 6.202029e-25
1.560982e+01 6.185687e-25
1.564581e+01 6.169448e-25
1.568189e+01 6.153053e-25
1.571805e+01 6.136863e-25
1.575430e+01 6.120745e-25
1.579063e+01 6.104703e-25
1.582704e+01 6.088739e-25
1.586354e+01 6.072857e-25
1.590012e+01 6.057059e-25
1.593679e+01 6.041350e-25
1.597354e+01 6.025732e-25
1.601037e+01 6.010209e-25
1.604729e+01 5.994783e-25
1.608430e+01 5.979458e-25
1.612139e+01 5.964237e-25
1.615857e+01 5.949124e-25
1.619583e+01 5.934122e-25
1.623317e+01 5.919234e-25
1.627061e+01 5.904464e-25
1.630813e+01 5.889815e-25
1.634574e+01 5.875290e-25
1.638343e+01 5.860893e-25
1.642121e+01 5.846628e-25
1.645908e+01 5.832704e-25
1.649703e+01 5.818858e-25
1.653507e+01 5.805353e-25
1.657320e+01 5.792210e-25
1.661142e+01 5.778712e-25
1.664973e+01 5.764666e-25
1.668812e+01 5.750841e-25
1.672661e+01 5.737793e-25
1.676518e+01 5.724550e-25
1.680384e+01 5.711789e-25
1.684259e+01 5.699197e-25
1.688143e+01 5.686777e-25
1.692035e+01 5.674533e-25
1.695937e+01 5.662469e-25
1.699848e+01 5.650587e-25
1.703768e+01 5.638891e-25
1.707697e+01 5.627384e-25
1.711635e+01 5.616069e-25
1.715582e+01 5.604950e-25
1.719538e+01 5.594030e-25
1.723503e+01 5.583312e-25
1.727478e+01 5.572798e-25
1.731461e+01 5.562493e-25
1.735454e+01 5.552399e-25
1.739456e+01 5.542518e-25
1.743467e+01 5.532836e-25
1.747488e+01 5.523410e-25
1.751517e+01 5.514189e-25
1.755556e+01 5.505192e-25
1.759605e+01 5.496366e-25
1.763662e+01 5.487884e-25
1.767729e+01 5.479578e-25
1.771806e+01 5.471507e-25
1.775892e+01 5.463573e-25
1.779987e+01 5.455980e-25
1.784092e+01 5.448717e-25
1.788206e+01 5.441521e-25
1.792329e+01 5.434659e-25
1.796462e+01 5.428044e-25
1.800605e+01 5.421679e-25
1.804757e+01 5.415564e-25
1.808919e+01 5.409702e-25
1.813090e+01 5.404094e-25
1.817271e+01 5.398740e-25
1.821462e+01 5.393643e-25
1.825662e+01 5.388804e-25
1.829872e+01 5.384234e-25
1.834092e+01 5.379900e-25
1.838322e+01 5.375837e-25
1.842561e+01 5.372035e-25
1.846810e+01 5.368481e-25
1.851068e+01 5.365165e-25
1.855337e+01 5.362129e-25
1.859615e+01 5.359371e-25
1.863904e+01 5.356875e-25
1.868202e+01 5.354640e-25
1.872510e+01 5.352665e-25
1.876828e+01 5.350949e-25
1.881156e+01 5.349492e-25
1.885494e+01 5.348293e-25
1.889842e+01 5.347350e-25
1.894200e+01 5.346663e-25
1.898568e+01 5.346229e-25
1.902946e+01 5.346047e-25
1.907334e+01 5.346115e-25
1.911733e+01 5.346435e-25
1.916141e+01 5.346993e-25
1.920560e+01 5.347783e-25
1.924989e+01 5.348843e-25
1.929428e+01 5.350126e-25
1.933877e+01 5.351643e-25
1.938336e+01 5.353392e-25
1.942806e+01 5.355367e-25
1.947286e+01 5.357566e-25
1.951777e+01 5.359985e-25
1.956278e+01 5.362619e-25
1.960789e+01 5.365551e-25
1.965310e+01 5.368500e-25
1.969842e+01 5.371766e-25
1.974385e+01 5.375214e-25
1.978938e+01 5.378978e-25
1.983501e+01 5.382676e-25
1.988075e+01 5.386679e-25
1.992660e+01 5.390822e-25
1.997255e+01 5.395166e-25
2.001861e+01 5.399703e-25
2.006477e+01 5.404329e-25
2.011104e+01 5.409134e-25
2.015741e+01 5.414080e-25
2.020390e+01 5.419159e-25
2.025049e+01 5.424363e-25
2.029719e+01 5.429685e-25
2.034399e+01 5.435118e-25
2.039090e+01 5.440654e-25
2.043793e+01 5.446312e-25
2.048506e+01 5.452022e-25
2.053229e+01 5.457796e-25
2.057964e+01 5.463662e-25
2.062710e+01 5.469589e-25
2.067466e+01 5.475570e-25
2.072234e+01 5.481574e-25
2.077013e+01 5.487637e-25
2.081802e+01 5.493728e-25
2.086603e+01 5.499839e-25
2.091415e+01 5.505960e-25
2.096237e+01 5.512084e-25
2.101071e+01 5.518202e-25
2.105916e+01 5.524305e-25
2.110773e+01 5.530385e-25
2.115640e+01 5.536434e-25
2.120519e+01 5.542444e-25
2.125409e+01 5.548405e-25
2.130310e+01 5.554312e-25
2.135223e+01 5.560154e-25
2.140146e+01 5.565925e-25
2.145082e+01 5.571617e-25
2.150028e+01 5.577222e-25
2.154986e+01 5.582733e-25
2.159956e+01 5.588143e-25
2.164936e+01 5.593445e-25
2.169929e+01 5.598632e-25
2.174933e+01 5.603698e-25
2.179948e+01 5.608636e-25
2.184975e+01 5.613441e-25
2.190014e+01 5.618105e-25
2.195064e+01 5.622624e-25
2.200126e+01 5.626992e-25
2.205199e+01 5.631204e-25
2.210284e+01 5.635256e-25
2.215381e+01 5.639141e-25
2.220490e+01 5.642857e-25
2.225610e+01 5.646398e-25
2.230743e+01 5.649760e-25
2.235887e+01 5.652941e-25
2.241043e+01 5.655937e-25
2.246211e+01 5.658744e-25
2.251390e+01 5.661360e-25
2.256582e+01 5.663782e-25
2.261786e+01 5.666007e-25
2.267002e+01 5.668034e-25
2.272229e+01 5.669860e-25
2.277469e+01 5.671484e-25
2.282721e+01 5.672904e-25
2.287985e+01 5.674120e-25
2.293261e+01 5.675130e-25
2.298549e+01 5.675934e-25
2.303850e+01 5.676531e-25
2.309162e+01 5.676920e-25
2.314487e+01 5.677115e-25
2.319825e+01 5.677090e-25
2.325174e+01 5.676859e-25
2.330536e+01 5.676420e-25
2.335910e+01 5.675776e-25
2.341297e+01 5.674928e-25
2.346696e+01 5.673875e-25
2.352107e+01 5.672620e-25
2.357531e+01 5.671164e-25
2.362968e+01 5.669508e-25
2.368417e+01 5.667654e-25
2.373878e+01 5.665604e-25
2.379353e+01 5.663359e-25
2.384839e+01 5.660922e-25
2.390339e+01 5.658295e-25
2.395851e+01 5.655480e-25
2.401376e+01 5.652479e-25
2.406914e+01 5.649295e-25
2.412464e+01 5.645931e-25
2.418027e+01 5.642389e-25
2.423603e+01 5.638671e-25
2.429192e+01 5.634781e-25
2.434794e+01 5.630721e-25
2.440408e+01 5.626494e-25
2.446036e+01 5.622104e-25
2.451676e+01 5.617553e-25
2.457330e+01 5.612844e-25
2.462997e+01 5.607980e-25
2.468676e+01 5.602964e-25
2.474369e+01 5.597800e-25
2.480075e+01 5.592491e-25
2.485794e+01 5.587051e-25
2.491526e+01 5.581460e-25
2.497272e+01 5.575733e-25
2.503031e+01 5.569862e-25
2.508803e+01 5.563873e-25
2.514588e+01 5.557758e-25
2.520387e+01 5.551520e-25
2.526199e+01 5.545152e-25
2.532024e+01 5.538677e-25
2.537863e+01 5.532089e-25
2.543715e+01 5.525390e-25
2.549581e+01 5.518583e-25
2.555460e+01 5.511673e-25
2.561353e+01 5.504661e-25
2.567260e+01 5.497551e-25
2.573180e+01 5.490346e-25
2.579114e+01 5.483049e-25
2.585061e+01 5.475662e-25
2.591022e+01 5.468190e-25
2.596997e+01 5.460634e-25
2.602986e+01 5.452997e-25
2.608988e+01 5.445283e-25
2.615005e+01 5.437494e-25
2.621035e+01 5.429633e-25
2.627079e+01 5.421702e-25
2.633137e+01 5.413704e-25
2.639209e+01 5.405642e-25
2.645295e+01 5.397519e-25
2.651395e+01 5.389336e-25
2.657509e+01 5.381097e-25
2.663638e+01 5.372804e-25
2.669780e+01 5.364459e-25
2.675937e+01 5.356064e-25
2.682107e+01 5.347623e-25
2.688292e+01 5.339137e-25
2.694492e+01 5.330608e-25
2.700705e+01 5.322039e-25
2.706933e+01 5.313431e-25
2.713175e+01 5.304788e-25
2.719432e+01 5.296110e-25
2.725703e+01 5.287401e-25
2.731988e+01 5.278661e-25
2.738288e+01 5.269893e-25
2.744603e+01 5.261099e-25
2.750932e+01 5.252280e-25
2.757275e+01 5.243439e-25
2.763634e+01 5.234577e-25
2.770007e+01 5.225696e-25
2.776394e+01 5.216797e-25
2.782797e+01 5.207882e-25
2.789214e+01 5.198953e-25
2.795646e+01 5.190012e-25
2.802093e+01 5.181059e-25
2.808554e+01 5.172097e-25
2.815031e+01 5.163126e-25
2.821522e+01 5.154149e-25
2.828029e+01 5.145166e-25
2.834550e+01 5.136178e-25
2.841087e+01 5.127188e-25
2.847638e+01 5.118197e-25
2.854205e+01 5.109205e-25
2.860787e+01 5.100214e-25
2.867384e+01 5.091225e-25
2.873996e+01 5.082239e-25
2.880623e+01 5.073257e-25
2.887266e+01 5.064281e-25
2.893924e+01 5.055311e-25
2.900598e+01 5.046348e-25
2.907286e+01 5.037394e-25
2.913991e+01 5.028448e-25
2.920710e+01 5.019513e-25
2.927446e+01 5.010590e-25
2.934196e+01 5.001678e-25
2.940963e+01 4.992779e-25
2.947744e+01 4.983893e-25
2.954542e+01 4.975022e-25
2.961355e+01 4.966166e-25
2.968184e+01 4.957326e-25
2.975029e+01 4.948502e-25
2.981889e+01 4.939696e-25
2.988765e+01 4.930907e-25
2.995658e+01 4.922138e-25
3.002566e+01 4.913387e-25
3.009489e+01 4.904656e-25
3.016429e+01 4.895946e-25
3.023385e+01 4.887256e-25
3.030357e+01 4.878588e-25
3.037345e+01 4.869942e-25
3.044349e+01 4.861319e-25
3.051370e+01 4.852719e-25
3.058406e+01 4.844141e-25
3.065459e+01 4.835588e-25
3.072528e+01 4.827059e-25
3.079613e+01 4.818555e-25
3.086715e+01 4.810076e-25
3.093833e+01 4.801623e-25
3.100967e+01 4.793195e-25
3.108118e+01 4.784794e-25
3.115285e+01 4.776419e-25
3.122469e+01 4.768070e-25
3.129670e+01 4.759750e-25
3.136887e+01 4.751456e-25
3.144120e+01 4.743190e-25
3.151371e+01 4.734953e-25
3.158638e+01 4.726743e-25
3.165922e+01 4.718565e-25
3.173222e+01 4.710410e-25
3.180540e+01 4.702289e-25
3.187874e+01 4.694192e-25
3.195225e+01 4.686127e-25
3.202594e+01 4.678092e-25
3.209979e+01 4.670086e-25
3.217381e+01 4.662110e-25
3.224800e+01 4.654164e-25
3.232237e+01 4.646248e-25
3.239690e+01 4.638363e-25
3.247161e+01 4.630507e-25
3.254649e+01 4.622683e-25
3.262154e+01 4.614888e-25
3.269677e+01 4.607125e-25
3.277217e+01 4.599392e-25
3.284774e+01 4.591690e-25
3.292349e+01 4.584020e-25
3.299941e+01 4.576380e-25
3.307551e+01 4.568771e-25
3.315178e+01 4.561193e-25
3.322823e+01 4.553646e-25
3.330485e+01 4.546131e-25
3.338165e+01 4.538647e-25
3.345863e+01 4.531194e-25
3.353579e+01 4.523772e-25
3.361312e+01 4.516381e-25
3.369063e+01 4.509022e-25
3.376832e+01 4.501694e-25
3.384619e+01 4.494398e-25
3.392424e+01 4.487132e-25
3.400247e+01 4.479898e-25
3.408088e+01 4.472695e-25
3.415947e+01 4.465523e-25
3.423825e+01 4.458383e-25
3.431720e+01 4.451273e-25
3.439634e+01 4.444195e-25
3.447565e+01 4.437147e-25
3.455515e+01 4.430131e-25
3.463484e+01 4.423146e-25
3.471471e+01 4.416191e-25
3.479476e+01 4.409268e-25
3.487500e+01 4.402375e-25
3.495542e+01 4.395512e-25
3.503603e+01 4.388683e-25
3.511682e+01 4.381882e-25
3.519780e+01 4.375110e-25
3.527897e+01 4.368371e-25
3.536032e+01 4.361662e-25
3.544186e+01 4.354980e-25
3.552359e+01 4.348331e-25
3.560551e+01 4.341714e-25
3.568761e+01 4.335124e-25
3.576991e+01 4.328566e-25
3.585240e+01 4.322035e-25
3.593507e+01 4.315536e-25
3.601794e+01 4.309066e-25
3.610100e+01 4.302625e-25
3.618424e+01 4.296214e-25
3.626769e+01 4.289832e-25
3.635132e+01 4.283479e-25
3.643515e+01 4.277156e-25
3.651917e+01 4.270861e-25
3.660338e+01 4.264595e-25
3.668779e+01 4.258358e-25
3.677239e+01 4.252149e-25
3.685719e+01 4.245969e-25
3.694218e+01 4.239818e-25
3.702737e+01 4.233694e-25
3.711275e+01 4.227599e-25
3.719834e+01 4.221532e-25
3.728412e+01 4.215493e-25
3.737009e+01 4.209481e-25
3.745627e+01 4.203497e-25
3.754264e+01 4.197541e-25
3.762922e+01 4.191612e-25
3.771599e+01 4.185711e-25
3.780296e+01 4.179836e-25
3.789014e+01 4.173989e-25
3.797751e+01 4.168168e-25
3.806509e+01 4.162375e-25
3.815287e+01 4.156608e-25
3.824085e+01 4.150867e-25
3.832903e+01 4.145153e-25
3.841742e+01 4.139465e-25
3.850601e+01 4.133803e-25
3.859480e+01 4.128167e-25
3.868380e+01 4.122557e-25
3.877301e+01 4.116973e-25
3.886242e+01 4.111414e-25
3.895204e+01 4.105881e-25
3.904186e+01 4.100373e-25
3.913189e+01 4.094891e-25
3.922213e+01 4.089433e-25
3.931258e+01 4.084001e-25
3.940323e+01 4.078594e-25
3.949410e+01 4.073212e-25
3.958517e+01 4.067855e-25
3.967645e+01 4.062525e-25
3.976795e+01 4.057224e-25
3.985965e+01 4.051958e-25
3.995157e+01 4.046773e-25
4.004370e+01 4.042676e-25
4.013604e+01 4.036801e-25
4.022859e+01 4.031093e-25
4.032136e+01 4.025871e-25
4.041434e+01 4.020711e-25
4.050754e+01 4.015584e-25
4.060095e+01 4.010482e-25
4.069457e+01 4.005405e-25
4.078842e+01 4.000351e-25
4.088247e+01 3.995320e-25
4.097675e+01 3.990311e-25
4.107124e+01 3.985326e-25
4.116595e+01 3.980362e-25
4.126088e+01 3.975421e-25
4.135603e+01 3.970502e-25
4.145140e+01 3.965604e-25
4.154698e+01 3.960729e-25
4.164279e+01 3.955875e-25
4.173882e+01 3.951042e-25
4.183507e+01 3.946231e-25
4.193154e+01 3.941441e-25
4.202824e+01 3.936672e-25
4.212516e+01 3.931923e-25
4.222230e+01 3.927196e-25
4.231966e+01 3.922489e-25
4.241725e+01 3.917803e-25
4.251507e+01 3.913137e-25
4.261311e+01 3.908492e-25
4.271137e+01 3.903867e-25
4.280986e+01 3.899262e-25
4.290858e+01 3.894676e-25
4.300753e+01 3.890111e-25
4.310671e+01 3.885565e-25
4.320611e+01 3.881039e-25
4.330575e+01 3.876532e-25
4.340561e+01 3.872044e-25
4.350570e+01 3.867576e-25
4.360603e+01 3.863126e-25
4.370658e+01 3.858696e-25
4.380737e+01 3.854284e-25
4.390839e+01 3.849891e-25
4.400964e+01 3.845517e-25
4.411113e+01 3.841161e-25
4.421285e+01 3.836824e-25
4.431481e+01 3.832505e-25
4.441700e+01 3.828204e-25
4.451942e+01 3.823921e-25
4.462208e+01 3.819655e-25
4.472498e+01 3.815408e-25
4.482812e+01 3.811178e-25
4.493149e+01 3.806966e-25
4.503511e+01 3.802771e-25
4.513896e+01 3.798594e-25
4.524305e+01 3.794433e-25
4.534738e+01 3.790290e-25
4.545195e+01 3.786164e-25
4.555676e+01 3.782055e-25
4.566182e+01 3.777963e-25
4.576711e+01 3.773887e-25
4.587265e+01 3.769828e-25
4.597843e+01 3.765785e-25
4.608446e+01 3.761759e-25
4.619073e+01 3.757748e-25
4.629725e+01 3.753754e-25
4.640401e+01 3.749777e-25
4.651102e+01 3.745815e-25
4.661827e+01 3.741868e-25
4.672578e+01 3.737938e-25
4.683353e+01 3.734023e-25
4.694152e+01 3.730124e-25
4.704977e+01 3.726240e-25
4.715827e+01 3.722372e-25
4.726702e+01 3.718519e-25
4.737601e+01 3.714681e-25
4.748526e+01 3.710858e-25
4.759476e+01 3.707050e-25
4.770452e+01 3.703256e-25
4.781453e+01 3.699478e-25
4.792479e+01 3.695714e-25
4.803530e+01 3.691965e-25
4.814607e+01 3.688230e-25
4.825710e+01 3.684510e-25
4.836838e+01 3.680804e-25
4.847992e+01 3.677112e-25
4.859171e+01 3.673434e-25
4.870376e+01 3.669771e-25
4.881607e+01 3.666121e-25
4.892864e+01 3.662485e-25
4.904147e+01 3.658863e-25
4.915456e+01 3.655254e-25
4.926792e+01 3.651660e-25
4.938153e+01 3.648078e-25
4.949540e+01 3.644510e-25
4.960954e+01 3.640955e-25
4.972394e+01 3.637414e-25
4.983860e+01 3.633886e-25
4.995353e+01 3.630370e-25
5.006872e+01 3.626868e-25
5.018418e+01 3.623379e-25
5.029991e+01 3.619902e-25
5.041590e+01 3.616439e-25
5.053216e+01 3.612988e-25
5.064869e+01 3.609549e-25
5.076548e+01 3.606123e-25
5.088255e+01 3.602710e-25
5.099988e+01 3.599308e-25
5.111749e+01 3.595920e-25
5.123537e+01 3.592543e-25
5.135352e+01 3.589178e-25
5.147194e+01 3.585826e-25
5.159063e+01 3.582485e-25
5.170960e+01 3.579156e-25
5.182884e+01 3.575839e-25
5.194836e+01 3.572534e-25
5.206816e+01 3.569241e-25
5.218822e+01 3.565959e-25
5.230857e+01 3.562689e-25
5.242920e+01 3.559430e-25
5.255010e+01 3.556182e-25
5.267128e+01 3.552946e-25
5.279274e+01 3.549721e-25
5.291448e+01 3.546508e-25
5.303650e+01 3.543305e-25
5.315880e+01 3.540113e-25
5.328139e+01 3.536933e-25
5.340425e+01 3.533763e-25
5.352741e+01 3.530604e-25
5.365084e+01 3.527456e-25
5.377456e+01 3.524319e-25
5.389856e+01 3.521192e-25
5.402285e+01 3.518076e-25
5.414743e+01 3.514970e-25
5.427230e+01 3.511875e-25
5.439745e+01 3.508790e-25
5.452289e+01 3.505716e-25
5.464862e+01 3.502652e-25
5.477464e+01 3.499598e-25
5.490095e+01 3.496554e-25
5.502755e+01 3.493520e-25
5.515445e+01 3.490497e-25
5.528163e+01 3.487483e-25
5.540911e+01 3.484479e-25
5.553689e+01 3.481485e-25
5.566495e+01 3.478501e-25
5.579332e+01 3.475526e-25
5.592198e+01 3.472562e-25
5.605093e+01 3.469606e-25
5.618019e+01 3.466661e-25
5.630974e+01 3.463725e-25
5.643959e+01 3.460797e-25
5.656974e+01 3.457881e-25
5.670019e+01 3.454973e-25
5.683094e+01 3.452075e-25
5.696200e+01 3.449185e-25
5.709335e+01 3.446305e-25
5.722501e+01 3.443435e-25
5.735697e+01 3.440574e-25
5.748923e+01 3.437724e-25
5.762181e+01 3.434902e-25
5.775468e+01 3.432542e-25
5.788786e+01 3.429227e-25
5.802135e+01 3.426399e-25
5.815515e+01 3.423589e-25
5.828926e+01 3.420788e-25
5.842367e+01 3.417996e-25
5.855840e+01 3.415213e-25
5.869344e+01 3.412439e-25
5.882878e+01 3.409674e-25
5.896444e+01 3.406917e-25
5.910041e+01 3.404168e-25
5.923670e+01 3.401428e-25
5.937330e+01 3.398696e-25
5.951022e+01 3.395972e-25
5.964745e+01 3.393257e-25
5.978500e+01 3.390550e-25
5.992286e+01 3.387851e-25
6.006104e+01 3.385160e-25
6.019954e+01 3.382477e-25
6.033836e+01 3.379802e-25
6.047750e+01 3.377136e-25
6.061697e+01 3.374477e-25
6.075675e+01 3.371826e-25
6.089686e+01 3.369183e-25
6.103728e+01 3.366547e-25
6.117804e+01 3.363920e-25
6.131911e+01 3.361300e-25
6.146052e+01 3.358688e-25
6.160224e+01 3.356084e-25
6.174430e+01 3.353487e-25
6.188668e+01 3.350898e-25
6.202939e+01 3.348316e-25
6.217243e+01 3.345742e-25
6.231580e+01 3.343175e-25
6.245950e+01 3.340615e-25
6.260354e+01 3.338063e-25
6.274790e+01 3.335519e-25
6.289260e+01 3.332981e-25
6.303763e+01 3.330451e-25
6.318299e+01 3.327929e-25
6.332869e+01 3.325413e-25
6.347473e+01 3.322904e-25
6.362110e+01 3.320403e-25
6.376781e+01 3.317909e-25
6.391486e+01 3.315421e-25
6.406225e+01 3.312941e-25
6.420998e+01 3.310468e-25
6.435805e+01 3.308002e-25
6.450646e+01 3.305542e-25
6.465521e+01 3.303090e-25
6.480431e+01 3.300644e-25
6.495375e+01 3.298205e-25
6.510353e+01 3.295773e-25
6.525366e+01 3.293347e-25
6.540413e+01 3.290929e-25
6.555496e+01 3.288517e-25
6.570613e+01 3.286111e-25
6.585765e+01 3.283713e-25
6.600951e+01 3.281320e-25
6.616173e+01 3.278935e-25
6.631430e+01 3.276556e-25
6.646722e+01 3.274183e-25
6.662050e+01 3.271817e-25
6.677412e+01 3.269457e-25
6.692811e+01 3.267104e-25
6.708244e+01 3.264757e-25
6.723714e+01 3.262416e-25
6.739218e+01 3.260082e-25
6.754759e+01 3.257754e-25
6.770336e+01 3.255432e-25
6.785948e+01 3.253116e-25
6.801597e+01 3.250807e-25
6.817281e+01 3.248504e-25
6.833002e+01 3.246207e-25
6.848759e+01 3.243916e-25
6.864552e+01 3.241631e-25
6.880382e+01 3.239352e-25
6.896248e+01 3.237079e-25
6.912151e+01 3.234812e-25
6.928090e+01 3.232552e-25
6.944067e+01 3.230297e-25
6.960080e+01 3.228048e-25
6.976130e+01 3.225805e-25
6.992217e+01 3.223568e-25
7.008341e+01 3.221336e-25
7.024502e+01 3.219111e-25
7.040701e+01 3.216891e-25
7.056936e+01 3.214677e-25
7.073210e+01 3.212469e-25
7.089521e+01 3.210266e-25
7.105869e+01 3.208070e-25
7.122255e+01 3.205879e-25
7.138679e+01 3.203693e-25
7.155141e+01 3.201513e-25
7.171641e+01 3.199339e-25
7.188179e+01 3.197171e-25
7.204755e+01 3.195008e-25
7.221369e+01 3.192850e-25
7.238022e+01 3.190698e-25
7.254713e+01 3.188552e-25
7.271442e+01 3.186411e-25
7.288210e+01 3.184275e-25
7.305017e+01 3.182145e-25
7.321862e+01 3.180020e-25
7.338746e+01 3.177901e-25
7.355669e+01 3.175787e-25
7.372632e+01 3.173678e-25
7.389633e+01 3.171575e-25
7.406674e+01 3.169477e-25
7.423753e+01 3.167384e-25
7.440873e+01 3.165297e-25
7.458031e+01 3.163215e-25
7.475230e+01 3.161138e-25
7.492468e+01 3.159066e-25
7.509745e+01 3.156999e-25
7.527063e+01 3.154938e-25
7.544420e+01 3.152882e-25
7.561818e+01 3.150831e-25
7.579255e+01 3.148785e-25
7.596733e+01 3.146744e-25
7.614251e+01 3.144708e-25
7.631810e+01 3.142677e-25
7.649409e+01 3.140651e-25
7.667048e+01 3.138630e-25
7.684729e+01 3.136614e-25
7.702450e+01 3.134604e-25
7.720212e+01 3.132598e-25
7.738015e+01 3.130597e-25
7.755858e+01 3.128601e-25
7.773744e+01 3.126610e-25
7.791670e+01 3.124624e-25
7.809638e+01 3.122642e-25
7.827647e+01 3.120666e-25
7.845697e+01 3.118694e-25
7.863789e+01 3.116727e-25
7.881923e+01 3.114765e-25
7.900099e+01 3.112808e-25
7.918317e+01 3.110856e-25
7.936577e+01 3.108908e-25
7.954878e+01 3.106965e-25
7.973222e+01 3.105027e-25
7.991609e+01 3.103094e-25
8.010037e+01 3.101165e-25
8.028509e+01 3.099241e-25
8.047022e+01 3.097322e-25
8.065579e+01 3.095407e-25
8.084178e+01 3.093497e-25
8.102820e+01 3.091591e-25
8.121506e+01 3.089690e-25
8.140234e+01 3.087794e-25
8.159005e+01 3.085903e-25
8.177820e+01 3.084015e-25
8.196678e+01 3.082133e-25
8.215580e+01 3.080255e-25
8.234525e+01 3.078381e-25
8.253514e+01 3.076512e-25
8.272546e+01 3.074648e-25
8.291623e+01 3.072788e-25
8.310744e+01 3.070932e-25
8.329908e+01 3.069081e-25
8.349117e+01 3.067235e-25
8.368370e+01 3.065393e-25
8.387668e+01 3.063555e-25
8.407010e+01 3.061722e-25
8.426396e+01 3.059893e-25
8.445828e+01 3.058068e-25
8.465304e+01 3.056248e-25
8.484825e+01 3.054432e-25
8.504391e+01 3.052621e-25
8.524002e+01 3.050813e-25
8.543659e+01 3.049011e-25
8.563360e+01 3.047212e-25
8.583107e+01 3.045418e-25
8.602900e+01 3.043628e-25
8.622738e+01 3.041842e-25
8.642623e+01 3.040061e-25
8.662553e+01 3.038284e-25
8.682528e+01 3.036511e-25
8.702550e+01 3.034742e-25
8.722619e+01 3.032978e-25
8.742733e+01 3.031217e-25
8.762894e+01 3.029461e-25
8.783101e+01 3.027710e-25
8.803355e+01 3.025962e-25
8.823656e+01 3.024218e-25
8.844003e+01 3.022479e-25
8.864397e+01 3.020744e-25
8.884839e+01 3.019013e-25
8.905327e+01 3.017286e-25
8.925863e+01 3.015563e-25
8.946446e+01 3.013844e-25
8.967077e+01 3.012130e-25
8.987755e+01 3.010419e-25
9.008481e+01 3.008713e-25
9.029254e+01 3.007010e-25
9.050076e+01 3.005312e-25
9.070945e+01 3.003618e-25
9.091863e+01 3.001927e-25
9.112829e+01 3.000241e-25
9.133843e+01 2.998559e-25
9.154906e+01 2.996881e-25
9.176017e+01 2.995207e-25
9.197177e+01 2.993536e-25
9.218386e+01 2.991870e-25
9.239644e+01 2.990208e-25
9.260950e+01 2.988550e-25
9.282306e+01 2.986895e-25
9.303711e+01 2.985245e-25
9.325166e+01 2.983599e-25
9.346669e+01 2.981956e-25
9.368223e+01 2.980318e-25
9.389826e+01 2.978683e-25
9.411479e+01 2.977052e-25
9.433182e+01 2.975425e-25
9.454935e+01 2.973802e-25
9.476738e+01 2.972183e-25
9.498592e+01 2.970568e-25
9.520496e+01 2.968957e-25
9.542450e+01 2.967350e-25
9.564455e+01 2.965746e-25
9.586511e+01 2.964146e-25
9.608617e+01 2.962550e-25
9.630775e+01 2.960958e-25
9.652983e+01 2.959370e-25
9.675243e+01 2.957786e-25
9.697554e+01 2.956205e-25
9.719917e+01 2.954628e-25
9.742331e+01 2.953055e-25
9.764797e+01 2.951486e-25
9.787315e+01 2.949921e-25
9.809884e+01 2.948359e-25
9.832506e+01 2.946801e-25
9.855180e+01 2.945247e-25
9.877906e+01 2.943697e-25
9.900685e+01 2.942150e-25
9.923516e+01 2.940608e-25
9.946399e+01 2.939068e-25
9.969336e+01 2.937533e-25
9.992325e+01 2.936001e-25
1.001537e+02 2.934474e-25
1.003846e+02 2.932949e-25
1.006161e+02 2.931429e-25
1.008481e+02 2.929912e-25
1.010807e+02 2.928399e-25
1.013138e+02 2.926890e-25
1.015474e+02 2.925384e-25
1.017816e+02 2.923882e-25
1.020163e+02 2.922384e-25
1.022515e+02 2.920889e-25
1.024873e+02 2.919398e-25
1.027237e+02 2.917911e-25
1.029606e+02 2.916427e-25
1.031980e+02 2.914947e-25
1.034360e+02 2.913471e-25
1.036745e+02 2.911998e-25
1.039136e+02 2.910529e-25
1.041532e+02 2.909063e-25
1.043934e+02 2.907601e-25
1.046341e+02 2.906143e-25
1.048754e+02 2.904689e-25
1.051172e+02 2.903238e-25
1.053596e+02 2.901790e-25
1.056026e+02 2.900346e-25
1.058461e+02 2.898906e-25
1.060902e+02 2.897470e-25
1.063348e+02 2.896037e-25
1.065800e+02 2.894607e-25
1.068258e+02 2.893181e-25
1.070722e+02 2.891759e-25
1.073191e+02 2.890340e-25
1.075665e+02 2.888925e-25
1.078146e+02 2.887514e-25
1.080632e+02 2.886106e-25
1.083124e+02 2.884701e-25
1.085622e+02 2.883300e-25
1.088125e+02 2.881903e-25
1.090634e+02 2.880509e-25
1.093149e+02 2.879119e-25
1.095670e+02 2.877732e-25
1.098197e+02 2.876349e-25
1.100729e+02 2.874969e-25
1.103268e+02 2.873593e-25
1.105812e+02 2.872221e-25
1.108362e+02 2.870852e-25
1.110918e+02 2.869486e-25
1.113480e+02 2.868124e-25
1.116047e+02 2.866765e-25
1.118621e+02 2.865410e-25
1.121200e+02 2.864059e-25
1.123786e+02 2.862711e-25
1.126377e+02 2.861366e-25
1.128975e+02 2.860025e-25
1.131578e+02 2.858688e-25
1.134188e+02 2.857353e-25
1.136803e+02 2.856023e-25
1.139425e+02 2.854696e-25
1.142052e+02 2.853372e-25
1.144686e+02 2.852052e-25
1.147325e+02 2.850735e-25
1.149971e+02 2.849422e-25
1.152623e+02 2.848112e-25
1.155281e+02 2.846806e-25
1.157945e+02 2.845503e-25
1.160615e+02 2.844204e-25
1.163292e+02 2.842908e-25
1.165974e+02 2.841616e-25
1.168663e+02 2.840327e-25
1.171358e+02 2.839041e-25
1.174059e+02 2.837759e-25
1.176766e+02 2.836481e-25
1.179480e+02 2.835206e-25
1.182200e+02 2.833934e-25
1.184926e+02 2.832666e-25
1.187658e+02 2.831401e-25
1.190397e+02 2.830140e-25
1.193142e+02 2.828882e-25
1.195894e+02 2.827627e-25
1.198651e+02 2.826376e-25
1.201416e+02 2.825129e-25
1.204186e+02 2.823884e-25
1.206963e+02 2.822644e-25
1.209746e+02 2.821406e-25
1.212536e+02 2.820172e-25
1.215332e+02 2.818942e-25
1.218134e+02 2.817715e-25
1.220943e+02 2.816491e-25
1.223759e+02 2.815271e-25
1.226581e+02 2.814054e-25
1.229410e+02 2.812841e-25
1.232245e+02 2.811631e-25
1.235086e+02 2.810425e-25
1.237934e+02 2.809222e-25
1.240789e+02 2.808022e-25
1.243650e+02 2.806826e-25
1.246518e+02 2.805633e-25
1.249393e+02 2.804443e-25
1.252274e+02 2.803257e-25
1.255161e+02 2.802075e-25
1.258056e+02 2.800896e-25
1.260957e+02 2.799720e-25
1.263865e+02 2.798548e-25
1.266779e+02 2.797379e-25
1.269700e+02 2.796213e-25
1.272628e+02 2.795051e-25
1.275563e+02 2.793892e-25
1.278504e+02 2.792737e-25
1.281453e+02 2.791585e-25
1.284408e+02 2.790437e-25
1.287370e+02 2.789292e-25
1.290338e+02 2.788150e-25
1.293314e+02 2.787012e-25
1.296296e+02 2.785877e-25
1.299285e+02 2.784745e-25
1.302282e+02 2.783617e-25
1.305285e+02 2.782493e-25
1.308295e+02 2.781371e-25
1.311312e+02 2.780254e-25
1.314335e+02 2.779139e-25
1.317366e+02 2.778028e-25
1.320404e+02 2.776921e-25
1.323449e+02 2.775817e-25
1.326501e+02 2.774716e-25
1.329560e+02 2.773619e-25
1.332626e+02 2.772525e-25
1.335699e+02 2.771434e-25
1.338779e+02 2.770347e-25
1.341866e+02 2.769263e-25
1.344961e+02 2.768183e-25
1.348062e+02 2.767106e-25
1.351171e+02 2.766033e-25
1.354287e+02 2.764963e-25
1.357410e+02 2.763896e-25
1.360540e+02 2.762833e-25
1.363677e+02 2.761773e-25
1.366822e+02 2.760717e-25
1.369974e+02 2.759664e-25
1.373133e+02 2.758614e-25
1.376299e+02 2.757568e-25
1.379473e+02 2.756526e-25
1.382654e+02 2.755486e-25
1.385843e+02 2.754450e-25
1.389038e+02 2.753418e-25
1.392241e+02 2.752389e-25
1.395452e+02 2.751364e-25
1.398670e+02 2.750341e-25
1.401895e+02 2.749323e-25
1.405128e+02 2.748308e-25
1.408368e+02 2.747296e-25
1.411616e+02 2.746287e-25
1.414871e+02 2.745282e-25
1.418134e+02 2.744281e-25
1.421404e+02 2.743283e-25
1.424682e+02 2.742288e-25
1.427967e+02 2.741297e-25
1.431260e+02 2.740310e-25
1.434561e+02 2.739325e-25
1.437869e+02 2.738344e-25
1.441184e+02 2.737367e-25
1.444508e+02 2.736393e-25
1.447839e+02 2.735423e-25
1.451178e+02 2.734456e-25
1.454524e+02 2.733492e-25
1.457878e+02 2.732532e-25
1.461240e+02 2.731576e-25
1.464610e+02 2.730622e-25
1.467987e+02 2.729673e-25
1.471372e+02 2.728727e-25
1.474765e+02 2.727784e-25
1.478166e+02 2.726845e-25
1.481575e+02 2.725909e-25
1.484991e+02 2.724977e-25
1.488416e+02 2.724048e-25
1.491848e+02 2.723123e-25
1.495288e+02 2.722201e-25
1.498736e+02 2.721282e-25
1.502192e+02 2.720368e-25
1.505657e+02 2.719456e-25
1.509129e+02 2.718548e-25
1.512609e+02 2.717644e-25
1.516097e+02 2.716743e-25
1.519593e+02 2.715846e-25
1.523097e+02 2.714952e-25
1.526609e+02 2.714062e-25
1.530130e+02 2.713175e-25
1.533658e+02 2.712292e-25
1.537195e+02 2.711412e-25
1.540740e+02 2.710536e-25
1.544293e+02 2.709663e-25
1.547854e+02 2.708794e-25
1.551423e+02 2.707929e-25
1.555001e+02 2.707066e-25
1.558587e+02 2.706208e-25
1.562181e+02 2.705353e-25
1.565783e+02 2.704502e-25
1.569394e+02 2.703654e-25
1.573013e+02 2.702809e-25
1.576640e+02 2.701969e-25
1.580276e+02 2.701131e-25
1.583920e+02 2.700298e-25
1.587573e+02 2.699468e-25
1.591233e+02 2.698641e-25
1.594903e+02 2.697818e-25
1.598581e+02 2.696999e-25
1.602267e+02 2.696183e-25
1.605962e+02 2.695371e-25
1.609665e+02 2.694563e-25
1.613377e+02 2.693758e-25
1.617098e+02 2.692957e-25
1.620827e+02 2.692159e-25
1.624564e+02 2.691365e-25
1.628311e+02 2.690574e-25
1.632065e+02 2.689787e-25
1.635829e+02 2.689004e-25
1.639601e+02 2.688225e-25
1.643382e+02 2.687449e-25
1.647172e+02 2.686676e-25
1.650970e+02 2.685908e-25
1.654777e+02 2.685143e-25
1.658593e+02 2.684381e-25
1.662418e+02 2.683623e-25
1.666252e+02 2.682869e-25
1.670094e+02 2.682119e-25
1.673945e+02 2.681372e-25
1.677805e+02 2.680629e-25
1.681674e+02 2.679890e-25
1.685552e+02 2.679154e-25
1.689439e+02 2.678422e-25
1.693335e+02 2.677694e-25
1.697240e+02 2.676969e-25
1.701154e+02 2.676248e-25
1.705077e+02 2.675531e-25
1.709009e+02 2.674817e-25
1.712950e+02 2.674108e-25
1.716900e+02 2.673402e-25
1.720859e+02 2.672699e-25
1.724827e+02 2.672001e-25
1.728805e+02 2.671306e-25
1.732791e+02 2.670615e-25
1.736787e+02 2.669927e-25
1.740792e+02 2.669244e-25
1.744806e+02 2.668564e-25
1.748830e+02 2.667888e-25
1.752863e+02 2.667216e-25
1.756905e+02 2.666547e-25
1.760956e+02 2.665882e-25
1.765017e+02 2.665222e-25
1.769087e+02 2.664564e-25
1.773167e+02 2.663911e-25
1.777256e+02 2.663262e-25
1.781354e+02 2.662616e-25
1.785462e+02 2.661974e-25
1.789579e+02 2.661336e-25
1.793706e+02 2.660702e-25
1.797842e+02 2.660071e-25
1.801988e+02 2.659445e-25
1.806143e+02 2.658822e-25
1.810308e+02 2.658203e-25
1.814483e+02 2.657588e-25
1.818667e+02 2.656977e-25
1.822861e+02 2.656370e-25
1.827065e+02 2.655767e-25
1.831278e+02 2.655167e-25
1.835501e+02 2.654572e-25
1.839734e+02 2.653980e-25
1.843976e+02 2.653393e-25
1.848228e+02 2.652809e-25
1.852490e+02 2.652229e-25
1.856762e+02 2.651653e-25
1.861044e+02 2.651081e-25
1.865335e+02 2.650513e-25
1.869637e+02 2.649949e-25
1.873948e+02 2.649389e-25
1.878270e+02 2.648833e-25
1.882601e+02 2.648280e-25
1.886942e+02 2.647732e-25
1.891293e+02 2.647188e-25
1.895655e+02 2.646648e-25
1.900026e+02 2.646111e-25
1.904408e+02 2.645579e-25
1.908799e+02 2.645051e-25
1.913201e+02 2.644527e-25
1.917613e+02 2.644007e-25
1.922035e+02 2.643490e-25
1.926467e+02 2.642978e-25
1.930910e+02 2.642470e-25
1.935362e+02 2.641966e-25
1.939825e+02 2.641467e-25
1.944298e+02 2.640971e-25
1.948782e+02 2.640479e-25
1.953276e+02 2.639991e-25
1.957780e+02 2.639508e-25
1.962295e+02 2.639028e-25
1.966820e+02 2.638553e-25
1.971355e+02 2.638082e-25
1.975901e+02 2.637615e-25
1.980458e+02 2.637152e-25
1.985025e+02 2.636693e-25
1.989602e+02 2.636239e-25
1.994190e+02 2.635788e-25
1.998789e+02 2.635342e-25
2.003398e+02 2.634900e-25
2.008018e+02 2.634462e-25
2.012648e+02 2.634028e-25
2.017290e+02 2.633599e-25
2.021942e+02 2.633174e-25
2.026604e+02 2.632753e-25
2.031277e+02 2.632336e-25
2.035962e+02 2.631923e-25
2.040657e+02 2.631515e-25
2.045362e+02 2.631111e-25
2.050079e+02 2.630711e-25
2.054806e+02 2.630316e-25
2.059545e+02 2.629925e-25
2.064294e+02 2.629538e-25
2.069054e+02 2.629155e-25
2.073826e+02 2.628777e-25
2.078608e+02 2.628403e-25
2.083401e+02 2.628034e-25
2.088206e+02 2.627668e-25
2.093021e+02 2.627307e-25
2.097848e+02 2.626951e-25
2.102685e+02 2.626599e-25
2.107534e+02 2.626251e-25
2.112394e+02 2.625908e-25
2.117265e+02 2.625569e-25
2.122148e+02 2.625234e-25
2.127041e+02 2.624904e-25
2.131946e+02 2.624578e-25
2.136863e+02 2.624257e-25
2.141790e+02 2.623940e-25
2.146729e+02 2.623628e-25
2.151680e+02 2.623320e-25
2.156641e+02 2.623017e-25
2.161615e+02 2.622718e-25
2.166599e+02 2.622423e-25
2.171595e+02 2.622133e-25
2.176603e+02 2.621848e-25
2.181622e+02 2.621567e-25
2.186653e+02 2.621291e-25
2.191696e+02 2.621019e-25
2.196750e+02 2.620752e-25
2.201816e+02 2.620489e-25
2.206893e+02 2.620231e-25
2.211982e+02 2.619978e-25
2.217083e+02 2.619729e-25
2.222195e+02 2.619485e-25
2.227320e+02 2.619246e-25
2.232456e+02 2.619011e-25
2.237604e+02 2.618780e-25
2.242764e+02 2.618555e-25
2.247936e+02 2.618334e-25
2.253120e+02 2.618118e-25
2.258315e+02 2.617906e-25
2.263523e+02 2.617699e-25
2.268743e+02 2.617497e-25
2.273975e+02 2.617300e-25
2.279218e+02 2.617107e-25
2.284474e+02 2.616920e-25
2.289742e+02 2.616736e-25
2.295022e+02 2.616558e-25
2.300315e+02 2.616385e-25
2.305619e+02 2.616216e-25
2.310936e+02 2.616052e-25
2.316265e+02 2.615893e-25
2.321606e+02 2.615739e-25
2.326960e+02 2.615589e-25
2.332326e+02 2.615445e-25
2.337704e+02 2.615305e-25
2.343095e+02 2.615170e-25
2.348498e+02 2.615040e-25
2.353914e+02 2.614915e-25
2.359342e+02 2.614795e-25
2.364783e+02 2.614680e-25
2.370236e+02 2.614570e-25
2.375702e+02 2.614465e-25
2.381180e+02 2.614365e-25
2.386671e+02 2.614269e-25
2.392175e+02 2.614179e-25
2.397691e+02 2.614094e-25
2.403220e+02 2.614014e-25
2.408762e+02 2.613938e-25
2.414317e+02 2.613868e-25
2.419884e+02 2.613803e-25
2.425465e+02 2.613743e-25
2.431058e+02 2.613688e-25
2.436664e+02 2.613638e-25
2.442283e+02 2.613594e-25
2.447915e+02 2.613554e-25
2.453560e+02 2.613520e-25
2.459217e+02 2.613490e-25
2.464888e+02 2.613466e-25
2.470572e+02 2.613447e-25
2.476270e+02 2.613434e-25
2.481980e+02 2.613425e-25
2.487703e+02 2.613422e-25
2.493440e+02 2.613424e-25
2.499190e+02 2.613431e-25
2.504953e+02 2.613443e-25
2.510730e+02 2.613461e-25
2.516519e+02 2.613484e-25
2.522322e+02 2.613513e-25
2.528139e+02 2.613546e-25
2.533969e+02 2.613585e-25
2.539812e+02 2.613630e-25
2.545669e+02 2.613679e-25
2.551539e+02 2.613734e-25
2.557423e+02 2.613795e-25
2.563321e+02 2.613861e-25
2.569232e+02 2.613932e-25
2.575156e+02 2.614009e-25
2.581095e+02 2.614091e-25
2.587047e+02 2.614179e-25
2.593012e+02 2.614272e-25
2.598992e+02 2.614370e-25
2.604985e+02 2.614475e-25
2.610992e+02 2.614584e-25
2.617013e+02 2.614700e-25
2.623048e+02 2.614820e-25
2.629097e+02 2.614947e-25
2.635160e+02 2.615079e-25
2.641236e+02 2.615216e-25
2.647327e+02 2.615359e-25
2.653432e+02 2.615508e-25
2.659551e+02 2.615662e-25
2.665684e+02 2.615823e-25
2.671831e+02 2.615988e-25
2.677992e+02 2.616160e-25
2.684167e+02 2.616337e-25
2.690357e+02 2.616520e-25
2.696561e+02 2.616709e-25
2.702779e+02 2.616903e-25
2.709012e+02 2.617103e-25
2.715259e+02 2.617309e-25
2.721520e+02 2.617521e-25
2.727796e+02 2.617739e-25
2.734087e+02 2.617962e-25
2.740391e+02 2.618191e-25
2.746711e+02 2.618427e-25
2.753045e+02 2.618668e-25
2.759393e+02 2.618915e-25
2.765756e+02 2.619168e-25
2.772134e+02 2.619426e-25
2.778527e+02 2.619691e-25
2.784934e+02 2.619962e-25
2.791356e+02 2.620239e-25
2.797793e+02 2.620522e-25
2.804245e+02 2.620810e-25
2.810712e+02 2.621105e-25
2.817193e+02 2.621406e-25
2.823690e+02 2.621713e-25
2.830201e+02 2.622026e-25
2.836727e+02 2.622345e-25
2.843269e+02 2.622671e-25
2.849826e+02 2.623002e-25
2.856397e+02 2.623340e-25
2.862984e+02 2.623684e-25
2.869586e+02 2.624034e-25
2.876203e+02 2.624390e-25
2.882836e+02 2.624752e-25
2.889484e+02 2.625121e-25
2.896147e+02 2.625496e-25
2.902826e+02 2.625877e-25
2.909520e+02 2.626265e-25
2.916229e+02 2.626659e-25
2.922954e+02 2.627059e-25
2.929694e+02 2.627465e-25
2.936450e+02 2.627878e-25
2.943221e+02 2.628298e-25
2.950009e+02 2.628724e-25
2.956811e+02 2.629156e-25
2.963630e+02 2.629595e-25
2.970464e+02 2.630040e-25
2.977314e+02 2.630491e-25
2.984179e+02 2.630950e-25
2.991061e+02 2.631414e-25
2.997958e+02 2.631885e-25
3.004872e+02 2.632363e-25
3.011801e+02 2.632848e-25
3.018746e+02 2.633339e-25
3.025708e+02 2.633836e-25
3.032685e+02 2.634341e-25
3.039678e+02 2.634852e-25
3.046688e+02 2.635369e-25
3.053713e+02 2.635894e-25
3.060755e+02 2.636425e-25
3.067813e+02 2.636962e-25
3.074888e+02 2.637507e-25
3.081979e+02 2.638058e-25
3.089086e+02 2.638616e-25
3.096209e+02 2.639181e-25
3.103349e+02 2.639753e-25
3.110505e+02 2.640332e-25
3.117678e+02 2.640918e-25
3.124868e+02 2.641510e-25
3.132073e+02 2.642109e-25
3.139296e+02 2.642716e-25
3.146535e+02 2.643329e-25
3.153791e+02 2.643949e-25
3.161064e+02 2.644577e-25
3.168353e+02 2.645211e-25
3.175660e+02 2.645852e-25
3.182983e+02 2.646501e-25
3.190323e+02 2.647156e-25
3.197680e+02 2.647819e-25
3.205053e+02 2.648489e-25
3.212444e+02 2.649166e-25
3.219852e+02 2.649850e-25
3.227277e+02 2.650541e-25
3.234719e+02 2.651240e-25
3.242179e+02 2.651945e-25
3.249655e+02 2.652659e-25
3.257149e+02 2.653379e-25
3.264660e+02 2.654106e-25
3.272188e+02 2.654841e-25
3.279734e+02 2.655584e-25
3.287297e+02 2.656333e-25
3.294878e+02 2.657090e-25
3.302476e+02 2.657855e-25
3.310091e+02 2.658627e-25
3.317724e+02 2.659406e-25
3.325375e+02 2.660193e-25
3.333043e+02 2.660987e-25
3.340729e+02 2.661789e-25
3.348433e+02 2.662599e-25
3.356155e+02 2.663416e-25
3.363894e+02 2.664240e-25
3.371651e+02 2.665073e-25
3.379426e+02 2.665913e-25
3.387219e+02 2.666760e-25
3.395030e+02 2.667615e-25
3.402859e+02 2.668478e-25
3.410706e+02 2.669349e-25
3.418571e+02 2.670227e-25
3.426454e+02 2.671114e-25
3.434356e+02 2.672008e-25
3.442275e+02 2.672909e-25
3.450213e+02 2.673819e-25
3.458170e+02 2.674737e-25
3.466144e+02 2.675662e-25
3.474137e+02 2.676596e-25
3.482148e+02 2.677537e-25
3.490178e+02 2.678486e-25
3.498227e+02 2.679444e-25
3.506294e+02 2.680409e-25
3.514379e+02 2.681383e-25
3.522483e+02 2.682364e-25
3.530606e+02 2.683354e-25
3.538748e+02 2.684351e-25
3.546908e+02 2.685357e-25
3.555087e+02 2.686371e-25
3.563285e+02 2.687394e-25
3.571502e+02 2.688424e-25
3.579738e+02 2.689463e-25
3.587993e+02 2.690510e-25
3.596267e+02 2.691565e-25
3.604560e+02 2.692629e-25
3.612872e+02 2.693701e-25
3.621204e+02 2.694781e-25
3.629554e+02 2.695870e-25
3.637924e+02 2.696967e-25
3.646313e+02 2.698073e-25
3.654721e+02 2.699187e-25
3.663149e+02 2.700310e-25
3.671597e+02 2.701441e-25
3.680063e+02 2.702581e-25
3.688550e+02 2.703730e-25
3.697055e+02 2.704887e-25
3.705581e+02 2.706052e-25
3.714126e+02 2.707227e-25
3.722691e+02 2.708410e-25
3.731275e+02 2.709602e-25
3.739880e+02 2.710803e-25
3.748504e+02 2.712013e-25
3.757148e+02 2.713231e-25
3.765812e+02 2.714458e-25
3.774496e+02 2.715695e-25
3.783200e+02 2.716940e-25
3.791924e+02 2.718194e-25
3.800668e+02 2.719457e-25
3.809433e+02 2.720730e-25
3.818217e+02 2.722011e-25
3.827022e+02 2.723302e-25
3.835847e+02 2.724601e-25
3.844693e+02 2.725910e-25
3.853558e+02 2.727229e-25
3.862445e+02 2.728556e-25
3.871352e+02 2.729893e-25
3.880279e+02 2.731240e-25
3.889227e+02 2.732595e-25
3.898196e+02 2.733961e-25
3.907185e+02 2.735336e-25
3.916195e+02 2.736720e-25
3.925226e+02 2.738114e-25
3.934277e+02 2.739518e-25
3.943350e+02 2.740932e-25
3.952443e+02 2.742356e-25
3.961557e+02 2.743790e-25
3.970693e+02 2.745234e-25
3.979849e+02 2.746688e-25
3.989027e+02 2.748153e-25
3.998226e+02 2.749628e-25
4.007445e+02 2.751113e-25
4.016687e+02 2.752610e-25
4.025949e+02 2.754117e-25
4.035233e+02 2.755636e-25
4.044538e+02 2.757167e-25
4.053865e+02 2.758709e-25
4.063213e+02 2.760263e-25
4.072583e+02 2.761830e-25
4.081975e+02 2.763409e-25
4.091388e+02 2.765003e-25
4.100822e+02 2.766611e-25
4.110279e+02 2.768234e-25
4.119757e+02 2.769874e-25
4.129257e+02 2.771531e-25
4.138780e+02 2.773209e-25
4.148324e+02 2.774908e-25
4.157890e+02 2.776632e-25
4.167478e+02 2.778385e-25
4.177088e+02 2.780172e-25
4.186720e+02 2.782002e-25
4.196375e+02 2.783884e-25
4.206052e+02 2.785835e-25
4.215751e+02 2.787879e-25
4.225473e+02 2.790052e-25
4.235217e+02 2.792415e-25
4.244983e+02 2.795075e-25
4.254772e+02 2.798227e-25
4.264584e+02 2.802275e-25
4.274418e+02 2.808144e-25
4.284275e+02 2.818406e-25
4.294154e+02 2.842555e-25
4.304056e+02 2.942122e-25
4.313982e+02 6.119693e-25
4.323930e+02 3.102134e-25
4.333901e+02 2.867453e-25
4.343895e+02 2.833547e-25
4.353912e+02 2.823835e-25
4.363952e+02 2.820573e-25
4.374015e+02 2.819737e-25
4.384102e+02 2.820017e-25
4.394212e+02 2.820883e-25
4.404345e+02 2.822087e-25
4.414501e+02 2.823503e-25
4.424681e+02 2.825060e-25
4.434884e+02 2.826714e-25
4.445111e+02 2.828440e-25
4.455362e+02 2.830221e-25
4.465636e+02 2.832045e-25
4.475934e+02 2.833904e-25
4.486255e+02 2.835792e-25
4.496600e+02 2.837706e-25
4.506970e+02 2.839642e-25
4.517363e+02 2.841598e-25
4.527780e+02 2.843573e-25
4.538221e+02 2.845565e-25
4.548686e+02 2.847573e-25
4.559175e+02 2.849597e-25
4.569689e+02 2.851635e-25
4.580227e+02 2.853687e-25
4.590789e+02 2.855753e-25
4.601375e+02 2.857833e-25
4.611986e+02 2.859926e-25
4.622621e+02 2.862032e-25
4.633281e+02 2.864150e-25
4.643965e+02 2.866282e-25
4.654674e+02 2.868425e-25
4.665408e+02 2.870582e-25
4.676166e+02 2.872750e-25
4.686950e+02 2.874931e-25
4.697758e+02 2.877124e-25
4.708591e+02 2.879330e-25
4.719449e+02 2.881548e-25
4.730332e+02 2.883777e-25
4.741240e+02 2.886019e-25
4.752174e+02 2.888274e-25
4.763132e+02 2.890540e-25
4.774116e+02 2.892818e-25
4.785125e+02 2.895109e-25
4.796160e+02 2.897412e-25
4.807220e+02 2.899727e-25
4.818305e+02 2.902055e-25
4.829416e+02 2.904394e-25
4.840553e+02 2.906746e-25
4.851715e+02 2.909110e-25
4.862903e+02 2.911486e-25
4.874117e+02 2.913875e-25
4.885357e+02 2.916276e-25
4.896623e+02 2.918689e-25
4.907914e+02 2.921115e-25
4.919232e+02 2.923553e-25
4.930576e+02 2.926004e-25
4.941946e+02 2.928467e-25
4.953342e+02 2.930943e-25
4.964764e+02 2.933428e-25
4.976213e+02 2.935930e-25
4.987688e+02 2.938444e-25
4.999190e+02 2.940970e-25
5.010718e+02 2.943509e-25
5.022273e+02 2.946060e-25
5.033854e+02 2.948624e-25
5.045462e+02 2.951200e-25
5.057097e+02 2.953790e-25
5.068759e+02 2.956392e-25
5.080447e+02 2.959007e-25
5.092163e+02 2.961635e-25
5.103906e+02 2.964276e-25
5.115675e+02 2.966930e-25
5.127472e+02 2.969597e-25
5.139296e+02 2.972277e-25
5.151147e+02 2.974970e-25
5.163026e+02 2.977676e-25
5.174932e+02 2.980396e-25
5.186865e+02 2.983128e-25
5.198826e+02 2.985874e-25
5.210815e+02 2.988633e-25
5.222831e+02 2.991405e-25
5.234875e+02 2.994190e-25
5.246946e+02 2.996989e-25
5.259046e+02 2.999801e-25
5.271173e+02 3.002627e-25
5.283329e+02 3.005466e-25
5.295512e+02 3.008319e-25
5.307724e+02 3.011185e-25
5.319963e+02 3.014064e-25
5.332231e+02 3.016958e-25
5.344527e+02 3.019865e-25
5.356852e+02 3.022785e-25
5.369205e+02 3.025720e-25
5.381586e+02 3.028668e-25
5.393996e+02 3.031630e-25
5.406435e+02 3.034606e-25
5.418902e+02 3.037595e-25
5.431398e+02 3.040599e-25
5.443923e+02 3.043616e-25
5.456477e+02 3.046648e-25
5.469059e+02 3.049694e-25
5.481671e+02 3.052753e-25
5.494312e+02 3.055827e-25
5.506982e+02 3.058915e-25
5.519681e+02 3.062017e-25
5.532409e+02 3.065133e-25
5.545167e+02 3.068264e-25
5.557954e+02 3.071409e-25
5.570771e+02 3.074568e-25
5.583617e+02 3.077742e-25
5.596493e+02 3.080930e-25
5.609399e+02 3.084133e-25
5.622334e+02 3.087350e-25
5.635299e+02 3.090581e-25
5.648294e+02 3.093828e-25
5.661319e+02 3.097088e-25
5.674374e+02 3.100364e-25
5.687459e+02 3.103654e-25
5.700575e+02 3.106959e-25
5.713720e+02 3.110279e-25
5.726896e+02 3.113614e-25
5.740102e+02 3.116963e-25
5.753339e+02 3.120328e-25
5.766606e+02 3.123707e-25
5.779904e+02 3.127101e-25
5.793233e+02 3.130511e-25
5.806592e+02 3.133935e-25
5.819982e+02 3.137375e-25
5.833403e+02 3.140830e-25
5.846855e+02 3.144300e-25
5.860338e+02 3.147785e-25
5.873852e+02 3.151286e-25
5.887397e+02 3.154802e-25
5.900973e+02 3.158333e-25
5.914581e+02 3.161880e-25
5.928220e+02 3.165442e-25
5.941890e+02 3.169020e-25
5.955593e+02 3.172613e-25
5.969326e+02 3.176222e-25
5.983091e+02 3.179846e-25
5.996889e+02 3.183487e-25
6.010717e+02 3.187142e-25
6.024578e+02 3.190814e-25
6.038471e+02 3.194502e-25
6.052396e+02 3.198205e-25
6.066353e+02 3.201924e-25
6.080342e+02 3.205660e-25
6.094363e+02 3.209411e-25
6.108417e+02 3.213178e-25
6.122503e+02 3.216961e-25
6.136621e+02 3.220761e-25
6.150772e+02 3.224576e-25
6.164956e+02 3.228408e-25
6.179172e+02 3.232256e-25
6.193422e+02 3.236121e-25
6.207704e+02 3.240002e-25
6.222019e+02 3.243899e-25
6.236367e+02 3.247812e-25
6.250748e+02 3.251742e-25
6.265162e+02 3.255689e-25
6.279610e+02 3.259652e-25
6.294090e+02 3.263632e-25
6.308605e+02 3.267628e-25
6.323152e+02 3.271642e-25
6.337734e+02 3.275671e-25
6.352348e+02 3.279718e-25
6.366997e+02 3.283782e-25
6.381679e+02 3.287862e-25
6.396396e+02 3.291960e-25
6.411146e+02 3.296074e-25
6.425930e+02 3.300206e-25
6.440748e+02 3.304354e-25
6.455600e+02 3.308520e-25
6.470487e+02 3.312703e-25
6.485408e+02 3.316903e-25
6.500364e+02 3.321120e-25
6.515353e+02 3.325355e-25
6.530378e+02 3.329607e-25
6.545437e+02 3.333877e-25
6.560531e+02 3.338164e-25
6.575659e+02 3.342468e-25
6.590823e+02 3.346791e-25
6.606021e+02 3.351130e-25
6.621255e+02 3.355488e-25
6.636524e+02 3.359863e-25
6.651828e+02 3.364256e-25
6.667167e+02 3.368666e-25
6.682541e+02 3.373095e-25
6.697951e+02 3.377541e-25
6.713397e+02 3.382006e-25
6.728878e+02 3.386488e-25
6.744395e+02 3.390989e-25
6.759947e+02 3.395507e-25
6.775536e+02 3.400044e-25
6.791160e+02 3.404599e-25
6.806821e+02 3.409172e-25
6.822517e+02 3.413764e-25
6.838250e+02 3.418374e-25
6.854019e+02 3.423002e-25
6.869825e+02 3.427649e-25
6.885666e+02 3.432314e-25
6.901545e+02 3.436998e-25
6.917460e+02 3.441701e-25
6.933412e+02 3.446422e-25
6.949400e+02 3.451162e-25
6.965425e+02 3.455920e-25
6.981488e+02 3.460698e-25
6.997587e+02 3.465494e-25
7.013724e+02 3.470310e-25
7.029897e+02 3.475144e-25
7.046108e+02 3.479997e-25
7.062357e+02 3.484870e-25
7.078643e+02 3.489762e-25
7.094966e+02 3.494672e-25
7.111327e+02 3.499602e-25
7.127726e+02 3.504552e-25
7.144162e+02 3.509521e-25
7.160637e+02 3.514509e-25
7.177149e+02 3.519516e-25
7.193700e+02 3.524544e-25
7.210289e+02 3.529590e-25
7.226916e+02 3.534657e-25
7.243581e+02 3.539743e-25
7.260285e+02 3.544849e-25
7.277027e+02 3.549974e-25
7.293808e+02 3.555120e-25
7.310627e+02 3.560285e-25
7.327486e+02 3.565470e-25
7.344383e+02 3.570676e-25
7.361319e+02 3.575901e-25
7.378294e+02 3.581147e-25
7.395309e+02 3.586413e-25
7.412363e+02 3.591699e-25
7.429455e+02 3.597005e-25
7.446588e+02 3.602332e-25
7.463760e+02 3.607679e-25
7.480971e+02 3.613047e-25
7.498222e+02 3.618435e-25
7.515513e+02 3.623844e-25
7.532844e+02 3.629273e-25
7.550215e+02 3.634723e-25
7.567626e+02 3.640194e-25
7.585077e+02 3.645686e-25
7.602568e+02 3.651198e-25
7.620100e+02 3.656732e-25
7.637672e+02 3.662287e-25
7.655284e+02 3.667862e-25
7.672937e+02 3.673459e-25
7.690631e+02 3.679077e-25
7.708366e+02 3.684716e-25
7.726141e+02 3.690377e-25
7.743958e+02 3.696059e-25
7.761816e+02 3.701762e-25
7.779714e+02 3.707487e-25
7.797654e+02 3.713234e-25
7.815636e+02 3.719002e-25
7.833659e+02 3.724792e-25
7.851723e+02 3.730603e-25
7.869829e+02 3.736437e-25
7.887977e+02 3.742292e-25
7.906167e+02 3.748169e-25
7.924399e+02 3.754069e-25
7.942672e+02 3.759990e-25
7.960988e+02 3.765934e-25
7.979346e+02 3.771900e-25
7.997747e+02 3.777888e-25
8.016190e+02 3.783898e-25
8.034675e+02 3.789932e-25
8.053203e+02 3.795987e-25
8.071774e+02 3.802066e-25
8.090387e+02 3.808167e-25
8.109044e+02 3.814291e-25
8.127744e+02 3.820438e-25
8.146486e+02 3.826608e-25
8.165272e+02 3.832801e-25
8.184101e+02 3.839018e-25
8.202974e+02 3.845258e-25
8.221890e+02 3.851522e-25
8.240850e+02 3.857811e-25
8.259853e+02 3.864124e-25
8.278900e+02 3.870463e-25
8.297992e+02 3.876828e-25
8.317127e+02 3.883220e-25
8.336306e+02 3.889642e-25
8.355530e+02 3.896097e-25
8.374798e+02 3.902590e-25
8.394110e+02 3.909135e-25
8.413467e+02 3.915754e-25
8.432868e+02 3.922511e-25
8.452315e+02 3.929599e-25
8.471806e+02 3.937912e-25
8.491342e+02 3.957982e-25
8.510923e+02 4.057938e-25
8.530549e+02 3.959926e-25
8.550221e+02 3.963047e-25
8.569938e+02 3.968898e-25
8.589700e+02 3.975289e-25
8.609508e+02 3.981868e-25
8.629361e+02 3.988540e-25
8.649261e+02 3.995270e-25
8.669206e+02 4.002043e-25
8.689197e+02 4.008851e-25
8.709235e+02 4.015690e-25
8.729318e+02 4.022559e-25
8.749448e+02 4.029456e-25
8.769624e+02 4.036379e-25
8.789847e+02 4.043329e-25
8.810117e+02 4.050306e-25
8.830433e+02 4.057308e-25
8.850796e+02 4.064337e-25
8.871206e+02 4.071391e-25
8.891663e+02 4.078471e-25
8.912167e+02 4.085577e-25
8.932719e+02 4.092709e-25
8.953318e+02 4.099867e-25
8.973964e+02 4.107050e-25
8.994658e+02 4.114260e-25
9.015400e+02 4.121495e-25
9.036189e+02 4.128757e-25
9.057027e+02 4.136045e-25
9.077913e+02 4.143358e-25
9.098846e+02 4.150699e-25
9.119828e+02 4.158065e-25
9.140859e+02 4.165458e-25
9.161938e+02 4.172877e-25
9.183065e+02 4.180323e-25
9.204241e+02 4.187795e-25
9.225466e+02 4.195294e-25
9.246740e+02 4.202820e-25
9.268063e+02 4.210373e-25
9.289436e+02 4.217953e-25
9.310857e+02 4.225559e-25
9.332328e+02 4.233193e-25
9.353848e+02 4.240854e-25
9.375419e+02 4.248542e-25
9.397038e+02 4.256257e-25
9.418708e+02 4.264000e-25
9.440428e+02 4.271770e-25
9.462197e+02 4.279568e-25
9.484017e+02 4.287394e-25
9.505887e+02 4.295247e-25
9.527808e+02 4.303128e-25
9.549779e+02 4.311037e-25
9.571801e+02 4.318974e-25
9.593874e+02 4.326939e-25
9.615997e+02 4.334932e-25
9.638172e+02 4.342954e-25
9.660398e+02 4.351004e-25
9.682674e+02 4.359082e-25
9.705003e+02 4.367189e-25
9.727383e+02 4.375324e-25
9.749814e+02 4.383488e-25
9.772297e+02 4.391681e-25
9.794832e+02 4.399903e-25
9.817419e+02 4.408153e-25
9.840058e+02 4.416433e-25
9.862749e+02 4.424742e-25
9.885493e+02 4.433080e-25
9.908289e+02 4.441447e-25
9.931138e+02 4.449844e-25
9.954039e+02 4.458270e-25
9.976993e+02 4.466726e-25
1.000000e+03 nan
