1.000000e+00 2.971041e-17
1.002306e+00 3.088965e-17
1.004617e+00 3.214968e-17
1.006934e+00 3.349564e-17
1.009256e+00 3.493301e-17
1.011583e+00 3.656777e-17
1.013916e+00 3.831234e-17
1.016254e+00 4.013180e-17
1.018598e+00 4.198369e-17
1.020947e+00 4.376556e-17
1.023301e+00 4.576564e-17
1.025661e+00 4.788871e-17
1.028026e+00 5.002016e-17
1.030396e+00 5.152580e-17
1.032773e+00 5.224320e-17
1.035154e+00 5.233009e-17
1.037541e+00 5.197341e-17
1.039934e+00 5.128365e-17
1.042332e+00 5.044391e-17
1.044735e+00 4.947312e-17
1.047145e+00 4.839037e-17
1.049559e+00 4.635984e-17
1.051980e+00 4.388226e-17
1.054406e+00 4.119824e-17
1.056837e+00 3.851143e-17
1.059274e+00 3.617698e-17
1.061717e+00 3.401318e-17
1.064165e+00 3.197407e-17
1.066619e+00 3.002258e-17
1.069079e+00 2.820764e-17
1.071544e+00 2.655505e-17
1.074015e+00 2.504513e-17
1.076492e+00 2.366080e-17
1.078974e+00 2.238799e-17
1.081462e+00 2.120944e-17
1.083956e+00 2.011913e-17
1.086456e+00 1.911142e-17
1.088961e+00 1.819030e-17
1.091472e+00 1.733341e-17
1.093989e+00 1.653534e-17
1.096512e+00 1.579119e-17
1.099040e+00 1.510384e-17
1.101575e+00 1.446069e-17
1.104115e+00 1.385826e-17
1.106661e+00 1.329337e-17
1.109213e+00 1.276799e-17
1.111771e+00 1.227296e-17
1.114335e+00 1.180616e-17
1.116904e+00 1.136559e-17
1.119480e+00 1.095352e-17
1.122062e+00 1.056351e-17
1.124649e+00 1.019392e-17
1.127242e+00 9.843267e-18
1.129842e+00 9.512918e-18
1.132447e+00 9.198999e-18
1.135059e+00 8.900419e-18
1.137676e+00 8.616175e-18
1.140300e+00 8.347172e-18
1.142929e+00 8.090434e-18
1.145565e+00 7.845552e-18
1.148207e+00 7.612475e-18
1.150854e+00 7.394016e-18
1.153508e+00 7.203673e-18
1.156168e+00 3.034270e-17
1.158834e+00 6.806305e-18
1.161507e+00 6.593224e-18
1.164185e+00 6.408879e-18
1.166870e+00 6.234639e-18
1.169560e+00 6.067919e-18
1.172257e+00 5.908691e-18
1.174961e+00 5.755585e-18
1.177670e+00 5.608227e-18
1.180386e+00 5.466301e-18
1.183108e+00 5.330196e-18
1.185836e+00 5.198846e-18
1.188571e+00 5.072071e-18
1.191312e+00 4.949699e-18
1.194059e+00 4.832105e-18
1.196812e+00 4.718423e-18
1.199572e+00 4.608475e-18
1.202338e+00 4.502095e-18
1.205111e+00 4.399664e-18
1.207890e+00 4.300497e-18
1.210675e+00 4.204453e-18
1.213467e+00 4.111397e-18
1.216265e+00 4.021575e-18
1.219070e+00 3.934483e-18
1.221881e+00 3.850019e-18
1.224699e+00 3.768081e-18
1.227523e+00 3.688889e-18
1.230354e+00 3.611984e-18
1.233191e+00 3.537291e-18
1.236035e+00 3.464738e-18
1.238885e+00 3.394528e-18
1.241742e+00 3.326281e-18
1.244605e+00 3.259926e-18
1.247475e+00 3.195396e-18
1.250352e+00 3.132860e-18
1.253235e+00 3.072013e-18
1.256125e+00 3.012800e-18
1.259022e+00 2.955167e-18
1.261925e+00 2.899275e-18
1.264835e+00 2.844839e-18
1.267752e+00 2.791814e-18
1.270676e+00 2.740154e-18
1.273606e+00 2.690008e-18
1.276543e+00 2.641138e-18
1.279486e+00 2.593506e-18
1.282437e+00 2.547071e-18
1.285394e+00 2.501938e-18
1.288358e+00 2.457844e-18
1.291329e+00 2.414718e-18
1.294307e+00 2.372565e-18
1.297292e+00 2.331665e-18
1.300283e+00 2.291699e-18
1.303282e+00 2.252591e-18
1.306287e+00 2.214270e-18
1.309300e+00 2.176670e-18
1.312319e+00 2.139680e-18
1.315345e+00 2.103294e-18
1.318378e+00 2.067504e-18
1.321418e+00 2.032372e-18
1.324466e+00 1.997822e-18
1.327520e+00 1.963804e-18
1.330581e+00 1.930267e-18
1.333649e+00 1.897198e-18
1.336725e+00 1.864518e-18
1.339807e+00 1.832181e-18
1.342897e+00 1.800571e-18
1.345994e+00 1.769700e-18
1.349098e+00 1.739170e-18
1.352209e+00 1.708929e-18
1.355327e+00 1.678919e-18
1.358452e+00 1.649157e-18
1.361585e+00 1.619499e-18
1.364725e+00 1.589876e-18
1.367872e+00 1.560216e-18
1.371026e+00 1.530501e-18
1.374188e+00 1.500579e-18
1.377356e+00 1.470364e-18
1.380533e+00 1.439765e-18
1.383716e+00 1.408748e-18
1.386907e+00 1.377163e-18
1.390105e+00 1.344919e-18
1.393311e+00 1.313822e-18
1.396524e+00 1.282453e-18
1.399744e+00 1.250578e-18
1.402972e+00 1.218161e-18
1.406207e+00 1.185171e-18
1.409450e+00 1.151625e-18
1.412700e+00 1.117478e-18
1.415958e+00 1.082741e-18
1.419223e+00 1.047437e-18
1.422496e+00 1.011633e-18
1.425776e+00 9.753628e-19
1.429064e+00 9.387032e-19
1.432359e+00 9.017490e-19
1.435662e+00 8.646249e-19
1.438973e+00 8.274349e-19
1.442291e+00 7.908886e-19
1.445617e+00 7.566961e-19
1.448951e+00 7.228756e-19
1.452292e+00 6.895142e-19
1.455641e+00 6.567104e-19
1.458998e+00 6.245581e-19
1.462362e+00 5.931507e-19
1.465735e+00 5.625596e-19
1.469115e+00 5.328544e-19
1.472502e+00 5.040948e-19
1.475898e+00 4.763336e-19
1.479301e+00 4.496054e-19
1.482713e+00 4.239386e-19
1.486132e+00 3.993514e-19
1.489559e+00 3.758543e-19
1.492994e+00 3.534451e-19
1.496437e+00 3.327685e-19
1.499888e+00 3.137103e-19
1.503346e+00 2.955798e-19
1.506813e+00 2.783537e-19
1.510288e+00 2.620073e-19
1.513770e+00 2.465136e-19
1.517261e+00 2.318443e-19
1.520760e+00 2.179683e-19
1.524267e+00 2.048546e-19
1.527782e+00 1.924713e-19
1.531305e+00 1.807869e-19
1.534836e+00 1.697690e-19
1.538375e+00 1.593861e-19
1.541923e+00 1.496071e-19
1.545479e+00 1.404019e-19
1.549043e+00 1.317406e-19
1.552615e+00 1.239115e-19
1.556195e+00 1.166112e-19
1.559784e+00 1.097287e-19
1.563380e+00 1.032418e-19
1.566986e+00 9.712942e-20
1.570599e+00 9.137105e-20
1.574221e+00 8.594750e-20
1.577851e+00 8.084034e-20
1.581490e+00 7.603190e-20
1.585137e+00 7.150538e-20
1.588792e+00 6.724488e-20
1.592456e+00 6.323524e-20
1.596128e+00 5.946202e-20
1.599809e+00 5.591177e-20
1.603498e+00 5.257200e-20
1.607195e+00 4.944072e-20
1.610902e+00 4.660435e-20
1.614616e+00 4.392964e-20
1.618340e+00 4.140758e-20
1.622072e+00 3.902958e-20
1.625812e+00 3.678753e-20
1.629561e+00 3.467374e-20
1.633319e+00 3.268098e-20
1.637085e+00 3.080237e-20
1.640861e+00 2.903144e-20
1.644644e+00 2.736181e-20
1.648437e+00 2.578787e-20
1.652238e+00 2.430443e-20
1.656048e+00 2.290632e-20
1.659867e+00 2.158837e-20
1.663695e+00 2.034592e-20
1.667531e+00 1.918967e-20
1.671377e+00 1.812267e-20
1.675231e+00 1.711489e-20
1.679094e+00 1.616311e-20
1.682966e+00 1.526417e-20
1.686847e+00 1.441549e-20
1.690737e+00 1.361402e-20
1.694636e+00 1.285685e-20
1.698544e+00 1.214167e-20
1.702460e+00 1.146646e-20
1.706386e+00 1.082894e-20
1.710321e+00 1.022690e-20
1.714265e+00 9.658362e-21
1.718218e+00 9.121469e-21
1.722181e+00 8.614467e-21
1.726152e+00 8.135566e-21
1.730132e+00 7.691698e-21
1.734122e+00 7.276325e-21
1.738121e+00 6.883758e-21
1.742129e+00 6.512480e-21
1.746147e+00 6.161771e-21
1.750173e+00 5.830114e-21
1.754209e+00 5.515904e-21
1.758254e+00 5.218706e-21
1.762309e+00 4.938319e-21
1.766373e+00 4.673272e-21
1.770446e+00 4.421936e-21
1.774529e+00 4.184174e-21
1.778621e+00 3.959313e-21
1.782722e+00 3.746658e-21
1.786833e+00 3.545552e-21
1.790954e+00 3.355373e-21
1.795084e+00 3.179843e-21
1.799223e+00 3.013841e-21
1.803372e+00 2.856647e-21
1.807531e+00 2.707799e-21
1.811699e+00 2.567988e-21
1.815877e+00 2.436110e-21
1.820064e+00 2.310188e-21
1.824261e+00 2.190706e-21
1.828468e+00 2.077612e-21
1.832684e+00 1.970567e-21
1.836911e+00 1.869263e-21
1.841147e+00 1.773394e-21
1.845392e+00 1.682684e-21
1.849648e+00 1.596859e-21
1.853913e+00 1.515671e-21
1.858188e+00 1.439279e-21
1.862473e+00 1.368221e-21
1.866768e+00 1.300937e-21
1.871073e+00 1.237245e-21
1.875388e+00 1.176956e-21
1.879712e+00 1.119904e-21
1.884047e+00 1.065921e-21
1.888391e+00 1.014857e-21
1.892746e+00 9.665609e-22
1.897111e+00 9.208981e-22
1.901486e+00 8.777320e-22
1.905870e+00 8.369408e-22
1.910265e+00 7.984027e-22
1.914670e+00 7.620061e-22
1.919086e+00 7.276432e-22
1.923511e+00 6.952105e-22
1.927947e+00 6.649206e-22
1.932393e+00 6.365886e-22
1.936849e+00 6.098496e-22
1.941315e+00 5.846158e-22
1.945792e+00 5.608224e-22
1.950279e+00 5.383851e-22
1.954776e+00 5.172476e-22
1.959284e+00 4.973322e-22
1.963802e+00 4.785853e-22
1.968331e+00 4.609394e-22
1.972870e+00 4.443414e-22
1.977419e+00 4.287338e-22
1.981979e+00 4.140625e-22
1.986549e+00 4.002807e-22
1.991130e+00 3.873320e-22
1.995722e+00 3.811316e-22
2.000324e+00 3.760569e-22
2.004937e+00 3.587634e-22
2.009560e+00 3.437969e-22
2.014194e+00 3.346184e-22
2.018839e+00 3.293792e-22
2.023495e+00 3.288169e-22
2.028161e+00 3.293627e-22
2.032838e+00 3.308375e-22
2.037525e+00 3.105669e-22
2.042224e+00 2.898856e-22
2.046933e+00 2.838893e-22
2.051654e+00 2.809780e-22
2.056385e+00 2.836879e-22
2.061127e+00 2.773327e-22
2.065880e+00 2.644824e-22
2.070644e+00 2.654073e-22
2.075419e+00 2.712551e-22
2.080205e+00 2.961926e-22
2.085001e+00 3.016133e-22
2.089810e+00 2.687550e-22
2.094629e+00 2.442782e-22
2.099459e+00 2.250331e-22
2.104300e+00 2.201582e-22
2.109153e+00 2.172162e-22
2.114016e+00 2.144156e-22
2.118891e+00 2.117388e-22
2.123778e+00 2.091786e-22
2.128675e+00 2.013938e-22
2.133584e+00 1.922524e-22
2.138504e+00 1.900293e-22
2.143435e+00 1.878924e-22
2.148378e+00 1.858453e-22
2.153332e+00 1.838833e-22
2.158298e+00 1.819867e-22
2.163275e+00 1.801623e-22
2.168263e+00 1.783937e-22
2.173263e+00 1.766828e-22
2.178275e+00 1.707651e-22
2.183298e+00 1.626076e-22
2.188333e+00 1.610494e-22
2.193379e+00 1.595770e-22
2.198437e+00 1.581462e-22
2.203507e+00 1.567547e-22
2.208588e+00 1.553946e-22
2.213681e+00 1.540727e-22
2.218786e+00 1.527786e-22
2.223902e+00 1.515128e-22
2.229031e+00 1.552538e-22
2.234171e+00 1.593600e-22
2.239323e+00 1.581138e-22
2.244487e+00 1.780970e-22
2.249663e+00 2.160088e-22
2.254850e+00 2.684839e-22
2.260050e+00 2.827895e-22
2.265262e+00 2.170415e-22
2.270485e+00 1.722287e-22
2.275721e+00 1.401149e-22
2.280969e+00 1.390728e-22
2.286229e+00 1.380436e-22
2.291501e+00 1.370252e-22
2.296785e+00 1.360240e-22
2.302082e+00 1.350321e-22
2.307390e+00 1.340515e-22
2.312711e+00 1.330850e-22
2.318044e+00 1.321264e-22
2.323390e+00 1.311793e-22
2.328747e+00 1.302427e-22
2.334117e+00 1.293131e-22
2.339500e+00 1.283953e-22
2.344895e+00 1.274857e-22
2.350302e+00 1.265823e-22
2.355722e+00 1.256909e-22
2.361154e+00 1.248059e-22
2.366599e+00 1.239268e-22
2.372057e+00 1.230593e-22
2.377527e+00 1.221971e-22
2.383009e+00 1.213409e-22
2.388504e+00 1.204950e-22
2.394012e+00 1.196542e-22
2.399533e+00 1.188193e-22
2.405066e+00 1.179939e-22
2.410612e+00 1.171732e-22
2.416171e+00 1.163581e-22
2.421743e+00 1.109262e-22
2.427327e+00 1.071796e-22
2.432925e+00 1.064350e-22
2.438535e+00 1.056986e-22
2.444159e+00 1.049663e-22
2.449795e+00 1.042383e-22
2.455444e+00 1.035186e-22
2.461106e+00 1.028028e-22
2.466782e+00 1.020910e-22
2.472470e+00 1.013871e-22
2.478172e+00 1.006872e-22
2.483886e+00 9.999121e-23
2.489614e+00 9.930221e-23
2.495355e+00 1.016849e-22
2.501110e+00 1.039453e-22
2.506877e+00 9.847293e-23
2.512658e+00 9.659270e-23
2.518452e+00 9.592679e-23
2.524260e+00 9.526560e-23
2.530081e+00 9.082507e-23
2.535915e+00 8.777061e-23
2.541763e+00 8.716541e-23
2.547624e+00 8.656667e-23
2.553499e+00 8.597130e-23
2.559388e+00 8.613379e-23
2.565289e+00 8.977371e-23
2.571205e+00 8.692664e-23
2.577134e+00 8.363031e-23
2.583077e+00 8.305455e-23
2.589034e+00 8.248456e-23
2.595004e+00 8.191772e-23
2.600988e+00 8.202799e-23
2.606986e+00 8.556182e-23
2.612998e+00 8.589661e-23
2.619023e+00 8.530601e-23
2.625063e+00 8.471876e-23
2.631116e+00 8.413749e-23
2.637184e+00 8.355957e-23
2.643265e+00 8.298494e-23
2.649360e+00 8.241433e-23
2.655470e+00 8.184881e-23
2.661593e+00 8.128652e-23
2.667731e+00 8.072746e-23
2.673883e+00 8.017288e-23
2.680049e+00 7.962266e-23
2.686229e+00 7.907562e-23
2.692424e+00 7.853177e-23
2.698632e+00 7.799256e-23
2.704855e+00 7.745728e-23
2.711093e+00 7.692513e-23
2.717345e+00 7.639612e-23
2.723611e+00 7.587165e-23
2.729891e+00 7.535094e-23
2.736187e+00 7.483332e-23
2.742496e+00 7.431879e-23
2.748821e+00 7.380847e-23
2.755159e+00 7.330199e-23
2.761513e+00 7.279854e-23
2.767881e+00 7.229813e-23
2.774264e+00 7.180142e-23
2.780661e+00 7.130882e-23
2.787073e+00 7.081919e-23
2.793500e+00 7.033254e-23
2.799942e+00 6.984891e-23
2.806399e+00 6.936984e-23
2.812870e+00 6.643581e-23
2.819357e+00 6.392035e-23
2.825858e+00 6.348114e-23
2.832375e+00 6.304539e-23
2.838906e+00 6.261298e-23
2.845453e+00 6.218324e-23
2.852014e+00 6.175618e-23
2.858591e+00 6.133177e-23
2.865183e+00 6.091111e-23
2.871790e+00 5.806236e-23
2.878413e+00 5.613957e-23
2.885050e+00 5.575416e-23
2.891703e+00 5.537119e-23
2.898372e+00 5.499168e-23
2.905055e+00 5.461458e-23
2.911754e+00 5.579288e-23
2.918469e+00 5.764544e-23
2.925199e+00 5.716052e-23
2.931944e+00 5.375580e-23
2.938705e+00 5.514385e-23
2.945482e+00 5.607906e-23
2.952274e+00 5.569397e-23
2.959082e+00 5.531136e-23
2.965906e+00 5.493169e-23
2.972745e+00 5.455490e-23
2.979601e+00 5.418053e-23
2.986472e+00 5.248739e-23
2.993358e+00 4.993854e-23
3.000261e+00 4.959561e-23
3.007180e+00 4.925551e-23
3.014114e+00 4.891776e-23
3.021065e+00 4.858220e-23
3.028031e+00 4.824882e-23
3.035014e+00 4.791762e-23
3.042013e+00 4.758858e-23
3.049028e+00 4.726219e-23
3.056059e+00 4.693810e-23
3.063106e+00 4.661613e-23
3.070170e+00 4.629627e-23
3.077250e+00 4.597852e-23
3.084346e+00 4.566286e-23
3.091458e+00 4.534939e-23
3.098587e+00 4.503844e-23
3.105733e+00 4.687871e-23
3.112894e+00 1.570922e-22
3.120073e+00 3.340559e-22
3.127268e+00 4.003405e-22
3.134479e+00 2.166280e-22
3.141707e+00 4.622698e-23
3.148952e+00 4.329938e-23
3.156214e+00 4.262477e-23
3.163492e+00 4.233237e-23
3.170787e+00 4.204191e-23
3.178099e+00 4.175339e-23
3.185427e+00 4.146681e-23
3.192773e+00 4.118214e-23
3.200136e+00 4.089939e-23
3.207515e+00 4.061885e-23
3.214912e+00 4.034024e-23
3.222325e+00 4.006350e-23
3.229756e+00 3.831305e-23
3.237204e+00 3.694061e-23
3.244669e+00 3.668721e-23
3.252151e+00 3.643552e-23
3.259651e+00 3.618553e-23
3.267167e+00 3.593723e-23
3.274702e+00 3.569070e-23
3.282253e+00 3.544600e-23
3.289822e+00 3.520295e-23
3.297408e+00 3.496153e-23
3.305012e+00 3.472175e-23
3.312634e+00 3.448359e-23
3.320272e+00 3.424705e-23
3.327929e+00 3.484028e-23
3.335603e+00 3.613172e-23
3.343295e+00 3.588369e-23
3.351005e+00 3.563735e-23
3.358732e+00 3.539269e-23
3.366478e+00 3.514976e-23
3.374241e+00 3.284411e-23
3.382022e+00 3.241200e-23
3.389821e+00 3.218969e-23
3.397638e+00 3.196889e-23
3.405473e+00 3.174960e-23
3.413326e+00 3.153180e-23
3.421197e+00 3.131549e-23
3.429086e+00 3.110064e-23
3.436994e+00 3.088727e-23
3.444919e+00 3.067535e-23
3.452863e+00 3.046488e-23
3.460826e+00 3.025584e-23
3.468806e+00 3.058191e-23
3.476805e+00 3.191891e-23
3.484823e+00 3.133293e-23
3.492859e+00 2.943390e-23
3.500914e+00 2.923191e-23
3.508987e+00 2.918851e-23
3.517078e+00 3.083818e-23
3.525189e+00 3.058156e-23
3.533318e+00 2.844138e-23
3.541466e+00 2.824261e-23
3.549633e+00 2.804882e-23
3.557818e+00 2.785636e-23
3.566022e+00 2.943967e-23
3.574246e+00 2.764930e-23
3.582488e+00 2.728683e-23
3.590749e+00 2.709958e-23
3.599029e+00 2.691360e-23
3.607329e+00 2.672890e-23
3.615647e+00 2.654546e-23
3.623985e+00 2.636328e-23
3.632342e+00 2.618234e-23
3.640718e+00 2.600263e-23
3.649114e+00 2.582416e-23
3.657529e+00 2.564691e-23
3.665963e+00 2.547086e-23
3.674417e+00 2.529603e-23
3.682890e+00 2.512238e-23
3.691383e+00 2.494992e-23
3.699895e+00 2.477865e-23
3.708427e+00 2.460855e-23
3.716979e+00 2.443964e-23
3.725550e+00 2.427189e-23
3.734141e+00 2.426653e-23
3.742752e+00 2.538786e-23
3.751383e+00 2.377548e-23
3.760034e+00 2.361227e-23
3.768704e+00 2.345017e-23
3.777395e+00 2.328918e-23
3.786106e+00 2.312929e-23
3.794836e+00 2.297050e-23
3.803587e+00 2.281278e-23
3.812358e+00 2.265614e-23
3.821150e+00 2.250057e-23
3.829961e+00 2.234606e-23
3.838793e+00 2.219261e-23
3.847646e+00 2.204020e-23
3.856518e+00 2.188882e-23
3.865411e+00 2.173847e-23
3.874325e+00 2.158915e-23
3.883259e+00 2.144084e-23
3.892214e+00 2.120363e-23
3.901190e+00 1.978063e-23
3.910186e+00 1.964485e-23
3.919203e+00 1.950998e-23
3.928240e+00 1.937604e-23
3.937299e+00 1.924300e-23
3.946378e+00 1.911086e-23
3.955479e+00 1.897962e-23
3.964600e+00 1.884926e-23
3.973743e+00 1.871979e-23
3.982906e+00 1.859119e-23
3.992091e+00 1.846350e-23
4.001296e+00 1.833673e-23
4.010524e+00 1.821081e-23
4.019772e+00 1.808574e-23
4.029041e+00 1.796152e-23
4.038332e+00 1.715196e-23
4.047645e+00 1.657753e-23
4.056979e+00 1.646366e-23
4.066334e+00 1.635056e-23
4.075711e+00 1.735289e-23
4.085110e+00 1.723370e-23
4.094530e+00 1.673873e-23
4.103972e+00 1.590604e-23
4.113436e+00 1.579677e-23
4.122922e+00 1.568823e-23
4.132429e+00 1.558042e-23
4.141958e+00 1.653516e-23
4.151510e+00 1.642155e-23
4.161083e+00 1.667833e-23
4.170679e+00 1.677759e-23
4.180296e+00 1.608526e-23
4.189936e+00 1.597465e-23
4.199598e+00 1.489557e-23
4.209282e+00 1.474423e-23
4.218989e+00 1.464292e-23
4.228718e+00 1.498552e-23
4.238470e+00 1.543295e-23
4.248244e+00 1.455106e-23
4.258040e+00 1.424433e-23
4.267859e+00 1.428436e-23
4.277701e+00 1.534675e-23
4.287565e+00 1.593800e-23
4.297452e+00 1.582829e-23
4.307362e+00 1.482358e-23
4.317295e+00 1.460372e-23
4.327251e+00 1.450325e-23
4.337230e+00 1.440345e-23
4.347231e+00 1.369229e-23
4.357256e+00 1.329434e-23
4.367304e+00 1.327158e-23
4.377375e+00 1.375549e-23
4.387469e+00 1.302176e-23
4.397587e+00 1.293211e-23
4.407728e+00 1.365894e-23
4.417892e+00 1.362885e-23
4.428079e+00 1.321501e-23
4.438291e+00 1.257959e-23
4.448525e+00 1.249292e-23
4.458784e+00 1.240684e-23
4.469066e+00 1.232139e-23
4.479371e+00 1.223650e-23
4.489701e+00 1.215216e-23
4.500054e+00 1.206836e-23
4.510431e+00 1.198521e-23
4.520832e+00 1.190259e-23
4.531257e+00 1.182050e-23
4.541707e+00 1.173894e-23
4.552180e+00 1.165800e-23
4.562677e+00 1.157758e-23
4.573199e+00 1.149767e-23
4.583745e+00 1.141829e-23
4.594315e+00 1.133951e-23
4.604909e+00 1.126122e-23
4.615528e+00 1.184387e-23
4.626172e+00 1.110617e-23
4.636840e+00 1.102946e-23
4.647532e+00 1.095323e-23
4.658249e+00 1.087748e-23
4.668991e+00 1.080230e-23
4.679758e+00 1.072760e-23
4.690550e+00 1.065336e-23
4.701366e+00 1.057964e-23
4.712208e+00 1.050643e-23
4.723074e+00 1.043367e-23
4.733965e+00 9.702225e-24
4.744882e+00 9.635093e-24
4.755824e+00 9.568372e-24
4.766791e+00 9.502064e-24
4.777783e+00 9.436259e-24
4.788800e+00 9.370853e-24
4.799843e+00 9.305844e-24
4.810912e+00 9.241325e-24
4.822006e+00 9.177199e-24
4.833126e+00 9.113458e-24
4.844271e+00 8.479200e-24
4.855442e+00 8.420363e-24
4.866638e+00 8.361878e-24
4.877861e+00 8.303835e-24
4.889109e+00 8.246139e-24
4.900384e+00 8.188796e-24
4.911684e+00 8.131872e-24
4.923010e+00 8.075283e-24
4.934363e+00 8.019057e-24
4.945741e+00 7.963220e-24
4.957146e+00 7.907706e-24
4.968578e+00 7.852571e-24
4.980035e+00 7.797788e-24
4.991519e+00 8.803409e-24
5.003030e+00 9.986300e-24
5.014567e+00 7.903962e-24
5.026130e+00 7.582061e-24
5.037721e+00 7.528994e-24
5.049338e+00 7.476224e-24
5.060981e+00 7.277008e-24
5.072652e+00 7.241601e-24
5.084350e+00 7.264446e-24
5.096074e+00 6.815563e-24
5.107826e+00 6.767726e-24
5.119605e+00 7.515764e-24
5.131410e+00 8.103817e-24
5.143243e+00 7.366147e-24
5.155104e+00 6.579406e-24
5.166991e+00 6.949422e-24
5.178907e+00 6.299831e-24
5.190849e+00 6.044322e-24
5.202819e+00 6.001756e-24
5.214817e+00 5.959435e-24
5.226842e+00 6.002720e-24
5.238896e+00 6.536475e-24
5.250977e+00 6.216203e-24
5.263085e+00 6.172025e-24
5.275222e+00 6.118076e-24
5.287387e+00 5.710862e-24
5.299580e+00 5.670280e-24
5.311800e+00 5.997835e-24
5.324049e+00 5.954906e-24
5.336327e+00 5.912245e-24
5.348632e+00 5.869812e-24
5.360966e+00 5.471029e-24
5.373329e+00 5.431870e-24
5.385720e+00 5.743985e-24
5.398139e+00 5.432217e-24
5.410587e+00 5.408833e-24
5.423064e+00 5.357351e-24
5.435570e+00 5.239483e-24
5.448104e+00 5.201668e-24
5.460668e+00 5.077036e-24
5.473260e+00 4.817744e-24
5.485881e+00 4.876385e-24
5.498532e+00 5.321311e-24
5.511212e+00 5.228120e-24
5.523920e+00 4.979332e-24
5.536659e+00 4.943033e-24
5.549426e+00 5.200923e-24
5.562223e+00 5.038391e-24
5.575050e+00 4.545922e-24
5.587906e+00 4.512868e-24
5.600792e+00 4.479995e-24
5.613707e+00 4.447339e-24
5.626652e+00 4.414874e-24
5.639627e+00 4.382616e-24
5.652632e+00 4.350561e-24
5.665668e+00 4.318701e-24
5.678733e+00 4.557698e-24
5.691828e+00 4.811452e-24
5.704953e+00 4.448554e-24
5.718109e+00 4.238822e-24
5.731295e+00 4.424050e-24
5.744511e+00 4.049573e-24
5.757758e+00 3.861739e-24
5.771036e+00 4.071310e-24
5.784344e+00 4.293986e-24
5.797682e+00 4.262049e-24
5.811052e+00 4.230341e-24
5.824452e+00 3.968942e-24
5.837883e+00 3.695765e-24
5.851346e+00 3.634911e-24
5.864839e+00 3.433290e-24
5.878363e+00 3.615529e-24
5.891919e+00 3.383896e-24
5.905506e+00 3.359500e-24
5.919124e+00 3.335293e-24
5.932773e+00 3.311276e-24
5.946454e+00 3.485985e-24
5.960167e+00 3.460709e-24
5.973911e+00 3.266017e-24
5.987687e+00 3.410806e-24
6.001495e+00 3.386170e-24
6.015334e+00 3.533031e-24
6.029206e+00 3.242446e-24
6.043109e+00 3.126290e-24
6.057044e+00 3.104056e-24
6.071012e+00 3.082022e-24
6.085012e+00 3.060180e-24
6.099044e+00 3.198872e-24
6.113108e+00 3.094017e-24
6.127205e+00 3.042868e-24
6.141335e+00 3.527536e-24
6.155496e+00 4.288863e-24
6.169691e+00 5.151643e-24
6.183918e+00 5.165163e-24
6.198179e+00 4.304930e-24
6.212472e+00 5.013977e-24
6.226798e+00 4.104654e-24
6.241157e+00 3.369758e-24
6.255549e+00 3.438768e-24
6.269974e+00 2.640320e-24
6.284433e+00 2.622325e-24
6.298925e+00 2.604498e-24
6.313450e+00 2.586838e-24
6.328009e+00 2.519436e-24
6.342601e+00 2.414667e-24
6.357228e+00 2.398549e-24
6.371887e+00 2.382580e-24
6.386581e+00 2.366755e-24
6.401308e+00 2.351071e-24
6.416070e+00 2.335532e-24
6.430865e+00 2.320137e-24
6.445695e+00 2.304880e-24
6.460559e+00 2.289760e-24
6.475457e+00 2.274775e-24
6.490389e+00 2.259930e-24
6.505356e+00 2.245219e-24
6.520358e+00 2.230640e-24
6.535394e+00 2.216190e-24
6.550464e+00 2.201869e-24
6.565570e+00 2.187681e-24
6.580710e+00 2.173620e-24
6.595885e+00 2.159684e-24
6.611095e+00 2.145872e-24
6.626341e+00 2.132183e-24
6.641621e+00 2.118616e-24
6.656937e+00 2.202387e-24
6.672288e+00 2.207862e-24
6.687674e+00 2.078647e-24
6.703096e+00 2.065560e-24
6.718553e+00 2.052589e-24
6.734046e+00 1.935351e-24
6.749575e+00 1.923414e-24
6.765140e+00 1.995425e-24
6.780740e+00 1.931606e-24
6.796376e+00 1.945270e-24
6.812049e+00 1.932392e-24
6.827758e+00 1.865339e-24
6.843502e+00 1.854039e-24
6.859284e+00 1.929766e-24
6.875101e+00 1.929098e-24
6.890955e+00 1.917352e-24
6.906846e+00 1.809869e-24
6.922773e+00 1.799081e-24
6.938737e+00 1.788392e-24
6.954738e+00 1.777801e-24
6.970775e+00 1.767310e-24
6.986850e+00 1.756916e-24
7.002962e+00 1.838042e-24
7.019111e+00 1.827120e-24
7.035297e+00 1.816298e-24
7.051520e+00 1.805576e-24
7.067781e+00 1.706389e-24
7.084080e+00 1.712752e-24
7.100415e+00 2.202207e-24
7.116789e+00 1.855735e-24
7.133200e+00 2.413647e-24
7.149650e+00 2.745210e-24
7.166137e+00 1.654213e-24
7.182662e+00 1.639587e-24
7.199225e+00 1.630409e-24
7.215827e+00 1.621320e-24
7.232466e+00 1.694006e-24
7.249145e+00 1.603408e-24
7.265861e+00 1.594584e-24
7.282616e+00 1.512405e-24
7.299410e+00 1.571993e-24
7.316243e+00 1.818832e-24
7.333114e+00 1.637892e-24
7.350024e+00 1.712100e-24
7.366973e+00 1.543453e-24
7.383962e+00 1.529950e-24
7.400989e+00 1.457897e-24
7.418056e+00 1.461763e-24
7.435162e+00 1.511056e-24
7.452307e+00 1.503163e-24
7.469493e+00 1.594585e-24
7.486717e+00 1.530358e-24
7.503982e+00 1.479971e-24
7.521286e+00 1.472401e-24
7.538630e+00 1.400385e-24
7.556014e+00 1.393543e-24
7.573438e+00 1.450165e-24
7.590903e+00 1.380083e-24
7.608407e+00 1.373465e-24
7.625953e+00 1.366922e-24
7.643538e+00 1.360452e-24
7.661164e+00 1.374474e-24
7.678831e+00 1.443081e-24
7.696538e+00 1.341477e-24
7.714287e+00 1.335295e-24
7.732076e+00 1.329183e-24
7.749906e+00 1.323142e-24
7.767777e+00 1.366850e-24
7.785690e+00 1.311272e-24
7.803644e+00 1.337037e-24
7.821639e+00 1.299677e-24
7.839676e+00 1.349245e-24
7.857754e+00 1.343099e-24
7.875874e+00 1.337025e-24
7.894036e+00 1.277298e-24
7.912240e+00 1.296633e-24
7.930485e+00 1.397980e-24
7.948773e+00 1.641536e-24
7.967103e+00 1.422711e-24
7.985475e+00 1.302022e-24
8.003890e+00 1.325936e-24
8.022347e+00 1.274745e-24
8.040846e+00 1.285428e-24
8.059389e+00 1.273746e-24
8.077974e+00 1.225912e-24
8.096602e+00 1.221119e-24
8.115272e+00 1.256118e-24
8.133986e+00 1.429683e-24
8.152743e+00 1.489691e-24
8.171544e+00 1.292776e-24
8.190387e+00 1.162643e-24
8.209274e+00 1.193626e-24
8.228205e+00 1.189251e-24
8.247179e+00 1.144437e-24
8.266197e+00 1.180675e-24
8.285259e+00 1.379920e-24
8.304365e+00 1.371608e-24
8.323515e+00 1.319835e-24
8.342709e+00 1.169437e-24
8.361947e+00 1.122192e-24
8.381230e+00 1.118670e-24
8.400557e+00 1.152451e-24
8.419929e+00 1.098643e-24
8.439346e+00 1.075497e-24
8.458807e+00 1.072538e-24
8.478313e+00 1.069628e-24
8.497864e+00 1.066765e-24
8.517460e+00 1.063949e-24
8.537101e+00 1.061181e-24
8.556788e+00 1.058459e-24
8.576520e+00 1.055785e-24
8.596298e+00 1.053157e-24
8.616121e+00 1.048784e-24
8.635989e+00 1.048041e-24
8.655904e+00 1.045552e-24
8.675865e+00 1.043109e-24
8.695871e+00 1.040714e-24
8.715924e+00 1.038364e-24
8.736023e+00 1.018988e-24
8.756168e+00 1.033804e-24
8.776360e+00 1.027542e-24
8.796599e+00 1.005248e-24
8.816884e+00 1.003403e-24
8.837215e+00 1.001603e-24
8.857594e+00 9.998458e-25
8.878020e+00 9.981334e-25
8.898493e+00 9.964651e-25
8.919012e+00 9.948416e-25
8.939580e+00 9.932629e-25
8.960195e+00 9.917295e-25
8.980857e+00 9.902417e-25
9.001567e+00 9.887996e-25
9.022324e+00 9.874037e-25
9.043130e+00 9.860540e-25
9.063984e+00 9.847510e-25
9.084885e+00 9.834944e-25
9.105835e+00 9.964970e-25
9.126833e+00 9.811218e-25
9.147880e+00 9.800054e-25
9.168975e+00 9.789352e-25
9.190118e+00 9.779107e-25
9.211311e+00 9.963162e-25
9.232552e+00 9.951763e-25
9.253843e+00 9.751036e-25
9.275182e+00 9.742522e-25
9.296571e+00 9.734406e-25
9.318009e+00 9.726655e-25
9.339496e+00 9.719249e-25
9.361033e+00 9.712151e-25
9.382620e+00 9.705322e-25
9.404256e+00 9.542340e-25
9.425942e+00 9.537572e-25
9.447679e+00 9.532920e-25
9.469465e+00 9.528325e-25
9.491302e+00 9.523727e-25
9.513189e+00 9.519068e-25
9.535126e+00 9.660909e-25
9.557114e+00 9.530060e-25
9.579153e+00 9.504038e-25
9.601243e+00 9.498456e-25
9.623383e+00 9.492481e-25
9.645575e+00 9.486054e-25
9.667817e+00 9.479119e-25
9.690112e+00 9.471632e-25
9.712457e+00 9.597171e-25
9.734854e+00 9.454854e-25
9.757303e+00 9.445513e-25
9.779803e+00 9.435522e-25
9.802355e+00 9.424879e-25
9.824960e+00 9.413594e-25
9.847616e+00 9.401689e-25
9.870325e+00 9.510903e-25
9.893086e+00 9.916696e-25
9.915899e+00 9.994397e-25
9.938766e+00 9.465013e-25
9.961684e+00 9.401903e-25
9.984656e+00 9.336560e-25
1.000768e+01 9.312360e-25
1.003076e+01 9.191699e-25
1.005389e+01 9.177421e-25
1.007707e+01 9.162932e-25
1.010031e+01 9.148272e-25
1.012360e+01 9.133481e-25
1.014695e+01 9.118592e-25
1.017035e+01 9.103638e-25
1.019380e+01 9.088648e-25
1.021731e+01 8.998702e-25
1.024087e+01 9.051379e-25
1.026448e+01 8.989714e-25
1.028815e+01 8.957310e-25
1.031188e+01 9.013926e-25
1.033566e+01 8.999143e-25
1.035949e+01 8.994926e-25
1.038338e+01 8.969823e-25
1.040732e+01 8.955299e-25
1.043132e+01 8.875841e-25
1.045538e+01 8.926542e-25
1.047949e+01 8.849280e-25
1.050365e+01 8.870530e-25
1.052788e+01 8.823043e-25
1.055215e+01 8.810044e-25
1.057649e+01 8.797123e-25
1.060088e+01 8.784276e-25
1.062532e+01 8.771501e-25
1.064982e+01 8.815362e-25
1.067438e+01 8.801861e-25
1.069900e+01 8.788435e-25
1.072367e+01 8.784676e-25
1.074840e+01 8.761795e-25
1.077318e+01 8.748571e-25
1.079803e+01 8.683777e-25
1.082293e+01 8.671439e-25
1.084789e+01 8.709228e-25
1.087290e+01 8.646867e-25
1.089797e+01 8.634624e-25
1.092311e+01 8.622404e-25
1.094829e+01 8.610204e-25
1.097354e+01 8.598019e-25
1.099885e+01 8.631628e-25
1.102421e+01 8.577848e-25
1.104963e+01 8.563432e-25
1.107511e+01 8.549360e-25
1.110065e+01 8.537197e-25
1.112625e+01 8.525028e-25
1.115191e+01 8.512850e-25
1.117762e+01 8.489057e-25
1.120340e+01 8.452853e-25
1.122923e+01 8.476230e-25
1.125513e+01 8.429421e-25
1.128108e+01 8.417658e-25
1.130710e+01 8.405860e-25
1.133317e+01 8.394027e-25
1.135931e+01 8.382154e-25
1.138550e+01 8.378379e-25
1.141176e+01 8.389933e-25
1.143807e+01 8.359511e-25
1.146445e+01 8.334235e-25
1.149088e+01 8.322138e-25
1.151738e+01 8.312474e-25
1.154394e+01 8.614935e-25
1.157056e+01 8.300766e-25
1.159724e+01 8.273234e-25
1.162399e+01 8.285512e-25
1.165079e+01 8.304860e-25
1.167766e+01 8.244495e-25
1.170459e+01 8.281248e-25
1.173158e+01 8.216293e-25
1.175863e+01 8.198165e-25
1.178575e+01 8.185439e-25
1.181293e+01 8.172648e-25
1.184017e+01 8.159792e-25
1.186747e+01 8.146870e-25
1.189484e+01 8.133882e-25
1.192227e+01 8.120826e-25
1.194976e+01 8.107702e-25
1.197731e+01 8.117878e-25
1.200493e+01 8.114843e-25
1.203262e+01 8.067915e-25
1.206037e+01 8.054513e-25
1.208818e+01 8.041041e-25
1.211605e+01 8.027496e-25
1.214399e+01 8.008536e-25
1.217200e+01 7.981716e-25
1.220006e+01 7.986435e-25
1.222820e+01 7.972603e-25
1.225640e+01 7.958699e-25
1.228466e+01 7.944723e-25
1.231299e+01 7.950390e-25
1.234138e+01 7.935993e-25
1.236984e+01 7.914085e-25
1.239837e+01 7.903182e-25
1.242696e+01 7.938150e-25
1.245561e+01 7.898764e-25
1.248434e+01 7.883732e-25
1.251313e+01 7.848169e-25
1.254198e+01 7.800272e-25
1.257090e+01 7.785782e-25
1.259989e+01 7.771407e-25
1.262895e+01 7.756579e-25
1.265807e+01 7.741865e-25
1.268726e+01 7.727077e-25
1.271652e+01 7.712216e-25
1.274584e+01 7.697281e-25
1.277523e+01 7.682274e-25
1.280469e+01 7.667194e-25
1.283422e+01 7.652043e-25
1.286382e+01 7.636820e-25
1.289348e+01 7.621527e-25
1.292321e+01 7.606164e-25
1.295301e+01 7.590731e-25
1.298288e+01 7.575229e-25
1.301282e+01 7.559659e-25
1.304283e+01 7.544022e-25
1.307291e+01 7.528318e-25
1.310305e+01 7.512548e-25
1.313327e+01 7.521685e-25
1.316355e+01 7.545314e-25
1.319391e+01 7.464849e-25
1.322433e+01 7.448823e-25
1.325483e+01 7.432734e-25
1.328539e+01 7.416585e-25
1.331603e+01 7.400375e-25
1.334674e+01 7.399419e-25
1.337752e+01 7.358631e-25
1.340836e+01 7.342369e-25
1.343928e+01 7.326048e-25
1.347027e+01 7.309671e-25
1.350134e+01 7.293238e-25
1.353247e+01 7.276749e-25
1.356368e+01 7.260208e-25
1.359496e+01 7.243613e-25
1.362631e+01 7.226967e-25
1.365773e+01 7.210271e-25
1.368922e+01 7.193526e-25
1.372079e+01 7.176733e-25
1.375243e+01 7.159893e-25
1.378414e+01 7.143009e-25
1.381593e+01 7.126080e-25
1.384779e+01 7.109109e-25
1.387972e+01 7.092097e-25
1.391173e+01 7.072402e-25
1.394381e+01 7.051673e-25
1.397596e+01 7.034628e-25
1.400819e+01 7.023663e-25
1.404050e+01 7.000427e-25
1.407287e+01 6.987675e-25
1.410533e+01 6.966092e-25
1.413785e+01 6.948878e-25
1.417045e+01 6.931634e-25
1.420313e+01 6.922409e-25
1.423588e+01 6.897067e-25
1.426871e+01 6.879747e-25
1.430162e+01 6.861460e-25
1.433460e+01 6.840358e-25
1.436765e+01 6.823036e-25
1.440078e+01 6.805696e-25
1.443399e+01 6.788339e-25
1.446728e+01 6.770969e-25
1.450064e+01 6.753586e-25
1.453408e+01 6.736192e-25
1.456759e+01 6.718790e-25
1.460119e+01 6.701381e-25
1.463486e+01 6.683967e-25
1.466860e+01 6.666551e-25
1.470243e+01 6.649135e-25
1.473633e+01 6.631719e-25
1.477032e+01 6.614308e-25
1.480438e+01 6.596902e-25
1.483852e+01 6.579503e-25
1.487273e+01 6.562115e-25
1.490703e+01 6.544739e-25
1.494141e+01 6.524137e-25
1.497586e+01 6.510034e-25
1.501040e+01 6.524282e-25
1.504501e+01 6.472284e-25
1.507970e+01 6.455042e-25
1.511448e+01 6.437827e-25
1.514933e+01 6.420640e-25
1.518427e+01 6.403484e-25
1.521928e+01 6.386360e-25
1.525438e+01 6.369273e-25
1.528955e+01 6.352223e-25
1.532481e+01 6.335215e-25
1.536015e+01 6.317707e-25
1.539557e+01 6.298935e-25
1.543107e+01 6.282095e-25
1.546666e+01 6.265306e-25
1.550232e+01 6.248572e-25
1.553807e+01 6.231894e-25
1.557390e+01 6.215276e-25
1.560982e+01 6.199104e-25
1.564581e+01 6.183315e-25
1.568189e+01 6.165809e-25
1.571805e+01 6.149459e-25
1.575430e+01 6.133183e-25
1.579063e+01 6.116984e-25
1.582704e+01 6.100866e-25
1.586354e+01 6.084832e-25
1.590012e+01 6.068884e-25
1.593679e+01 6.053026e-25
1.597354e+01 6.037261e-25
1.601037e+01 6.021592e-25
1.604729e+01 6.006022e-25
1.608430e+01 5.990556e-25
1.612139e+01 5.974478e-25
1.615857e+01 5.958342e-25
1.619583e+01 5.943998e-25
1.623317e+01 5.929780e-25
1.627061e+01 5.914875e-25
1.630813e+01 5.900093e-25
1.634574e+01 5.884692e-25
1.638343e+01 5.870910e-25
1.642121e+01 5.856516e-25
1.645908e+01 5.843917e-25
1.649703e+01 5.829777e-25
1.653507e+01 5.819768e-25
1.657320e+01 5.807747e-25
1.661142e+01 5.794500e-25
1.664973e+01 5.776533e-25
1.668812e+01 5.759760e-25
1.672661e+01 5.746290e-25
1.676518e+01 5.732204e-25
1.680384e+01 5.719342e-25
1.684259e+01 5.706650e-25
1.688143e+01 5.694132e-25
1.692035e+01 5.681791e-25
1.695937e+01 5.669629e-25
1.699848e+01 5.657652e-25
1.703768e+01 5.645861e-25
1.707697e+01 5.634013e-25
1.711635e+01 5.621849e-25
1.715582e+01 5.610651e-25
1.719538e+01 5.599653e-25
1.723503e+01 5.588858e-25
1.727478e+01 5.578269e-25
1.731461e+01 5.567888e-25
1.735454e+01 5.557719e-25
1.739456e+01 5.547765e-25
1.743467e+01 5.538028e-25
1.747488e+01 5.528511e-25
1.751517e+01 5.519218e-25
1.755556e+01 5.510150e-25
1.759605e+01 5.501310e-25
1.763662e+01 5.492702e-25
1.767729e+01 5.484326e-25
1.771806e+01 5.476187e-25
1.775892e+01 5.468285e-25
1.779987e+01 5.460624e-25
1.784092e+01 5.453204e-25
1.788206e+01 5.446029e-25
1.792329e+01 5.439101e-25
1.796462e+01 5.432420e-25
1.800605e+01 5.425990e-25
1.804757e+01 5.419811e-25
1.808919e+01 5.413265e-25
1.813090e+01 5.407603e-25
1.817271e+01 5.402196e-25
1.821462e+01 5.397046e-25
1.825662e+01 5.392154e-25
1.829872e+01 5.388094e-25
1.834092e+01 5.383147e-25
1.838322e+01 5.379034e-25
1.842561e+01 5.375182e-25
1.846810e+01 5.371591e-25
1.851068e+01 5.368261e-25
1.855337e+01 5.365194e-25
1.859615e+01 5.362388e-25
1.863904e+01 5.359843e-25
1.868202e+01 5.357560e-25
1.872510e+01 5.355537e-25
1.876828e+01 5.353692e-25
1.881156e+01 5.351860e-25
1.885494e+01 5.350622e-25
1.889842e+01 5.349641e-25
1.894200e+01 5.348916e-25
1.898568e+01 5.348445e-25
1.902946e+01 5.348226e-25
1.907334e+01 5.348258e-25
1.911733e+01 5.348566e-25
1.916141e+01 5.349065e-25
1.920560e+01 5.349835e-25
1.924989e+01 5.350846e-25
1.929428e+01 5.352095e-25
1.933877e+01 5.353579e-25
1.938336e+01 5.355294e-25
1.942806e+01 5.357237e-25
1.947286e+01 5.359404e-25
1.951777e+01 5.361791e-25
1.956278e+01 5.364394e-25
1.960789e+01 5.367841e-25
1.965310e+01 5.370230e-25
1.969842e+01 5.373452e-25
1.974385e+01 5.376871e-25
1.978938e+01 5.381359e-25
1.983501e+01 5.384278e-25
1.988075e+01 5.388440e-25
1.992660e+01 5.392403e-25
1.997255e+01 5.396720e-25
2.001861e+01 5.401198e-25
2.006477e+01 5.405608e-25
2.011104e+01 5.410392e-25
2.015741e+01 5.415317e-25
2.020390e+01 5.420375e-25
2.025049e+01 5.425559e-25
2.029719e+01 5.430861e-25
2.034399e+01 5.436274e-25
2.039090e+01 5.441791e-25
2.043793e+01 5.447718e-25
2.048506e+01 5.453292e-25
2.053229e+01 5.458879e-25
2.057964e+01 5.464727e-25
2.062710e+01 5.470637e-25
2.067466e+01 5.476602e-25
2.072234e+01 5.482612e-25
2.077013e+01 5.488659e-25
2.081802e+01 5.494609e-25
2.086603e+01 5.500829e-25
2.091415e+01 5.506936e-25
2.096237e+01 5.513045e-25
2.101071e+01 5.519009e-25
2.105916e+01 5.525100e-25
2.110773e+01 5.531169e-25
2.115640e+01 5.537207e-25
2.120519e+01 5.543206e-25
2.125409e+01 5.549157e-25
2.130310e+01 5.555053e-25
2.135223e+01 5.560886e-25
2.140146e+01 5.566647e-25
2.145082e+01 5.572329e-25
2.150028e+01 5.577925e-25
2.154986e+01 5.583428e-25
2.159956e+01 5.588829e-25
2.164936e+01 5.594123e-25
2.169929e+01 5.599302e-25
2.174933e+01 5.604360e-25
2.179948e+01 5.609291e-25
2.184975e+01 5.614087e-25
2.190014e+01 5.618745e-25
2.195064e+01 5.623257e-25
2.200126e+01 5.627618e-25
2.205199e+01 5.631824e-25
2.210284e+01 5.635869e-25
2.215381e+01 5.639748e-25
2.220490e+01 5.643457e-25
2.225610e+01 5.646992e-25
2.230743e+01 5.650350e-25
2.235887e+01 5.653531e-25
2.241043e+01 5.656515e-25
2.246211e+01 5.659317e-25
2.251390e+01 5.661928e-25
2.256582e+01 5.664344e-25
2.261786e+01 5.666565e-25
2.267002e+01 5.668587e-25
2.272229e+01 5.670408e-25
2.277469e+01 5.672028e-25
2.282721e+01 5.673444e-25
2.287985e+01 5.674655e-25
2.293261e+01 5.675661e-25
2.298549e+01 5.676484e-25
2.303850e+01 5.677144e-25
2.309162e+01 5.677529e-25
2.314487e+01 5.677707e-25
2.319825e+01 5.677677e-25
2.325174e+01 5.677441e-25
2.330536e+01 5.676999e-25
2.335910e+01 5.676351e-25
2.341297e+01 5.675498e-25
2.346696e+01 5.674441e-25
2.352107e+01 5.673182e-25
2.357531e+01 5.671722e-25
2.362968e+01 5.670062e-25
2.368417e+01 5.668204e-25
2.373878e+01 5.666150e-25
2.379353e+01 5.663902e-25
2.384839e+01 5.661461e-25
2.390339e+01 5.658830e-25
2.395851e+01 5.656011e-25
2.401376e+01 5.653007e-25
2.406914e+01 5.649819e-25
2.412464e+01 5.646451e-25
2.418027e+01 5.642905e-25
2.423603e+01 5.639184e-25
2.429192e+01 5.635290e-25
2.434794e+01 5.631227e-25
2.440408e+01 5.626997e-25
2.446036e+01 5.622603e-25
2.451676e+01 5.618048e-25
2.457330e+01 5.613336e-25
2.462997e+01 5.608468e-25
2.468676e+01 5.603449e-25
2.474369e+01 5.598282e-25
2.480075e+01 5.592969e-25
2.485794e+01 5.587596e-25
2.491526e+01 5.582001e-25
2.497272e+01 5.576271e-25
2.503031e+01 5.570327e-25
2.508803e+01 5.564334e-25
2.514588e+01 5.558216e-25
2.520387e+01 5.551974e-25
2.526199e+01 5.545613e-25
2.532024e+01 5.539134e-25
2.537863e+01 5.532475e-25
2.543715e+01 5.525773e-25
2.549581e+01 5.518964e-25
2.555460e+01 5.512051e-25
2.561353e+01 5.505036e-25
2.567260e+01 5.497923e-25
2.573180e+01 5.490715e-25
2.579114e+01 5.483415e-25
2.585061e+01 5.476026e-25
2.591022e+01 5.468550e-25
2.596997e+01 5.460991e-25
2.602986e+01 5.453352e-25
2.608988e+01 5.445635e-25
2.615005e+01 5.437843e-25
2.621035e+01 5.429978e-25
2.627079e+01 5.422045e-25
2.633137e+01 5.414044e-25
2.639209e+01 5.405980e-25
2.645295e+01 5.397853e-25
2.651395e+01 5.389668e-25
2.657509e+01 5.381426e-25
2.663638e+01 5.373130e-25
2.669780e+01 5.364782e-25
2.675937e+01 5.356385e-25
2.682107e+01 5.347940e-25
2.688292e+01 5.339451e-25
2.694492e+01 5.330920e-25
2.700705e+01 5.322348e-25
2.706933e+01 5.313738e-25
2.713175e+01 5.305092e-25
2.719432e+01 5.296411e-25
2.725703e+01 5.287699e-25
2.731988e+01 5.278956e-25
2.738288e+01 5.270186e-25
2.744603e+01 5.261389e-25
2.750932e+01 5.252568e-25
2.757275e+01 5.243724e-25
2.763634e+01 5.234859e-25
2.770007e+01 5.225975e-25
2.776394e+01 5.217074e-25
2.782797e+01 5.208156e-25
2.789214e+01 5.199225e-25
2.795646e+01 5.190281e-25
2.802093e+01 5.181326e-25
2.808554e+01 5.172361e-25
2.815031e+01 5.163387e-25
2.821522e+01 5.154400e-25
2.828029e+01 5.145422e-25
2.834550e+01 5.136432e-25
2.841087e+01 5.127440e-25
2.847638e+01 5.118446e-25
2.854205e+01 5.109451e-25
2.860787e+01 5.100458e-25
2.867384e+01 5.091466e-25
2.873996e+01 5.082478e-25
2.880623e+01 5.073494e-25
2.887266e+01 5.064515e-25
2.893924e+01 5.055542e-25
2.900598e+01 5.046577e-25
2.907286e+01 5.037621e-25
2.913991e+01 5.028673e-25
2.920710e+01 5.019736e-25
2.927446e+01 5.010810e-25
2.934196e+01 5.001896e-25
2.940963e+01 4.992994e-25
2.947744e+01 4.984107e-25
2.954542e+01 4.975233e-25
2.961355e+01 4.966375e-25
2.968184e+01 4.957533e-25
2.975029e+01 4.948707e-25
2.981889e+01 4.939898e-25
2.988765e+01 4.931108e-25
2.995658e+01 4.922336e-25
3.002566e+01 4.913583e-25
3.009489e+01 4.904850e-25
3.016429e+01 4.896138e-25
3.023385e+01 4.887447e-25
3.030357e+01 4.878777e-25
3.037345e+01 4.870129e-25
3.044349e+01 4.861503e-25
3.051370e+01 4.852901e-25
3.058406e+01 4.844322e-25
3.065459e+01 4.835766e-25
3.072528e+01 4.827236e-25
3.079613e+01 4.818730e-25
3.086715e+01 4.810249e-25
3.093833e+01 4.801793e-25
3.100967e+01 4.793364e-25
3.108118e+01 4.784960e-25
3.115285e+01 4.776584e-25
3.122469e+01 4.768234e-25
3.129670e+01 4.759911e-25
3.136887e+01 4.751616e-25
3.144120e+01 4.743348e-25
3.151371e+01 4.735109e-25
3.158638e+01 4.726897e-25
3.165922e+01 4.718715e-25
3.173222e+01 4.710561e-25
3.180540e+01 4.702436e-25
3.187874e+01 4.694340e-25
3.195225e+01 4.686273e-25
3.202594e+01 4.678236e-25
3.209979e+01 4.670229e-25
3.217381e+01 4.662251e-25
3.224800e+01 4.654304e-25
3.232237e+01 4.646386e-25
3.239690e+01 4.638499e-25
3.247161e+01 4.630642e-25
3.254649e+01 4.622816e-25
3.262154e+01 4.615020e-25
3.269677e+01 4.607255e-25
3.277217e+01 4.599521e-25
3.284774e+01 4.591818e-25
3.292349e+01 4.584145e-25
3.299941e+01 4.576504e-25
3.307551e+01 4.568894e-25
3.315178e+01 4.561315e-25
3.322823e+01 4.553767e-25
3.330485e+01 4.546250e-25
3.338165e+01 4.538764e-25
3.345863e+01 4.531310e-25
3.353579e+01 4.523887e-25
3.361312e+01 4.516495e-25
3.369063e+01 4.509134e-25
3.376832e+01 4.501805e-25
3.384619e+01 4.494507e-25
3.392424e+01 4.487241e-25
3.400247e+01 4.480005e-25
3.408088e+01 4.472801e-25
3.415947e+01 4.465628e-25
3.423825e+01 4.458486e-25
3.431720e+01 4.451375e-25
3.439634e+01 4.444296e-25
3.447565e+01 4.437247e-25
3.455515e+01 4.430230e-25
3.463484e+01 4.423243e-25
3.471471e+01 4.416287e-25
3.479476e+01 4.409363e-25
3.487500e+01 4.402469e-25
3.495542e+01 4.395605e-25
3.503603e+01 4.388773e-25
3.511682e+01 4.381971e-25
3.519780e+01 4.375199e-25
3.527897e+01 4.368458e-25
3.536032e+01 4.361747e-25
3.544186e+01 4.355067e-25
3.552359e+01 4.348417e-25
3.560551e+01 4.341797e-25
3.568761e+01 4.335206e-25
3.576991e+01 4.328646e-25
3.585240e+01 4.322116e-25
3.593507e+01 4.315615e-25
3.601794e+01 4.309144e-25
3.610100e+01 4.302702e-25
3.618424e+01 4.296290e-25
3.626769e+01 4.289907e-25
3.635132e+01 4.283553e-25
3.643515e+01 4.277229e-25
3.651917e+01 4.270933e-25
3.660338e+01 4.264666e-25
3.668779e+01 4.258428e-25
3.677239e+01 4.252219e-25
3.685719e+01 4.246038e-25
3.694218e+01 4.239886e-25
3.702737e+01 4.233762e-25
3.711275e+01 4.227665e-25
3.719834e+01 4.221598e-25
3.728412e+01 4.215557e-25
3.737009e+01 4.209545e-25
3.745627e+01 4.203561e-25
3.754264e+01 4.197615e-25
3.762922e+01 4.191685e-25
3.771599e+01 4.185783e-25
3.780296e+01 4.179907e-25
3.789014e+01 4.174059e-25
3.797751e+01 4.168238e-25
3.806509e+01 4.162443e-25
3.815287e+01 4.156675e-25
3.824085e+01 4.150934e-25
3.832903e+01 4.145219e-25
3.841742e+01 4.139530e-25
3.850601e+01 4.133867e-25
3.859480e+01 4.128231e-25
3.868380e+01 4.122620e-25
3.877301e+01 4.117035e-25
3.886242e+01 4.111476e-25
3.895204e+01 4.105942e-25
3.904186e+01 4.100433e-25
3.913189e+01 4.094950e-25
3.922213e+01 4.089492e-25
3.931258e+01 4.084059e-25
3.940323e+01 4.078651e-25
3.949410e+01 4.073268e-25
3.958517e+01 4.067911e-25
3.967645e+01 4.062580e-25
3.976795e+01 4.057277e-25
3.985965e+01 4.052010e-25
3.995157e+01 4.046825e-25
4.004370e+01 4.042727e-25
4.013604e+01 4.036852e-25
4.022859e+01 4.031144e-25
4.032136e+01 4.025923e-25
4.041434e+01 4.020763e-25
4.050754e+01 4.015635e-25
4.060095e+01 4.010534e-25
4.069457e+01 4.005456e-25
4.078842e+01 4.000403e-25
4.088247e+01 3.995372e-25
4.097675e+01 3.990364e-25
4.107124e+01 3.985378e-25
4.116595e+01 3.980415e-25
4.126088e+01 3.975473e-25
4.135603e+01 3.970554e-25
4.145140e+01 3.965657e-25
4.154698e+01 3.960781e-25
4.164279e+01 3.955927e-25
4.173882e+01 3.951095e-25
4.183507e+01 3.946283e-25
4.193154e+01 3.941493e-25
4.202824e+01 3.936724e-25
4.212516e+01 3.931976e-25
4.222230e+01 3.927249e-25
4.231966e+01 3.922542e-25
4.241725e+01 3.917856e-25
4.251507e+01 3.913191e-25
4.261311e+01 3.908545e-25
4.271137e+01 3.903920e-25
4.280986e+01 3.899315e-25
4.290858e+01 3.894730e-25
4.300753e+01 3.890164e-25
4.310671e+01 3.885618e-25
4.320611e+01 3.881092e-25
4.330575e+01 3.876585e-25
4.340561e+01 3.872098e-25
4.350570e+01 3.867630e-25
4.360603e+01 3.863180e-25
4.370658e+01 3.858750e-25
4.380737e+01 3.854338e-25
4.390839e+01 3.849946e-25
4.400964e+01 3.845571e-25
4.411113e+01 3.841216e-25
4.421285e+01 3.836878e-25
4.431481e+01 3.832559e-25
4.441700e+01 3.828258e-25
4.451942e+01 3.823975e-25
4.462208e+01 3.819710e-25
4.472498e+01 3.815463e-25
4.482812e+01 3.811233e-25
4.493149e+01 3.807021e-25
4.503511e+01 3.802826e-25
4.513896e+01 3.798649e-25
4.524305e+01 3.794488e-25
4.534738e+01 3.790345e-25
4.545195e+01 3.786219e-25
4.555676e+01 3.782110e-25
4.566182e+01 3.778018e-25
4.576711e+01 3.773942e-25
4.587265e+01 3.769883e-25
4.597843e+01 3.765840e-25
4.608446e+01 3.761814e-25
4.619073e+01 3.757804e-25
4.629725e+01 3.753810e-25
4.640401e+01 3.749832e-25
4.651102e+01 3.745870e-25
4.661827e+01 3.741924e-25
4.672578e+01 3.737994e-25
4.683353e+01 3.734079e-25
4.694152e+01 3.730180e-25
4.704977e+01 3.726296e-25
4.715827e+01 3.722428e-25
4.726702e+01 3.718575e-25
4.737601e+01 3.714737e-25
4.748526e+01 3.710914e-25
4.759476e+01 3.707106e-25
4.770452e+01 3.703313e-25
4.781453e+01 3.699534e-25
4.792479e+01 3.695771e-25
4.803530e+01 3.692022e-25
4.814607e+01 3.688287e-25
4.825710e+01 3.684567e-25
4.836838e+01 3.680861e-25
4.847992e+01 3.677169e-25
4.859171e+01 3.673491e-25
4.870376e+01 3.669828e-25
4.881607e+01 3.666178e-25
4.892864e+01 3.662542e-25
4.904147e+01 3.658920e-25
4.915456e+01 3.655312e-25
4.926792e+01 3.651717e-25
4.938153e+01 3.648135e-25
4.949540e+01 3.644567e-25
4.960954e+01 3.641013e-25
4.972394e+01 3.637471e-25
4.983860e+01 3.633943e-25
4.995353e+01 3.630428e-25
5.006872e+01 3.626926e-25
5.018418e+01 3.623437e-25
5.029991e+01 3.619960e-25
5.041590e+01 3.616497e-25
5.053216e+01 3.613046e-25
5.064869e+01 3.609607e-25
5.076548e+01 3.606181e-25
5.088255e+01 3.602768e-25
5.099988e+01 3.599367e-25
5.111749e+01 3.595978e-25
5.123537e+01 3.592601e-25
5.135352e+01 3.589237e-25
5.147194e+01 3.585884e-25
5.159063e+01 3.582543e-25
5.170960e+01 3.579215e-25
5.182884e+01 3.575898e-25
5.194836e+01 3.572593e-25
5.206816e+01 3.569300e-25
5.218822e+01 3.566018e-25
5.230857e+01 3.562747e-25
5.242920e+01 3.559489e-25
5.255010e+01 3.556241e-25
5.267128e+01 3.553005e-25
5.279274e+01 3.549780e-25
5.291448e+01 3.546567e-25
5.303650e+01 3.543364e-25
5.315880e+01 3.540173e-25
5.328139e+01 3.536992e-25
5.340425e+01 3.533822e-25
5.352741e+01 3.530664e-25
5.365084e+01 3.527516e-25
5.377456e+01 3.524378e-25
5.389856e+01 3.521252e-25
5.402285e+01 3.518135e-25
5.414743e+01 3.515030e-25
5.427230e+01 3.511935e-25
5.439745e+01 3.508850e-25
5.452289e+01 3.505776e-25
5.464862e+01 3.502712e-25
5.477464e+01 3.499658e-25
5.490095e+01 3.496614e-25
5.502755e+01 3.493580e-25
5.515445e+01 3.490557e-25
5.528163e+01 3.487543e-25
5.540911e+01 3.484539e-25
5.553689e+01 3.481545e-25
5.566495e+01 3.478561e-25
5.579332e+01 3.475587e-25
5.592198e+01 3.472622e-25
5.605093e+01 3.469667e-25
5.618019e+01 3.466721e-25
5.630974e+01 3.463785e-25
5.643959e+01 3.460858e-25
5.656974e+01 3.457942e-25
5.670019e+01 3.455034e-25
5.683094e+01 3.452135e-25
5.696200e+01 3.449246e-25
5.709335e+01 3.446366e-25
5.722501e+01 3.443496e-25
5.735697e+01 3.440635e-25
5.748923e+01 3.437785e-25
5.762181e+01 3.434963e-25
5.775468e+01 3.432603e-25
5.788786e+01 3.429288e-25
5.802135e+01 3.426461e-25
5.815515e+01 3.423650e-25
5.828926e+01 3.420849e-25
5.842367e+01 3.418058e-25
5.855840e+01 3.415275e-25
5.869344e+01 3.412501e-25
5.882878e+01 3.409735e-25
5.896444e+01 3.406978e-25
5.910041e+01 3.404230e-25
5.923670e+01 3.401489e-25
5.937330e+01 3.398757e-25
5.951022e+01 3.396034e-25
5.964745e+01 3.393319e-25
5.978500e+01 3.390612e-25
5.992286e+01 3.387913e-25
6.006104e+01 3.385222e-25
6.019954e+01 3.382539e-25
6.033836e+01 3.379864e-25
6.047750e+01 3.377198e-25
6.061697e+01 3.374539e-25
6.075675e+01 3.371888e-25
6.089686e+01 3.369245e-25
6.103728e+01 3.366610e-25
6.117804e+01 3.363982e-25
6.131911e+01 3.361362e-25
6.146052e+01 3.358750e-25
6.160224e+01 3.356146e-25
6.174430e+01 3.353549e-25
6.188668e+01 3.350960e-25
6.202939e+01 3.348378e-25
6.217243e+01 3.345804e-25
6.231580e+01 3.343238e-25
6.245950e+01 3.340678e-25
6.260354e+01 3.338126e-25
6.274790e+01 3.335582e-25
6.289260e+01 3.333044e-25
6.303763e+01 3.330514e-25
6.318299e+01 3.327992e-25
6.332869e+01 3.325476e-25
6.347473e+01 3.322967e-25
6.362110e+01 3.320466e-25
6.376781e+01 3.317972e-25
6.391486e+01 3.315485e-25
6.406225e+01 3.313004e-25
6.420998e+01 3.310531e-25
6.435805e+01 3.308065e-25
6.450646e+01 3.305606e-25
6.465521e+01 3.303153e-25
6.480431e+01 3.300707e-25
6.495375e+01 3.298268e-25
6.510353e+01 3.295836e-25
6.525366e+01 3.293411e-25
6.540413e+01 3.290992e-25
6.555496e+01 3.288580e-25
6.570613e+01 3.286175e-25
6.585765e+01 3.283776e-25
6.600951e+01 3.281384e-25
6.616173e+01 3.278999e-25
6.631430e+01 3.276620e-25
6.646722e+01 3.274247e-25
6.662050e+01 3.271881e-25
6.677412e+01 3.269521e-25
6.692811e+01 3.267168e-25
6.708244e+01 3.264821e-25
6.723714e+01 3.262480e-25
6.739218e+01 3.260146e-25
6.754759e+01 3.257818e-25
6.770336e+01 3.255496e-25
6.785948e+01 3.253181e-25
6.801597e+01 3.250871e-25
6.817281e+01 3.248568e-25
6.833002e+01 3.246271e-25
6.848759e+01 3.243980e-25
6.864552e+01 3.241695e-25
6.880382e+01 3.239417e-25
6.896248e+01 3.237144e-25
6.912151e+01 3.234877e-25
6.928090e+01 3.232616e-25
6.944067e+01 3.230362e-25
6.960080e+01 3.228113e-25
6.976130e+01 3.225870e-25
6.992217e+01 3.223633e-25
7.008341e+01 3.221401e-25
7.024502e+01 3.219176e-25
7.040701e+01 3.216956e-25
7.056936e+01 3.214742e-25
7.073210e+01 3.212534e-25
7.089521e+01 3.210332e-25
7.105869e+01 3.208135e-25
7.122255e+01 3.205944e-25
7.138679e+01 3.203759e-25
7.155141e+01 3.201579e-25
7.171641e+01 3.199405e-25
7.188179e+01 3.197236e-25
7.204755e+01 3.195073e-25
7.221369e+01 3.192916e-25
7.238022e+01 3.190764e-25
7.254713e+01 3.188618e-25
7.271442e+01 3.186477e-25
7.288210e+01 3.184341e-25
7.305017e+01 3.182211e-25
7.321862e+01 3.180086e-25
7.338746e+01 3.177967e-25
7.355669e+01 3.175853e-25
7.372632e+01 3.173745e-25
7.389633e+01 3.171641e-25
7.406674e+01 3.169543e-25
7.423753e+01 3.167451e-25
7.440873e+01 3.165363e-25
7.458031e+01 3.163281e-25
7.475230e+01 3.161204e-25
7.492468e+01 3.159132e-25
7.509745e+01 3.157066e-25
7.527063e+01 3.155004e-25
7.544420e+01 3.152948e-25
7.561818e+01 3.150897e-25
7.579255e+01 3.148851e-25
7.596733e+01 3.146810e-25
7.614251e+01 3.144774e-25
7.631810e+01 3.142744e-25
7.649409e+01 3.140718e-25
7.667048e+01 3.138697e-25
7.684729e+01 3.136681e-25
7.702450e+01 3.134670e-25
7.720212e+01 3.132665e-25
7.738015e+01 3.130664e-25
7.755858e+01 3.128668e-25
7.773744e+01 3.126677e-25
7.791670e+01 3.124691e-25
7.809638e+01 3.122709e-25
7.827647e+01 3.120733e-25
7.845697e+01 3.118761e-25
7.863789e+01 3.116795e-25
7.881923e+01 3.114833e-25
7.900099e+01 3.112876e-25
7.918317e+01 3.110923e-25
7.936577e+01 3.108976e-25
7.954878e+01 3.107033e-25
7.973222e+01 3.105095e-25
7.991609e+01 3.103161e-25
8.010037e+01 3.101233e-25
8.028509e+01 3.099309e-25
8.047022e+01 3.097389e-25
8.065579e+01 3.095475e-25
8.084178e+01 3.093565e-25
8.102820e+01 3.091659e-25
8.121506e+01 3.089758e-25
8.140234e+01 3.087862e-25
8.159005e+01 3.085971e-25
8.177820e+01 3.084083e-25
8.196678e+01 3.082201e-25
8.215580e+01 3.080323e-25
8.234525e+01 3.078450e-25
8.253514e+01 3.076581e-25
8.272546e+01 3.074716e-25
8.291623e+01 3.072856e-25
8.310744e+01 3.071001e-25
8.329908e+01 3.069150e-25
8.349117e+01 3.067303e-25
8.368370e+01 3.065461e-25
8.387668e+01 3.063623e-25
8.407010e+01 3.061790e-25
8.426396e+01 3.059961e-25
8.445828e+01 3.058137e-25
8.465304e+01 3.056317e-25
8.484825e+01 3.054501e-25
8.504391e+01 3.052689e-25
8.524002e+01 3.050882e-25
8.543659e+01 3.049079e-25
8.563360e+01 3.047281e-25
8.583107e+01 3.045487e-25
8.602900e+01 3.043697e-25
8.622738e+01 3.041911e-25
8.642623e+01 3.040130e-25
8.662553e+01 3.038353e-25
8.682528e+01 3.036580e-25
8.702550e+01 3.034811e-25
8.722619e+01 3.033047e-25
8.742733e+01 3.031287e-25
8.762894e+01 3.029531e-25
8.783101e+01 3.027779e-25
8.803355e+01 3.026031e-25
8.823656e+01 3.024288e-25
8.844003e+01 3.022548e-25
8.864397e+01 3.020813e-25
8.884839e+01 3.019082e-25
8.905327e+01 3.017355e-25
8.925863e+01 3.015633e-25
8.946446e+01 3.013914e-25
8.967077e+01 3.012199e-25
8.987755e+01 3.010489e-25
9.008481e+01 3.008782e-25
9.029254e+01 3.007080e-25
9.050076e+01 3.005382e-25
9.070945e+01 3.003688e-25
9.091863e+01 3.001997e-25
9.112829e+01 3.000311e-25
9.133843e+01 2.998629e-25
9.154906e+01 2.996951e-25
9.176017e+01 2.995277e-25
9.197177e+01 2.993606e-25
9.218386e+01 2.991940e-25
9.239644e+01 2.990278e-25
9.260950e+01 2.988620e-25
9.282306e+01 2.986966e-25
9.303711e+01 2.985315e-25
9.325166e+01 2.983669e-25
9.346669e+01 2.982027e-25
9.368223e+01 2.980388e-25
9.389826e+01 2.978753e-25
9.411479e+01 2.977123e-25
9.433182e+01 2.975496e-25
9.454935e+01 2.973873e-25
9.476738e+01 2.972254e-25
9.498592e+01 2.970639e-25
9.520496e+01 2.969028e-25
9.542450e+01 2.967420e-25
9.564455e+01 2.965817e-25
9.586511e+01 2.964217e-25
9.608617e+01 2.962621e-25
9.630775e+01 2.961029e-25
9.652983e+01 2.959441e-25
9.675243e+01 2.957857e-25
9.697554e+01 2.956276e-25
9.719917e+01 2.954699e-25
9.742331e+01 2.953126e-25
9.764797e+01 2.951557e-25
9.787315e+01 2.949992e-25
9.809884e+01 2.948430e-25
9.832506e+01 2.946873e-25
9.855180e+01 2.945318e-25
9.877906e+01 2.943768e-25
9.900685e+01 2.942222e-25
9.923516e+01 2.940679e-25
9.946399e+01 2.939140e-25
9.969336e+01 2.937605e-25
9.992325e+01 2.936073e-25
1.001537e+02 2.934545e-25
1.003846e+02 2.933021e-25
1.006161e+02 2.931500e-25
1.008481e+02 2.929984e-25
1.010807e+02 2.928471e-25
1.013138e+02 2.926961e-25
1.015474e+02 2.925456e-25
1.017816e+02 2.923954e-25
1.020163e+02 2.922455e-25
1.022515e+02 2.920961e-25
1.024873e+02 2.919470e-25
1.027237e+02 2.917983e-25
1.029606e+02 2.916499e-25
1.031980e+02 2.915019e-25
1.034360e+02 2.913543e-25
1.036745e+02 2.912070e-25
1.039136e+02 2.910601e-25
1.041532e+02 2.909135e-25
1.043934e+02 2.907674e-25
1.046341e+02 2.906215e-25
1.048754e+02 2.904761e-25
1.051172e+02 2.903310e-25
1.053596e+02 2.901863e-25
1.056026e+02 2.900419e-25
1.058461e+02 2.898979e-25
1.060902e+02 2.897542e-25
1.063348e+02 2.896109e-25
1.065800e+02 2.894680e-25
1.068258e+02 2.893254e-25
1.070722e+02 2.891832e-25
1.073191e+02 2.890413e-25
1.075665e+02 2.888998e-25
1.078146e+02 2.887586e-25
1.080632e+02 2.886178e-25
1.083124e+02 2.884774e-25
1.085622e+02 2.883373e-25
1.088125e+02 2.881976e-25
1.090634e+02 2.880582e-25
1.093149e+02 2.879192e-25
1.095670e+02 2.877805e-25
1.098197e+02 2.876422e-25
1.100729e+02 2.875042e-25
1.103268e+02 2.873666e-25
1.105812e+02 2.872294e-25
1.108362e+02 2.870925e-25
1.110918e+02 2.869559e-25
1.113480e+02 2.868197e-25
1.116047e+02 2.866839e-25
1.118621e+02 2.865484e-25
1.121200e+02 2.864132e-25
1.123786e+02 2.862784e-25
1.126377e+02 2.861439e-25
1.128975e+02 2.860098e-25
1.131578e+02 2.858761e-25
1.134188e+02 2.857427e-25
1.136803e+02 2.856096e-25
1.139425e+02 2.854769e-25
1.142052e+02 2.853446e-25
1.144686e+02 2.852126e-25
1.147325e+02 2.850809e-25
1.149971e+02 2.849496e-25
1.152623e+02 2.848186e-25
1.155281e+02 2.846880e-25
1.157945e+02 2.845577e-25
1.160615e+02 2.844278e-25
1.163292e+02 2.842982e-25
1.165974e+02 2.841690e-25
1.168663e+02 2.840401e-25
1.171358e+02 2.839115e-25
1.174059e+02 2.837833e-25
1.176766e+02 2.836555e-25
1.179480e+02 2.835280e-25
1.182200e+02 2.834008e-25
1.184926e+02 2.832740e-25
1.187658e+02 2.831475e-25
1.190397e+02 2.830214e-25
1.193142e+02 2.828956e-25
1.195894e+02 2.827701e-25
1.198651e+02 2.826450e-25
1.201416e+02 2.825203e-25
1.204186e+02 2.823959e-25
1.206963e+02 2.822718e-25
1.209746e+02 2.821481e-25
1.212536e+02 2.820247e-25
1.215332e+02 2.819016e-25
1.218134e+02 2.817789e-25
1.220943e+02 2.816566e-25
1.223759e+02 2.815346e-25
1.226581e+02 2.814129e-25
1.229410e+02 2.812916e-25
1.232245e+02 2.811706e-25
1.235086e+02 2.810499e-25
1.237934e+02 2.809296e-25
1.240789e+02 2.808097e-25
1.243650e+02 2.806900e-25
1.246518e+02 2.805708e-25
1.249393e+02 2.804518e-25
1.252274e+02 2.803332e-25
1.255161e+02 2.802150e-25
1.258056e+02 2.800971e-25
1.260957e+02 2.799795e-25
1.263865e+02 2.798622e-25
1.266779e+02 2.797454e-25
1.269700e+02 2.796288e-25
1.272628e+02 2.795126e-25
1.275563e+02 2.793967e-25
1.278504e+02 2.792812e-25
1.281453e+02 2.791660e-25
1.284408e+02 2.790512e-25
1.287370e+02 2.789367e-25
1.290338e+02 2.788225e-25
1.293314e+02 2.787087e-25
1.296296e+02 2.785952e-25
1.299285e+02 2.784821e-25
1.302282e+02 2.783693e-25
1.305285e+02 2.782568e-25
1.308295e+02 2.781447e-25
1.311312e+02 2.780329e-25
1.314335e+02 2.779215e-25
1.317366e+02 2.778104e-25
1.320404e+02 2.776996e-25
1.323449e+02 2.775892e-25
1.326501e+02 2.774791e-25
1.329560e+02 2.773694e-25
1.332626e+02 2.772600e-25
1.335699e+02 2.771510e-25
1.338779e+02 2.770423e-25
1.341866e+02 2.769339e-25
1.344961e+02 2.768259e-25
1.348062e+02 2.767182e-25
1.351171e+02 2.766109e-25
1.354287e+02 2.765039e-25
1.357410e+02 2.763972e-25
1.360540e+02 2.762909e-25
1.363677e+02 2.761849e-25
1.366822e+02 2.760793e-25
1.369974e+02 2.759740e-25
1.373133e+02 2.758690e-25
1.376299e+02 2.757644e-25
1.379473e+02 2.756602e-25
1.382654e+02 2.755562e-25
1.385843e+02 2.754527e-25
1.389038e+02 2.753494e-25
1.392241e+02 2.752465e-25
1.395452e+02 2.751440e-25
1.398670e+02 2.750418e-25
1.401895e+02 2.749399e-25
1.405128e+02 2.748384e-25
1.408368e+02 2.747372e-25
1.411616e+02 2.746364e-25
1.414871e+02 2.745359e-25
1.418134e+02 2.744357e-25
1.421404e+02 2.743359e-25
1.424682e+02 2.742365e-25
1.427967e+02 2.741374e-25
1.431260e+02 2.740386e-25
1.434561e+02 2.739402e-25
1.437869e+02 2.738421e-25
1.441184e+02 2.737444e-25
1.444508e+02 2.736470e-25
1.447839e+02 2.735499e-25
1.451178e+02 2.734533e-25
1.454524e+02 2.733569e-25
1.457878e+02 2.732609e-25
1.461240e+02 2.731652e-25
1.464610e+02 2.730699e-25
1.467987e+02 2.729750e-25
1.471372e+02 2.728804e-25
1.474765e+02 2.727861e-25
1.478166e+02 2.726922e-25
1.481575e+02 2.725986e-25
1.484991e+02 2.725054e-25
1.488416e+02 2.724125e-25
1.491848e+02 2.723200e-25
1.495288e+02 2.722278e-25
1.498736e+02 2.721360e-25
1.502192e+02 2.720445e-25
1.505657e+02 2.719533e-25
1.509129e+02 2.718626e-25
1.512609e+02 2.717721e-25
1.516097e+02 2.716820e-25
1.519593e+02 2.715923e-25
1.523097e+02 2.715029e-25
1.526609e+02 2.714139e-25
1.530130e+02 2.713252e-25
1.533658e+02 2.712369e-25
1.537195e+02 2.711489e-25
1.540740e+02 2.710613e-25
1.544293e+02 2.709741e-25
1.547854e+02 2.708872e-25
1.551423e+02 2.708006e-25
1.555001e+02 2.707144e-25
1.558587e+02 2.706285e-25
1.562181e+02 2.705431e-25
1.565783e+02 2.704579e-25
1.569394e+02 2.703731e-25
1.573013e+02 2.702887e-25
1.576640e+02 2.702046e-25
1.580276e+02 2.701209e-25
1.583920e+02 2.700376e-25
1.587573e+02 2.699546e-25
1.591233e+02 2.698719e-25
1.594903e+02 2.697896e-25
1.598581e+02 2.697077e-25
1.602267e+02 2.696261e-25
1.605962e+02 2.695449e-25
1.609665e+02 2.694641e-25
1.613377e+02 2.693836e-25
1.617098e+02 2.693035e-25
1.620827e+02 2.692237e-25
1.624564e+02 2.691443e-25
1.628311e+02 2.690652e-25
1.632065e+02 2.689865e-25
1.635829e+02 2.689082e-25
1.639601e+02 2.688303e-25
1.643382e+02 2.687527e-25
1.647172e+02 2.686754e-25
1.650970e+02 2.685986e-25
1.654777e+02 2.685221e-25
1.658593e+02 2.684459e-25
1.662418e+02 2.683702e-25
1.666252e+02 2.682948e-25
1.670094e+02 2.682197e-25
1.673945e+02 2.681450e-25
1.677805e+02 2.680707e-25
1.681674e+02 2.679968e-25
1.685552e+02 2.679232e-25
1.689439e+02 2.678500e-25
1.693335e+02 2.677772e-25
1.697240e+02 2.677047e-25
1.701154e+02 2.676327e-25
1.705077e+02 2.675609e-25
1.709009e+02 2.674896e-25
1.712950e+02 2.674186e-25
1.716900e+02 2.673480e-25
1.720859e+02 2.672778e-25
1.724827e+02 2.672079e-25
1.728805e+02 2.671384e-25
1.732791e+02 2.670693e-25
1.736787e+02 2.670006e-25
1.740792e+02 2.669322e-25
1.744806e+02 2.668643e-25
1.748830e+02 2.667967e-25
1.752863e+02 2.667294e-25
1.756905e+02 2.666626e-25
1.760956e+02 2.665961e-25
1.765017e+02 2.665300e-25
1.769087e+02 2.664643e-25
1.773167e+02 2.663990e-25
1.777256e+02 2.663340e-25
1.781354e+02 2.662695e-25
1.785462e+02 2.662053e-25
1.789579e+02 2.661415e-25
1.793706e+02 2.660781e-25
1.797842e+02 2.660150e-25
1.801988e+02 2.659524e-25
1.806143e+02 2.658901e-25
1.810308e+02 2.658282e-25
1.814483e+02 2.657667e-25
1.818667e+02 2.657056e-25
1.822861e+02 2.656449e-25
1.827065e+02 2.655846e-25
1.831278e+02 2.655247e-25
1.835501e+02 2.654651e-25
1.839734e+02 2.654059e-25
1.843976e+02 2.653472e-25
1.848228e+02 2.652888e-25
1.852490e+02 2.652308e-25
1.856762e+02 2.651732e-25
1.861044e+02 2.651160e-25
1.865335e+02 2.650592e-25
1.869637e+02 2.650028e-25
1.873948e+02 2.649468e-25
1.878270e+02 2.648912e-25
1.882601e+02 2.648360e-25
1.886942e+02 2.647811e-25
1.891293e+02 2.647267e-25
1.895655e+02 2.646727e-25
1.900026e+02 2.646191e-25
1.904408e+02 2.645658e-25
1.908799e+02 2.645130e-25
1.913201e+02 2.644606e-25
1.917613e+02 2.644086e-25
1.922035e+02 2.643570e-25
1.926467e+02 2.643058e-25
1.930910e+02 2.642550e-25
1.935362e+02 2.642046e-25
1.939825e+02 2.641546e-25
1.944298e+02 2.641050e-25
1.948782e+02 2.640558e-25
1.953276e+02 2.640071e-25
1.957780e+02 2.639587e-25
1.962295e+02 2.639108e-25
1.966820e+02 2.638633e-25
1.971355e+02 2.638162e-25
1.975901e+02 2.637694e-25
1.980458e+02 2.637232e-25
1.985025e+02 2.636773e-25
1.989602e+02 2.636318e-25
1.994190e+02 2.635868e-25
1.998789e+02 2.635422e-25
2.003398e+02 2.634980e-25
2.008018e+02 2.634542e-25
2.012648e+02 2.634108e-25
2.017290e+02 2.633679e-25
2.021942e+02 2.633253e-25
2.026604e+02 2.632832e-25
2.031277e+02 2.632416e-25
2.035962e+02 2.632003e-25
2.040657e+02 2.631595e-25
2.045362e+02 2.631191e-25
2.050079e+02 2.630791e-25
2.054806e+02 2.630396e-25
2.059545e+02 2.630005e-25
2.064294e+02 2.629618e-25
2.069054e+02 2.629235e-25
2.073826e+02 2.628857e-25
2.078608e+02 2.628483e-25
2.083401e+02 2.628113e-25
2.088206e+02 2.627748e-25
2.093021e+02 2.627387e-25
2.097848e+02 2.627031e-25
2.102685e+02 2.626679e-25
2.107534e+02 2.626331e-25
2.112394e+02 2.625988e-25
2.117265e+02 2.625649e-25
2.122148e+02 2.625314e-25
2.127041e+02 2.624984e-25
2.131946e+02 2.624658e-25
2.136863e+02 2.624337e-25
2.141790e+02 2.624020e-25
2.146729e+02 2.623708e-25
2.151680e+02 2.623400e-25
2.156641e+02 2.623097e-25
2.161615e+02 2.622798e-25
2.166599e+02 2.622503e-25
2.171595e+02 2.622213e-25
2.176603e+02 2.621928e-25
2.181622e+02 2.621647e-25
2.186653e+02 2.621371e-25
2.191696e+02 2.621099e-25
2.196750e+02 2.620832e-25
2.201816e+02 2.620570e-25
2.206893e+02 2.620312e-25
2.211982e+02 2.620058e-25
2.217083e+02 2.619809e-25
2.222195e+02 2.619565e-25
2.227320e+02 2.619326e-25
2.232456e+02 2.619091e-25
2.237604e+02 2.618861e-25
2.242764e+02 2.618635e-25
2.247936e+02 2.618414e-25
2.253120e+02 2.618198e-25
2.258315e+02 2.617986e-25
2.263523e+02 2.617780e-25
2.268743e+02 2.617578e-25
2.273975e+02 2.617380e-25
2.279218e+02 2.617188e-25
2.284474e+02 2.617000e-25
2.289742e+02 2.616817e-25
2.295022e+02 2.616638e-25
2.300315e+02 2.616465e-25
2.305619e+02 2.616296e-25
2.310936e+02 2.616132e-25
2.316265e+02 2.615973e-25
2.321606e+02 2.615819e-25
2.326960e+02 2.615669e-25
2.332326e+02 2.615525e-25
2.337704e+02 2.615385e-25
2.343095e+02 2.615250e-25
2.348498e+02 2.615121e-25
2.353914e+02 2.614996e-25
2.359342e+02 2.614876e-25
2.364783e+02 2.614760e-25
2.370236e+02 2.614650e-25
2.375702e+02 2.614545e-25
2.381180e+02 2.614445e-25
2.386671e+02 2.614350e-25
2.392175e+02 2.614259e-25
2.397691e+02 2.614174e-25
2.403220e+02 2.614094e-25
2.408762e+02 2.614019e-25
2.414317e+02 2.613948e-25
2.419884e+02 2.613883e-25
2.425465e+02 2.613823e-25
2.431058e+02 2.613769e-25
2.436664e+02 2.613719e-25
2.442283e+02 2.613674e-25
2.447915e+02 2.613634e-25
2.453560e+02 2.613600e-25
2.459217e+02 2.613571e-25
2.464888e+02 2.613547e-25
2.470572e+02 2.613528e-25
2.476270e+02 2.613514e-25
2.481980e+02 2.613505e-25
2.487703e+02 2.613502e-25
2.493440e+02 2.613504e-25
2.499190e+02 2.613511e-25
2.504953e+02 2.613524e-25
2.510730e+02 2.613542e-25
2.516519e+02 2.613565e-25
2.522322e+02 2.613593e-25
2.528139e+02 2.613627e-25
2.533969e+02 2.613666e-25
2.539812e+02 2.613710e-25
2.545669e+02 2.613760e-25
2.551539e+02 2.613815e-25
2.557423e+02 2.613875e-25
2.563321e+02 2.613941e-25
2.569232e+02 2.614012e-25
2.575156e+02 2.614089e-25
2.581095e+02 2.614171e-25
2.587047e+02 2.614259e-25
2.593012e+02 2.614352e-25
2.598992e+02 2.614451e-25
2.604985e+02 2.614555e-25
2.610992e+02 2.614665e-25
2.617013e+02 2.614780e-25
2.623048e+02 2.614901e-25
2.629097e+02 2.615027e-25
2.635160e+02 2.615159e-25
2.641236e+02 2.615296e-25
2.647327e+02 2.615440e-25
2.653432e+02 2.615588e-25
2.659551e+02 2.615743e-25
2.665684e+02 2.615903e-25
2.671831e+02 2.616069e-25
2.677992e+02 2.616240e-25
2.684167e+02 2.616417e-25
2.690357e+02 2.616600e-25
2.696561e+02 2.616789e-25
2.702779e+02 2.616983e-25
2.709012e+02 2.617183e-25
2.715259e+02 2.617389e-25
2.721520e+02 2.617601e-25
2.727796e+02 2.617819e-25
2.734087e+02 2.618042e-25
2.740391e+02 2.618272e-25
2.746711e+02 2.618507e-25
2.753045e+02 2.618748e-25
2.759393e+02 2.618995e-25
2.765756e+02 2.619248e-25
2.772134e+02 2.619507e-25
2.778527e+02 2.619771e-25
2.784934e+02 2.620042e-25
2.791356e+02 2.620319e-25
2.797793e+02 2.620602e-25
2.804245e+02 2.620890e-25
2.810712e+02 2.621185e-25
2.817193e+02 2.621486e-25
2.823690e+02 2.621793e-25
2.830201e+02 2.622106e-25
2.836727e+02 2.622425e-25
2.843269e+02 2.622751e-25
2.849826e+02 2.623082e-25
2.856397e+02 2.623420e-25
2.862984e+02 2.623764e-25
2.869586e+02 2.624113e-25
2.876203e+02 2.624470e-25
2.882836e+02 2.624832e-25
2.889484e+02 2.625201e-25
2.896147e+02 2.625576e-25
2.902826e+02 2.625957e-25
2.909520e+02 2.626345e-25
2.916229e+02 2.626739e-25
2.922954e+02 2.627139e-25
2.929694e+02 2.627545e-25
2.936450e+02 2.627958e-25
2.943221e+02 2.628378e-25
2.950009e+02 2.628803e-25
2.956811e+02 2.629236e-25
2.963630e+02 2.629674e-25
2.970464e+02 2.630120e-25
2.977314e+02 2.630571e-25
2.984179e+02 2.631029e-25
2.991061e+02 2.631494e-25
2.997958e+02 2.631965e-25
3.004872e+02 2.632443e-25
3.011801e+02 2.632927e-25
3.018746e+02 2.633418e-25
3.025708e+02 2.633916e-25
3.032685e+02 2.634420e-25
3.039678e+02 2.634931e-25
3.046688e+02 2.635449e-25
3.053713e+02 2.635973e-25
3.060755e+02 2.636504e-25
3.067813e+02 2.637042e-25
3.074888e+02 2.637587e-25
3.081979e+02 2.638138e-25
3.089086e+02 2.638696e-25
3.096209e+02 2.639261e-25
3.103349e+02 2.639833e-25
3.110505e+02 2.640411e-25
3.117678e+02 2.640997e-25
3.124868e+02 2.641589e-25
3.132073e+02 2.642189e-25
3.139296e+02 2.642795e-25
3.146535e+02 2.643408e-25
3.153791e+02 2.644029e-25
3.161064e+02 2.644656e-25
3.168353e+02 2.645290e-25
3.175660e+02 2.645932e-25
3.182983e+02 2.646580e-25
3.190323e+02 2.647236e-25
3.197680e+02 2.647898e-25
3.205053e+02 2.648568e-25
3.212444e+02 2.649245e-25
3.219852e+02 2.649929e-25
3.227277e+02 2.650620e-25
3.234719e+02 2.651319e-25
3.242179e+02 2.652025e-25
3.249655e+02 2.652738e-25
3.257149e+02 2.653458e-25
3.264660e+02 2.654186e-25
3.272188e+02 2.654920e-25
3.279734e+02 2.655663e-25
3.287297e+02 2.656412e-25
3.294878e+02 2.657169e-25
3.302476e+02 2.657934e-25
3.310091e+02 2.658706e-25
3.317724e+02 2.659485e-25
3.325375e+02 2.660272e-25
3.333043e+02 2.661066e-25
3.340729e+02 2.661868e-25
3.348433e+02 2.662678e-25
3.356155e+02 2.663495e-25
3.363894e+02 2.664319e-25
3.371651e+02 2.665151e-25
3.379426e+02 2.665991e-25
3.387219e+02 2.666839e-25
3.395030e+02 2.667694e-25
3.402859e+02 2.668557e-25
3.410706e+02 2.669428e-25
3.418571e+02 2.670306e-25
3.426454e+02 2.671192e-25
3.434356e+02 2.672086e-25
3.442275e+02 2.672988e-25
3.450213e+02 2.673898e-25
3.458170e+02 2.674815e-25
3.466144e+02 2.675741e-25
3.474137e+02 2.676674e-25
3.482148e+02 2.677615e-25
3.490178e+02 2.678565e-25
3.498227e+02 2.679522e-25
3.506294e+02 2.680487e-25
3.514379e+02 2.681461e-25
3.522483e+02 2.682442e-25
3.530606e+02 2.683432e-25
3.538748e+02 2.684430e-25
3.546908e+02 2.685435e-25
3.555087e+02 2.686449e-25
3.563285e+02 2.687472e-25
3.571502e+02 2.688502e-25
3.579738e+02 2.689541e-25
3.587993e+02 2.690588e-25
3.596267e+02 2.691643e-25
3.604560e+02 2.692707e-25
3.612872e+02 2.693779e-25
3.621204e+02 2.694859e-25
3.629554e+02 2.695948e-25
3.637924e+02 2.697045e-25
3.646313e+02 2.698151e-25
3.654721e+02 2.699265e-25
3.663149e+02 2.700388e-25
3.671597e+02 2.701519e-25
3.680063e+02 2.702659e-25
3.688550e+02 2.703807e-25
3.697055e+02 2.704964e-25
3.705581e+02 2.706130e-25
3.714126e+02 2.707305e-25
3.722691e+02 2.708488e-25
3.731275e+02 2.709680e-25
3.739880e+02 2.710880e-25
3.748504e+02 2.712090e-25
3.757148e+02 2.713308e-25
3.765812e+02 2.714536e-25
3.774496e+02 2.715772e-25
3.783200e+02 2.717017e-25
3.791924e+02 2.718271e-25
3.800668e+02 2.719535e-25
3.809433e+02 2.720807e-25
3.818217e+02 2.722088e-25
3.827022e+02 2.723379e-25
3.835847e+02 2.724678e-25
3.844693e+02 2.725987e-25
3.853558e+02 2.727306e-25
3.862445e+02 2.728633e-25
3.871352e+02 2.729970e-25
3.880279e+02 2.731316e-25
3.889227e+02 2.732672e-25
3.898196e+02 2.734037e-25
3.907185e+02 2.735412e-25
3.916195e+02 2.736797e-25
3.925226e+02 2.738191e-25
3.934277e+02 2.739595e-25
3.943350e+02 2.741009e-25
3.952443e+02 2.742433e-25
3.961557e+02 2.743866e-25
3.970693e+02 2.745310e-25
3.979849e+02 2.746765e-25
3.989027e+02 2.748229e-25
3.998226e+02 2.749704e-25
4.007445e+02 2.751190e-25
4.016687e+02 2.752686e-25
4.025949e+02 2.754194e-25
4.035233e+02 2.755712e-25
4.044538e+02 2.757243e-25
4.053865e+02 2.758785e-25
4.063213e+02 2.760339e-25
4.072583e+02 2.761906e-25
4.081975e+02 2.763485e-25
4.091388e+02 2.765079e-25
4.100822e+02 2.766687e-25
4.110279e+02 2.768310e-25
4.119757e+02 2.769950e-25
4.129257e+02 2.771607e-25
4.138780e+02 2.773284e-25
4.148324e+02 2.774983e-25
4.157890e+02 2.776707e-25
4.167478e+02 2.778460e-25
4.177088e+02 2.780248e-25
4.186720e+02 2.782077e-25
4.196375e+02 2.783960e-25
4.206052e+02 2.785911e-25
4.215751e+02 2.787954e-25
4.225473e+02 2.790127e-25
4.235217e+02 2.792490e-25
4.244983e+02 2.795150e-25
4.254772e+02 2.798302e-25
4.264584e+02 2.802349e-25
4.274418e+02 2.808219e-25
4.284275e+02 2.818480e-25
4.294154e+02 2.842629e-25
4.304056e+02 2.942193e-25
4.313982e+02 6.119728e-25
4.323930e+02 3.102202e-25
4.333901e+02 2.867526e-25
4.343895e+02 2.833621e-25
4.353912e+02 2.823910e-25
4.363952e+02 2.820647e-25
4.374015e+02 2.819811e-25
4.384102e+02 2.820091e-25
4.394212e+02 2.820957e-25
4.404345e+02 2.822162e-25
4.414501e+02 2.823578e-25
4.424681e+02 2.825134e-25
4.434884e+02 2.826789e-25
4.445111e+02 2.828515e-25
4.455362e+02 2.830295e-25
4.465636e+02 2.832119e-25
4.475934e+02 2.833978e-25
4.486255e+02 2.835866e-25
4.496600e+02 2.837780e-25
4.506970e+02 2.839716e-25
4.517363e+02 2.841672e-25
4.527780e+02 2.843647e-25
4.538221e+02 2.845639e-25
4.548686e+02 2.847647e-25
4.559175e+02 2.849670e-25
4.569689e+02 2.851709e-25
4.580227e+02 2.853761e-25
4.590789e+02 2.855827e-25
4.601375e+02 2.857907e-25
4.611986e+02 2.859999e-25
4.622621e+02 2.862105e-25
4.633281e+02 2.864224e-25
4.643965e+02 2.866355e-25
4.654674e+02 2.868499e-25
4.665408e+02 2.870655e-25
4.676166e+02 2.872823e-25
4.686950e+02 2.875004e-25
4.697758e+02 2.877197e-25
4.708591e+02 2.879403e-25
4.719449e+02 2.881620e-25
4.730332e+02 2.883850e-25
4.741240e+02 2.886092e-25
4.752174e+02 2.888346e-25
4.763132e+02 2.890613e-25
4.774116e+02 2.892891e-25
4.785125e+02 2.895182e-25
4.796160e+02 2.897485e-25
4.807220e+02 2.899800e-25
4.818305e+02 2.902127e-25
4.829416e+02 2.904466e-25
4.840553e+02 2.906818e-25
4.851715e+02 2.909182e-25
4.862903e+02 2.911558e-25
4.874117e+02 2.913947e-25
4.885357e+02 2.916348e-25
4.896623e+02 2.918761e-25
4.907914e+02 2.921187e-25
4.919232e+02 2.923625e-25
4.930576e+02 2.926076e-25
4.941946e+02 2.928539e-25
4.953342e+02 2.931015e-25
4.964764e+02 2.933500e-25
4.976213e+02 2.936002e-25
4.987688e+02 2.938515e-25
4.999190e+02 2.941041e-25
5.010718e+02 2.943580e-25
5.022273e+02 2.946131e-25
5.033854e+02 2.948695e-25
5.045462e+02 2.951272e-25
5.057097e+02 2.953861e-25
5.068759e+02 2.956463e-25
5.080447e+02 2.959078e-25
5.092163e+02 2.961706e-25
5.103906e+02 2.964347e-25
5.115675e+02 2.967001e-25
5.127472e+02 2.969668e-25
5.139296e+02 2.972348e-25
5.151147e+02 2.975041e-25
5.163026e+02 2.977747e-25
5.174932e+02 2.980466e-25
5.186865e+02 2.983198e-25
5.198826e+02 2.985944e-25
5.210815e+02 2.988703e-25
5.222831e+02 2.991475e-25
5.234875e+02 2.994260e-25
5.246946e+02 2.997059e-25
5.259046e+02 2.999871e-25
5.271173e+02 3.002697e-25
5.283329e+02 3.005536e-25
5.295512e+02 3.008388e-25
5.307724e+02 3.011254e-25
5.319963e+02 3.014134e-25
5.332231e+02 3.017027e-25
5.344527e+02 3.019934e-25
5.356852e+02 3.022855e-25
5.369205e+02 3.025789e-25
5.381586e+02 3.028737e-25
5.393996e+02 3.031699e-25
5.406435e+02 3.034675e-25
5.418902e+02 3.037664e-25
5.431398e+02 3.040668e-25
5.443923e+02 3.043685e-25
5.456477e+02 3.046717e-25
5.469059e+02 3.049762e-25
5.481671e+02 3.052822e-25
5.494312e+02 3.055896e-25
5.506982e+02 3.058984e-25
5.519681e+02 3.062086e-25
5.532409e+02 3.065202e-25
5.545167e+02 3.068332e-25
5.557954e+02 3.071477e-25
5.570771e+02 3.074637e-25
5.583617e+02 3.077810e-25
5.596493e+02 3.080998e-25
5.609399e+02 3.084201e-25
5.622334e+02 3.087418e-25
5.635299e+02 3.090649e-25
5.648294e+02 3.093895e-25
5.661319e+02 3.097156e-25
5.674374e+02 3.100432e-25
5.687459e+02 3.103722e-25
5.700575e+02 3.107027e-25
5.713720e+02 3.110346e-25
5.726896e+02 3.113681e-25
5.740102e+02 3.117030e-25
5.753339e+02 3.120395e-25
5.766606e+02 3.123774e-25
5.779904e+02 3.127168e-25
5.793233e+02 3.130578e-25
5.806592e+02 3.134002e-25
5.819982e+02 3.137442e-25
5.833403e+02 3.140897e-25
5.846855e+02 3.144367e-25
5.860338e+02 3.147852e-25
5.873852e+02 3.151352e-25
5.887397e+02 3.154868e-25
5.900973e+02 3.158399e-25
5.914581e+02 3.161946e-25
5.928220e+02 3.165508e-25
5.941890e+02 3.169086e-25
5.955593e+02 3.172679e-25
5.969326e+02 3.176288e-25
5.983091e+02 3.179912e-25
5.996889e+02 3.183552e-25
6.010717e+02 3.187208e-25
6.024578e+02 3.190880e-25
6.038471e+02 3.194567e-25
6.052396e+02 3.198271e-25
6.066353e+02 3.201990e-25
6.080342e+02 3.205725e-25
6.094363e+02 3.209476e-25
6.108417e+02 3.213243e-25
6.122503e+02 3.217027e-25
6.136621e+02 3.220826e-25
6.150772e+02 3.224642e-25
6.164956e+02 3.228473e-25
6.179172e+02 3.232321e-25
6.193422e+02 3.236186e-25
6.207704e+02 3.240066e-25
6.222019e+02 3.243963e-25
6.236367e+02 3.247877e-25
6.250748e+02 3.251807e-25
6.265162e+02 3.255753e-25
6.279610e+02 3.259716e-25
6.294090e+02 3.263696e-25
6.308605e+02 3.267693e-25
6.323152e+02 3.271706e-25
6.337734e+02 3.275736e-25
6.352348e+02 3.279782e-25
6.366997e+02 3.283846e-25
6.381679e+02 3.287926e-25
6.396396e+02 3.292024e-25
6.411146e+02 3.296138e-25
6.425930e+02 3.300269e-25
6.440748e+02 3.304418e-25
6.455600e+02 3.308583e-25
6.470487e+02 3.312766e-25
6.485408e+02 3.316966e-25
6.500364e+02 3.321184e-25
6.515353e+02 3.325418e-25
6.530378e+02 3.329670e-25
6.545437e+02 3.333940e-25
6.560531e+02 3.338227e-25
6.575659e+02 3.342531e-25
6.590823e+02 3.346853e-25
6.606021e+02 3.351193e-25
6.621255e+02 3.355550e-25
6.636524e+02 3.359925e-25
6.651828e+02 3.364318e-25
6.667167e+02 3.368729e-25
6.682541e+02 3.373157e-25
6.697951e+02 3.377603e-25
6.713397e+02 3.382068e-25
6.728878e+02 3.386550e-25
6.744395e+02 3.391051e-25
6.759947e+02 3.395569e-25
6.775536e+02 3.400106e-25
6.791160e+02 3.404661e-25
6.806821e+02 3.409234e-25
6.822517e+02 3.413825e-25
6.838250e+02 3.418435e-25
6.854019e+02 3.423063e-25
6.869825e+02 3.427710e-25
6.885666e+02 3.432375e-25
6.901545e+02 3.437059e-25
6.917460e+02 3.441762e-25
6.933412e+02 3.446483e-25
6.949400e+02 3.451223e-25
6.965425e+02 3.455981e-25
6.981488e+02 3.460759e-25
6.997587e+02 3.465555e-25
7.013724e+02 3.470370e-25
7.029897e+02 3.475204e-25
7.046108e+02 3.480058e-25
7.062357e+02 3.484930e-25
7.078643e+02 3.489822e-25
7.094966e+02 3.494732e-25
7.111327e+02 3.499662e-25
7.127726e+02 3.504612e-25
7.144162e+02 3.509580e-25
7.160637e+02 3.514568e-25
7.177149e+02 3.519576e-25
7.193700e+02 3.524603e-25
7.210289e+02 3.529650e-25
7.226916e+02 3.534716e-25
7.243581e+02 3.539802e-25
7.260285e+02 3.544908e-25
7.277027e+02 3.550033e-25
7.293808e+02 3.555179e-25
7.310627e+02 3.560344e-25
7.327486e+02 3.565529e-25
7.344383e+02 3.570735e-25
7.361319e+02 3.575960e-25
7.378294e+02 3.581206e-25
7.395309e+02 3.586471e-25
7.412363e+02 3.591757e-25
7.429455e+02 3.597063e-25
7.446588e+02 3.602390e-25
7.463760e+02 3.607737e-25
7.480971e+02 3.613105e-25
7.498222e+02 3.618493e-25
7.515513e+02 3.623902e-25
7.532844e+02 3.629331e-25
7.550215e+02 3.634781e-25
7.567626e+02 3.640252e-25
7.585077e+02 3.645743e-25
7.602568e+02 3.651256e-25
7.620100e+02 3.656789e-25
7.637672e+02 3.662344e-25
7.655284e+02 3.667920e-25
7.672937e+02 3.673516e-25
7.690631e+02 3.679134e-25
7.708366e+02 3.684773e-25
7.726141e+02 3.690434e-25
7.743958e+02 3.696116e-25
7.761816e+02 3.701819e-25
7.779714e+02 3.707544e-25
7.797654e+02 3.713290e-25
7.815636e+02 3.719058e-25
7.833659e+02 3.724848e-25
7.851723e+02 3.730660e-25
7.869829e+02 3.736493e-25
7.887977e+02 3.742348e-25
7.906167e+02 3.748225e-25
7.924399e+02 3.754125e-25
7.942672e+02 3.760046e-25
7.960988e+02 3.765990e-25
7.979346e+02 3.771955e-25
7.997747e+02 3.777943e-25
8.016190e+02 3.783954e-25
8.034675e+02 3.789987e-25
8.053203e+02 3.796042e-25
8.071774e+02 3.802121e-25
8.090387e+02 3.808222e-25
8.109044e+02 3.814346e-25
8.127744e+02 3.820492e-25
8.146486e+02 3.826662e-25
8.165272e+02 3.832856e-25
8.184101e+02 3.839072e-25
8.202974e+02 3.845313e-25
8.221890e+02 3.851577e-25
8.240850e+02 3.857865e-25
8.259853e+02 3.864179e-25
8.278900e+02 3.870517e-25
8.297992e+02 3.876882e-25
8.317127e+02 3.883274e-25
8.336306e+02 3.889696e-25
8.355530e+02 3.896151e-25
8.374798e+02 3.902644e-25
8.394110e+02 3.909188e-25
8.413467e+02 3.915808e-25
8.432868e+02 3.922565e-25
8.452315e+02 3.929653e-25
8.471806e+02 3.937965e-25
8.491342e+02 3.958035e-25
8.510923e+02 4.057990e-25
8.530549e+02 3.959979e-25
8.550221e+02 3.963099e-25
8.569938e+02 3.968951e-25
8.589700e+02 3.975342e-25
8.609508e+02 3.981921e-25
8.629361e+02 3.988593e-25
8.649261e+02 3.995323e-25
8.669206e+02 4.002095e-25
8.689197e+02 4.008903e-25
8.709235e+02 4.015743e-25
8.729318e+02 4.022611e-25
8.749448e+02 4.029508e-25
8.769624e+02 4.036431e-25
8.789847e+02 4.043381e-25
8.810117e+02 4.050358e-25
8.830433e+02 4.057360e-25
8.850796e+02 4.064389e-25
8.871206e+02 4.071443e-25
8.891663e+02 4.078523e-25
8.912167e+02 4.085629e-25
8.932719e+02 4.092760e-25
8.953318e+02 4.099918e-25
8.973964e+02 4.107101e-25
8.994658e+02 4.114311e-25
9.015400e+02 4.121546e-25
9.036189e+02 4.128808e-25
9.057027e+02 4.136095e-25
9.077913e+02 4.143409e-25
9.098846e+02 4.150749e-25
9.119828e+02 4.158115e-25
9.140859e+02 4.165508e-25
9.161938e+02 4.172927e-25
9.183065e+02 4.180373e-25
9.204241e+02 4.187845e-25
9.225466e+02 4.195344e-25
9.246740e+02 4.202870e-25
9.268063e+02 4.210423e-25
9.289436e+02 4.218002e-25
9.310857e+02 4.225609e-25
9.332328e+02 4.233242e-25
9.353848e+02 4.240903e-25
9.375419e+02 4.248591e-25
9.397038e+02 4.256307e-25
9.418708e+02 4.264049e-25
9.440428e+02 4.271820e-25
9.462197e+02 4.279617e-25
9.484017e+02 4.287443e-25
9.505887e+02 4.295296e-25
9.527808e+02 4.303177e-25
9.549779e+02 4.311086e-25
9.571801e+02 4.319023e-25
9.593874e+02 4.326988e-25
9.615997e+02 4.334981e-25
9.638172e+02 4.343002e-25
9.660398e+02 4.351052e-25
9.682674e+02 4.359130e-25
9.705003e+02 4.367237e-25
9.727383e+02 4.375372e-25
9.749814e+02 4.383536e-25
9.772297e+02 4.391729e-25
9.794832e+02 4.399950e-25
9.817419e+02 4.408201e-25
9.840058e+02 4.416480e-25
9.862749e+02 4.424789e-25
9.885493e+02 4.433127e-25
9.908289e+02 4.441494e-25
9.931138e+02 4.449891e-25
9.954039e+02 4.458317e-25
9.976993e+02 4.466773e-25
1.000000e+03 nan
