1.000000e+00 4.456561e-17
1.002306e+00 4.633447e-17
1.004617e+00 4.822452e-17
1.006934e+00 5.024345e-17
1.009256e+00 5.239952e-17
1.011583e+00 5.485165e-17
1.013916e+00 5.746851e-17
1.016254e+00 6.019770e-17
1.018598e+00 6.297553e-17
1.020947e+00 6.564834e-17
1.023301e+00 6.864845e-17
1.025661e+00 7.183307e-17
1.028026e+00 7.503024e-17
1.030396e+00 7.728870e-17
1.032773e+00 7.836481e-17
1.035154e+00 7.849514e-17
1.037541e+00 7.796011e-17
1.039934e+00 7.692547e-17
1.042332e+00 7.566587e-17
1.044735e+00 7.420969e-17
1.047145e+00 7.258555e-17
1.049559e+00 6.953977e-17
1.051980e+00 6.582339e-17
1.054406e+00 6.179736e-17
1.056837e+00 5.776714e-17
1.059274e+00 5.426547e-17
1.061717e+00 5.101977e-17
1.064165e+00 4.796111e-17
1.066619e+00 4.503387e-17
1.069079e+00 4.231146e-17
1.071544e+00 3.983257e-17
1.074015e+00 3.756769e-17
1.076492e+00 3.549120e-17
1.078974e+00 3.358199e-17
1.081462e+00 3.181417e-17
1.083956e+00 3.017870e-17
1.086456e+00 2.866712e-17
1.088961e+00 2.728545e-17
1.091472e+00 2.600011e-17
1.093989e+00 2.480301e-17
1.096512e+00 2.368678e-17
1.099040e+00 2.265576e-17
1.101575e+00 2.169104e-17
1.104115e+00 2.078739e-17
1.106661e+00 1.994006e-17
1.109213e+00 1.915199e-17
1.111771e+00 1.840944e-17
1.114335e+00 1.770924e-17
1.116904e+00 1.704838e-17
1.119480e+00 1.643028e-17
1.122062e+00 1.584526e-17
1.124649e+00 1.529087e-17
1.127242e+00 1.476490e-17
1.129842e+00 1.426938e-17
1.132447e+00 1.379850e-17
1.135059e+00 1.335063e-17
1.137676e+00 1.292426e-17
1.140300e+00 1.252076e-17
1.142929e+00 1.213565e-17
1.145565e+00 1.176833e-17
1.148207e+00 1.141871e-17
1.150854e+00 1.109102e-17
1.153508e+00 1.080551e-17
1.156168e+00 4.551406e-17
1.158834e+00 1.020946e-17
1.161507e+00 9.889836e-18
1.164185e+00 9.613319e-18
1.166870e+00 9.351958e-18
1.169560e+00 9.101878e-18
1.172257e+00 8.863036e-18
1.174961e+00 8.633377e-18
1.177670e+00 8.412340e-18
1.180386e+00 8.199451e-18
1.183108e+00 7.995293e-18
1.185836e+00 7.798269e-18
1.188571e+00 7.608106e-18
1.191312e+00 7.424548e-18
1.194059e+00 7.248158e-18
1.196812e+00 7.077634e-18
1.199572e+00 6.912713e-18
1.202338e+00 6.753143e-18
1.205111e+00 6.599496e-18
1.207890e+00 6.450745e-18
1.210675e+00 6.306679e-18
1.213467e+00 6.167096e-18
1.216265e+00 6.032362e-18
1.219070e+00 5.901725e-18
1.221881e+00 5.775028e-18
1.224699e+00 5.652122e-18
1.227523e+00 5.533333e-18
1.230354e+00 5.417976e-18
1.233191e+00 5.305937e-18
1.236035e+00 5.197107e-18
1.238885e+00 5.091792e-18
1.241742e+00 4.989421e-18
1.244605e+00 4.889889e-18
1.247475e+00 4.793093e-18
1.250352e+00 4.699290e-18
1.253235e+00 4.608019e-18
1.256125e+00 4.519199e-18
1.259022e+00 4.432750e-18
1.261925e+00 4.348912e-18
1.264835e+00 4.267259e-18
1.267752e+00 4.187722e-18
1.270676e+00 4.110232e-18
1.273606e+00 4.035012e-18
1.276543e+00 3.961708e-18
1.279486e+00 3.890261e-18
1.282437e+00 3.820610e-18
1.285394e+00 3.752912e-18
1.288358e+00 3.686773e-18
1.291329e+00 3.622086e-18
1.294307e+00 3.558859e-18
1.297292e+00 3.497511e-18
1.300283e+00 3.437565e-18
1.303282e+00 3.378907e-18
1.306287e+00 3.321429e-18
1.309300e+00 3.265033e-18
1.312319e+00 3.209553e-18
1.315345e+00 3.154980e-18
1.318378e+00 3.101303e-18
1.321418e+00 3.048613e-18
1.324466e+00 2.996797e-18
1.327520e+00 2.945781e-18
1.330581e+00 2.895489e-18
1.333649e+00 2.845902e-18
1.336725e+00 2.796900e-18
1.339807e+00 2.748416e-18
1.342897e+00 2.701021e-18
1.345994e+00 2.654736e-18
1.349098e+00 2.608965e-18
1.352209e+00 2.563629e-18
1.355327e+00 2.518645e-18
1.358452e+00 2.474035e-18
1.361585e+00 2.429586e-18
1.364725e+00 2.385193e-18
1.367872e+00 2.340749e-18
1.371026e+00 2.296230e-18
1.374188e+00 2.251404e-18
1.377356e+00 2.206143e-18
1.380533e+00 2.160315e-18
1.383716e+00 2.113865e-18
1.386907e+00 2.066569e-18
1.390105e+00 2.018292e-18
1.393311e+00 1.971724e-18
1.396524e+00 1.924753e-18
1.399744e+00 1.877027e-18
1.402972e+00 1.828489e-18
1.406207e+00 1.779095e-18
1.409450e+00 1.728866e-18
1.412700e+00 1.677738e-18
1.415958e+00 1.625721e-18
1.419223e+00 1.572853e-18
1.422496e+00 1.519231e-18
1.425776e+00 1.464903e-18
1.429064e+00 1.409984e-18
1.432359e+00 1.354614e-18
1.435662e+00 1.298981e-18
1.438973e+00 1.243238e-18
1.442291e+00 1.188448e-18
1.445617e+00 1.137173e-18
1.448951e+00 1.086447e-18
1.452292e+00 1.036400e-18
1.455641e+00 9.871801e-19
1.458998e+00 9.389281e-19
1.462362e+00 8.917852e-19
1.465735e+00 8.458589e-19
1.469115e+00 8.012545e-19
1.472502e+00 7.580624e-19
1.475898e+00 7.163629e-19
1.479301e+00 6.762086e-19
1.482713e+00 6.376430e-19
1.486132e+00 6.006944e-19
1.489559e+00 5.653793e-19
1.492994e+00 5.316953e-19
1.496437e+00 5.006116e-19
1.499888e+00 4.719582e-19
1.503346e+00 4.446970e-19
1.506813e+00 4.187935e-19
1.510288e+00 3.942110e-19
1.513770e+00 3.709092e-19
1.517261e+00 3.488458e-19
1.520760e+00 3.279744e-19
1.524267e+00 3.082485e-19
1.527782e+00 2.896205e-19
1.531305e+00 2.720429e-19
1.534836e+00 2.554674e-19
1.538375e+00 2.398466e-19
1.541923e+00 2.251339e-19
1.545479e+00 2.112840e-19
1.549043e+00 1.982520e-19
1.552615e+00 1.864719e-19
1.556195e+00 1.754871e-19
1.559784e+00 1.651308e-19
1.563380e+00 1.553696e-19
1.566986e+00 1.461717e-19
1.570599e+00 1.375066e-19
1.574221e+00 1.293451e-19
1.577851e+00 1.216597e-19
1.581490e+00 1.144236e-19
1.585137e+00 1.076117e-19
1.588792e+00 1.012001e-19
1.592456e+00 9.516605e-20
1.596128e+00 8.948794e-20
1.599809e+00 8.414536e-20
1.603498e+00 7.911899e-20
1.607195e+00 7.440627e-20
1.610902e+00 7.013753e-20
1.614616e+00 6.611212e-20
1.618340e+00 6.231639e-20
1.622072e+00 5.873739e-20
1.625812e+00 5.536299e-20
1.629561e+00 5.218172e-20
1.633319e+00 4.918257e-20
1.637085e+00 4.635517e-20
1.640861e+00 4.368981e-20
1.644644e+00 4.117732e-20
1.648437e+00 3.880897e-20
1.652238e+00 3.657656e-20
1.656048e+00 3.447234e-20
1.659867e+00 3.248895e-20
1.663695e+00 3.061946e-20
1.667531e+00 2.887975e-20
1.671377e+00 2.727446e-20
1.675231e+00 2.575833e-20
1.679094e+00 2.432619e-20
1.682966e+00 2.297361e-20
1.686847e+00 2.169618e-20
1.690737e+00 2.048975e-20
1.694636e+00 1.935043e-20
1.698544e+00 1.827447e-20
1.702460e+00 1.725848e-20
1.706386e+00 1.629909e-20
1.710321e+00 1.539309e-20
1.714265e+00 1.453750e-20
1.718218e+00 1.372942e-20
1.722181e+00 1.296612e-20
1.726152e+00 1.224538e-20
1.730132e+00 1.157810e-20
1.734122e+00 1.095364e-20
1.738121e+00 1.036301e-20
1.742129e+00 9.804370e-21
1.746147e+00 9.276106e-21
1.750173e+00 8.776468e-21
1.754209e+00 8.303790e-21
1.758254e+00 7.856731e-21
1.762309e+00 7.434129e-21
1.766373e+00 7.034490e-21
1.770446e+00 6.655999e-21
1.774529e+00 6.297963e-21
1.778621e+00 5.959367e-21
1.782722e+00 5.639126e-21
1.786833e+00 5.336069e-21
1.790954e+00 5.049385e-21
1.795084e+00 4.785265e-21
1.799223e+00 4.535612e-21
1.803372e+00 4.298759e-21
1.807531e+00 4.074327e-21
1.811699e+00 3.861981e-21
1.815877e+00 3.660948e-21
1.820064e+00 3.471369e-21
1.824261e+00 3.292178e-21
1.828468e+00 3.121724e-21
1.832684e+00 2.960151e-21
1.836911e+00 2.806675e-21
1.841147e+00 2.661209e-21
1.845392e+00 2.524164e-21
1.849648e+00 2.394550e-21
1.853913e+00 2.271953e-21
1.858188e+00 2.156565e-21
1.862473e+00 2.049041e-21
1.866768e+00 1.947130e-21
1.871073e+00 1.849247e-21
1.875388e+00 1.756415e-21
1.879712e+00 1.668972e-21
1.884047e+00 1.586131e-21
1.888391e+00 1.508015e-21
1.892746e+00 1.434065e-21
1.897111e+00 1.364234e-21
1.901486e+00 1.298306e-21
1.905870e+00 1.236315e-21
1.910265e+00 1.178018e-21
1.914670e+00 1.123377e-21
1.919086e+00 1.072294e-21
1.923511e+00 1.024608e-21
1.927947e+00 9.794331e-22
1.932393e+00 9.368310e-22
1.936849e+00 8.950586e-22
1.941315e+00 8.550376e-22
1.945792e+00 8.189392e-22
1.950279e+00 7.850285e-22
1.954776e+00 7.522995e-22
1.959284e+00 7.213596e-22
1.963802e+00 6.920179e-22
1.968331e+00 6.646182e-22
1.972870e+00 6.393426e-22
1.977419e+00 6.143015e-22
1.981979e+00 5.894595e-22
1.986549e+00 5.691769e-22
1.991130e+00 5.517075e-22
1.995722e+00 5.355499e-22
2.000324e+00 5.204701e-22
2.004937e+00 5.005193e-22
2.009560e+00 4.826853e-22
2.014194e+00 4.694345e-22
2.018839e+00 4.629160e-22
2.023495e+00 4.645892e-22
2.028161e+00 4.567063e-22
2.032838e+00 4.442445e-22
2.037525e+00 4.200807e-22
2.042224e+00 3.968574e-22
2.046933e+00 3.887595e-22
2.051654e+00 3.809491e-22
2.056385e+00 3.731140e-22
2.061127e+00 3.634015e-22
2.065880e+00 3.524104e-22
2.070644e+00 3.488846e-22
2.075419e+00 3.489666e-22
2.080205e+00 3.668348e-22
2.085001e+00 3.688230e-22
2.089810e+00 3.391533e-22
2.094629e+00 3.162997e-22
2.099459e+00 2.977337e-22
2.104300e+00 2.869761e-22
2.109153e+00 2.775655e-22
2.114016e+00 2.694336e-22
2.118891e+00 2.645099e-22
2.123778e+00 2.634539e-22
2.128675e+00 2.615062e-22
2.133584e+00 2.593612e-22
2.138504e+00 2.572165e-22
2.143435e+00 2.546503e-22
2.148378e+00 2.511933e-22
2.153332e+00 2.486271e-22
2.158298e+00 2.465435e-22
2.163275e+00 2.425363e-22
2.168263e+00 2.394329e-22
2.173263e+00 2.382115e-22
2.178275e+00 2.351059e-22
2.183298e+00 2.310121e-22
2.188333e+00 2.249630e-22
2.193379e+00 2.188081e-22
2.198437e+00 2.124400e-22
2.203507e+00 2.080681e-22
2.208588e+00 2.046260e-22
2.213681e+00 2.015419e-22
2.218786e+00 1.989386e-22
2.223902e+00 1.970023e-22
2.229031e+00 1.941370e-22
2.234171e+00 1.911236e-22
2.239323e+00 1.885981e-22
2.244487e+00 2.216161e-22
2.249663e+00 2.850147e-22
2.254850e+00 3.875413e-22
2.260050e+00 4.213320e-22
2.265262e+00 3.088262e-22
2.270485e+00 2.281217e-22
2.275721e+00 1.683859e-22
2.280969e+00 1.646647e-22
2.286229e+00 1.626458e-22
2.291501e+00 1.620263e-22
2.296785e+00 1.610695e-22
2.302082e+00 1.598698e-22
2.307390e+00 1.583043e-22
2.312711e+00 1.564989e-22
2.318044e+00 1.545678e-22
2.323390e+00 1.524197e-22
2.328747e+00 1.511919e-22
2.334117e+00 1.502331e-22
2.339500e+00 1.485118e-22
2.344895e+00 1.461686e-22
2.350302e+00 1.433794e-22
2.355722e+00 1.401404e-22
2.361154e+00 1.377742e-22
2.366599e+00 1.362187e-22
2.372057e+00 1.346972e-22
2.377527e+00 1.335140e-22
2.383009e+00 1.327259e-22
2.388504e+00 1.313753e-22
2.394012e+00 1.297857e-22
2.399533e+00 1.279204e-22
2.405066e+00 1.266750e-22
2.410612e+00 1.258008e-22
2.416171e+00 1.253786e-22
2.421743e+00 1.243356e-22
2.427327e+00 1.229974e-22
2.432925e+00 1.213301e-22
2.438535e+00 1.194069e-22
2.444159e+00 1.186242e-22
2.449795e+00 1.193069e-22
2.455444e+00 1.186944e-22
2.461106e+00 1.184314e-22
2.466782e+00 1.185920e-22
2.472470e+00 1.190639e-22
2.478172e+00 1.181142e-22
2.483886e+00 1.160810e-22
2.489614e+00 1.145665e-22
2.495355e+00 1.146283e-22
2.501110e+00 1.150089e-22
2.506877e+00 1.130270e-22
2.512658e+00 1.114723e-22
2.518452e+00 1.106289e-22
2.524260e+00 1.110647e-22
2.530081e+00 1.102845e-22
2.535915e+00 1.094937e-22
2.541763e+00 1.089347e-22
2.547624e+00 1.095928e-22
2.553499e+00 1.088678e-22
2.559388e+00 1.072581e-22
2.565289e+00 1.059168e-22
2.571205e+00 1.043360e-22
2.577134e+00 1.027289e-22
2.583077e+00 1.012058e-22
2.589034e+00 1.010285e-22
2.595004e+00 1.005226e-22
2.600988e+00 9.951919e-23
2.606986e+00 9.755766e-23
2.612998e+00 9.651965e-23
2.619023e+00 9.578891e-23
2.625063e+00 9.512359e-23
2.631116e+00 9.473283e-23
2.637184e+00 9.350174e-23
2.643265e+00 9.222589e-23
2.649360e+00 9.218967e-23
2.655470e+00 9.175856e-23
2.661593e+00 9.175147e-23
2.667731e+00 9.210365e-23
2.673883e+00 9.218948e-23
2.680049e+00 9.058275e-23
2.686229e+00 8.917029e-23
2.692424e+00 8.840323e-23
2.698632e+00 8.761810e-23
2.704855e+00 8.613667e-23
2.711093e+00 8.461187e-23
2.717345e+00 8.326881e-23
2.723611e+00 8.182785e-23
2.729891e+00 8.027724e-23
2.736187e+00 7.925378e-23
2.742496e+00 7.882533e-23
2.748821e+00 7.786463e-23
2.755159e+00 7.731383e-23
2.761513e+00 7.802613e-23
2.767881e+00 8.410535e-23
2.774264e+00 1.082137e-22
2.780661e+00 1.034309e-22
2.787073e+00 8.661078e-23
2.793500e+00 6.971474e-23
2.799942e+00 6.705829e-23
2.806399e+00 6.681643e-23
2.812870e+00 6.594823e-23
2.819357e+00 6.483882e-23
2.825858e+00 6.379933e-23
2.832375e+00 6.288650e-23
2.838906e+00 6.306148e-23
2.845453e+00 6.195426e-23
2.852014e+00 5.993071e-23
2.858591e+00 5.830926e-23
2.865183e+00 5.784571e-23
2.871790e+00 5.745917e-23
2.878413e+00 5.701955e-23
2.885050e+00 5.647507e-23
2.891703e+00 5.584340e-23
2.898372e+00 5.697220e-23
2.905055e+00 5.730951e-23
2.911754e+00 5.688738e-23
2.918469e+00 5.612604e-23
2.925199e+00 5.574309e-23
2.931944e+00 5.485153e-23
2.938705e+00 5.437299e-23
2.945482e+00 5.409588e-23
2.952274e+00 5.390991e-23
2.959082e+00 5.369234e-23
2.965906e+00 5.293405e-23
2.972745e+00 5.205197e-23
2.979601e+00 5.173076e-23
2.986472e+00 5.154032e-23
2.993358e+00 5.121867e-23
3.000261e+00 5.102530e-23
3.007180e+00 5.013062e-23
3.014114e+00 4.963713e-23
3.021065e+00 4.984278e-23
3.028031e+00 4.926672e-23
3.035014e+00 4.759284e-23
3.042013e+00 4.714157e-23
3.049028e+00 4.673101e-23
3.056059e+00 4.647107e-23
3.063106e+00 4.588511e-23
3.070170e+00 4.552999e-23
3.077250e+00 4.547426e-23
3.084346e+00 4.518764e-23
3.091458e+00 4.488826e-23
3.098587e+00 4.430910e-23
3.105733e+00 4.374294e-23
3.112894e+00 7.166865e-23
3.120073e+00 1.315656e-22
3.127268e+00 1.613288e-22
3.134479e+00 9.236458e-23
3.141707e+00 4.204032e-23
3.148952e+00 4.165852e-23
3.156214e+00 4.045255e-23
3.163492e+00 4.003450e-23
3.170787e+00 3.980591e-23
3.178099e+00 3.938302e-23
3.185427e+00 3.904067e-23
3.192773e+00 3.892256e-23
3.200136e+00 3.804815e-23
3.207515e+00 3.757477e-23
3.214912e+00 3.721350e-23
3.222325e+00 3.679796e-23
3.229756e+00 3.662737e-23
3.237204e+00 3.648931e-23
3.244669e+00 3.626755e-23
3.252151e+00 3.613571e-23
3.259651e+00 3.604461e-23
3.267167e+00 3.555211e-23
3.274702e+00 3.531318e-23
3.282253e+00 3.556751e-23
3.289822e+00 3.532954e-23
3.297408e+00 3.476534e-23
3.305012e+00 3.440226e-23
3.312634e+00 3.403515e-23
3.320272e+00 3.380022e-23
3.327929e+00 3.411067e-23
3.335603e+00 3.421175e-23
3.343295e+00 3.285897e-23
3.351005e+00 3.194338e-23
3.358732e+00 3.182341e-23
3.366478e+00 3.142988e-23
3.374241e+00 3.146081e-23
3.382022e+00 3.197553e-23
3.389821e+00 3.131245e-23
3.397638e+00 3.070547e-23
3.405473e+00 3.023567e-23
3.413326e+00 3.002912e-23
3.421197e+00 2.993579e-23
3.429086e+00 2.983968e-23
3.436994e+00 2.949638e-23
3.444919e+00 2.892657e-23
3.452863e+00 2.852700e-23
3.460826e+00 2.834200e-23
3.468806e+00 2.826448e-23
3.476805e+00 2.777735e-23
3.484823e+00 2.733355e-23
3.492859e+00 2.722669e-23
3.500914e+00 2.701327e-23
3.508987e+00 2.685657e-23
3.517078e+00 2.679870e-23
3.525189e+00 2.723824e-23
3.533318e+00 2.726055e-23
3.541466e+00 2.679687e-23
3.549633e+00 2.518275e-23
3.557818e+00 2.427236e-23
3.566022e+00 2.451159e-23
3.574246e+00 2.430508e-23
3.582488e+00 2.361470e-23
3.590749e+00 2.340044e-23
3.599029e+00 2.332700e-23
3.607329e+00 2.331948e-23
3.615647e+00 2.308221e-23
3.623985e+00 2.278222e-23
3.632342e+00 2.207386e-23
3.640718e+00 2.140766e-23
3.649114e+00 2.144046e-23
3.657529e+00 2.146566e-23
3.665963e+00 2.117529e-23
3.674417e+00 2.070646e-23
3.682890e+00 2.052629e-23
3.691383e+00 2.023177e-23
3.699895e+00 1.970427e-23
3.708427e+00 1.926184e-23
3.716979e+00 1.904706e-23
3.725550e+00 1.952618e-23
3.734141e+00 1.948412e-23
3.742752e+00 1.918173e-23
3.751383e+00 1.849987e-23
3.760034e+00 1.811443e-23
3.768704e+00 1.805656e-23
3.777395e+00 1.792244e-23
3.786106e+00 1.760307e-23
3.794836e+00 1.745738e-23
3.803587e+00 1.762328e-23
3.812358e+00 1.792193e-23
3.821150e+00 1.786478e-23
3.829961e+00 1.735628e-23
3.838793e+00 1.693729e-23
3.847646e+00 1.653469e-23
3.856518e+00 1.609749e-23
3.865411e+00 1.578663e-23
3.874325e+00 1.534418e-23
3.883259e+00 1.498347e-23
3.892214e+00 1.481642e-23
3.901190e+00 1.471971e-23
3.910186e+00 1.458042e-23
3.919203e+00 1.433444e-23
3.928240e+00 1.411022e-23
3.937299e+00 1.401315e-23
3.946378e+00 1.393812e-23
3.955479e+00 1.377654e-23
3.964600e+00 1.375092e-23
3.973743e+00 1.376505e-23
3.982906e+00 1.367691e-23
3.992091e+00 1.360188e-23
4.001296e+00 1.365413e-23
4.010524e+00 1.349024e-23
4.019772e+00 1.331602e-23
4.029041e+00 1.326828e-23
4.038332e+00 1.315486e-23
4.047645e+00 1.301779e-23
4.056979e+00 1.292531e-23
4.066334e+00 1.308826e-23
4.075711e+00 1.336446e-23
4.085110e+00 1.270972e-23
4.094530e+00 1.260650e-23
4.103972e+00 1.278760e-23
4.113436e+00 1.300846e-23
4.122922e+00 1.252990e-23
4.132429e+00 1.227774e-23
4.141958e+00 1.243056e-23
4.151510e+00 1.225554e-23
4.161083e+00 1.205513e-23
4.170679e+00 1.190013e-23
4.180296e+00 1.189673e-23
4.189936e+00 1.192462e-23
4.199598e+00 1.168584e-23
4.209282e+00 1.139191e-23
4.218989e+00 1.129064e-23
4.228718e+00 1.125864e-23
4.238470e+00 1.128875e-23
4.248244e+00 1.128619e-23
4.258040e+00 1.093488e-23
4.267859e+00 1.076303e-23
4.277701e+00 1.068589e-23
4.287565e+00 1.064587e-23
4.297452e+00 1.043093e-23
4.307362e+00 1.027439e-23
4.317295e+00 1.022755e-23
4.327251e+00 9.964463e-24
4.337230e+00 9.820979e-24
4.347231e+00 9.622332e-24
4.357256e+00 9.498988e-24
4.367304e+00 9.454244e-24
4.377375e+00 9.613712e-24
4.387469e+00 9.356250e-24
4.397587e+00 9.262251e-24
4.407728e+00 9.320570e-24
4.417892e+00 9.546883e-24
4.428079e+00 9.259316e-24
4.438291e+00 9.186294e-24
4.448525e+00 9.112248e-24
4.458784e+00 8.999080e-24
4.469066e+00 8.877495e-24
4.479371e+00 8.775869e-24
4.489701e+00 8.704140e-24
4.500054e+00 8.683817e-24
4.510431e+00 8.722322e-24
4.520832e+00 8.636750e-24
4.531257e+00 8.483473e-24
4.541707e+00 8.444439e-24
4.552180e+00 8.385168e-24
4.562677e+00 8.236230e-24
4.573199e+00 8.220927e-24
4.583745e+00 8.231639e-24
4.594315e+00 8.411845e-24
4.604909e+00 8.807274e-24
4.615528e+00 9.300376e-24
4.626172e+00 8.525029e-24
4.636840e+00 8.313384e-24
4.647532e+00 7.997247e-24
4.658249e+00 7.758497e-24
4.668991e+00 7.570738e-24
4.679758e+00 7.517470e-24
4.690550e+00 7.491387e-24
4.701366e+00 7.506079e-24
4.712208e+00 7.452140e-24
4.723074e+00 7.303864e-24
4.733965e+00 7.144908e-24
4.744882e+00 7.069245e-24
4.755824e+00 7.110077e-24
4.766791e+00 7.108222e-24
4.777783e+00 7.021192e-24
4.788800e+00 6.950903e-24
4.799843e+00 6.925444e-24
4.810912e+00 6.787524e-24
4.822006e+00 6.725808e-24
4.833126e+00 6.650798e-24
4.844271e+00 6.596303e-24
4.855442e+00 6.530974e-24
4.866638e+00 6.469626e-24
4.877861e+00 6.480193e-24
4.889109e+00 6.434242e-24
4.900384e+00 6.402395e-24
4.911684e+00 6.488586e-24
4.923010e+00 6.351821e-24
4.934363e+00 6.286917e-24
4.945741e+00 6.288383e-24
4.957146e+00 6.372883e-24
4.968578e+00 6.329032e-24
4.980035e+00 6.314234e-24
4.991519e+00 7.637773e-24
5.003030e+00 1.009817e-23
5.014567e+00 6.808619e-24
5.026130e+00 6.237042e-24
5.037721e+00 6.156327e-24
5.049338e+00 6.111393e-24
5.060981e+00 6.122427e-24
5.072652e+00 6.062090e-24
5.084350e+00 5.988802e-24
5.096074e+00 5.939262e-24
5.107826e+00 5.973698e-24
5.119605e+00 6.198855e-24
5.131410e+00 6.147249e-24
5.143243e+00 5.970454e-24
5.155104e+00 5.834763e-24
5.166991e+00 5.813521e-24
5.178907e+00 5.718717e-24
5.190849e+00 5.683833e-24
5.202819e+00 5.644975e-24
5.214817e+00 5.614810e-24
5.226842e+00 5.825727e-24
5.238896e+00 5.644237e-24
5.250977e+00 5.664724e-24
5.263085e+00 5.733197e-24
5.275222e+00 5.602151e-24
5.287387e+00 5.375432e-24
5.299580e+00 5.332818e-24
5.311800e+00 5.448592e-24
5.324049e+00 5.381018e-24
5.336327e+00 5.353255e-24
5.348632e+00 5.816238e-24
5.360966e+00 5.488058e-24
5.373329e+00 5.265712e-24
5.385720e+00 5.310730e-24
5.398139e+00 5.238937e-24
5.410587e+00 5.164068e-24
5.423064e+00 5.056966e-24
5.435570e+00 5.046622e-24
5.448104e+00 5.099775e-24
5.460668e+00 5.111906e-24
5.473260e+00 4.995930e-24
5.485881e+00 5.057642e-24
5.498532e+00 5.075192e-24
5.511212e+00 5.088060e-24
5.523920e+00 4.817893e-24
5.536659e+00 4.845709e-24
5.549426e+00 5.743330e-24
5.562223e+00 5.639365e-24
5.575050e+00 4.709760e-24
5.587906e+00 4.623350e-24
5.600792e+00 4.589750e-24
5.613707e+00 4.635228e-24
5.626652e+00 4.794871e-24
5.639627e+00 4.602559e-24
5.652632e+00 4.557230e-24
5.665668e+00 4.628567e-24
5.678733e+00 5.231846e-24
5.691828e+00 5.399032e-24
5.704953e+00 4.583214e-24
5.718109e+00 4.599895e-24
5.731295e+00 4.411905e-24
5.744511e+00 4.250098e-24
5.757758e+00 4.169804e-24
5.771036e+00 4.229853e-24
5.784344e+00 4.214784e-24
5.797682e+00 4.221744e-24
5.811052e+00 4.167816e-24
5.824452e+00 4.129752e-24
5.837883e+00 4.061964e-24
5.851346e+00 3.991107e-24
5.864839e+00 3.959111e-24
5.878363e+00 3.892952e-24
5.891919e+00 3.887821e-24
5.905506e+00 3.869695e-24
5.919124e+00 3.821574e-24
5.932773e+00 3.789325e-24
5.946454e+00 3.797311e-24
5.960167e+00 3.770374e-24
5.973911e+00 3.795762e-24
5.987687e+00 3.827504e-24
6.001495e+00 3.774435e-24
6.015334e+00 3.708882e-24
6.029206e+00 3.651349e-24
6.043109e+00 3.586499e-24
6.057044e+00 3.562746e-24
6.071012e+00 3.562617e-24
6.085012e+00 3.561887e-24
6.099044e+00 3.602920e-24
6.113108e+00 3.590513e-24
6.127205e+00 3.459154e-24
6.141335e+00 3.476079e-24
6.155496e+00 4.743221e-24
6.169691e+00 5.413883e-24
6.183918e+00 5.968232e-24
6.198179e+00 4.001594e-24
6.212472e+00 3.917872e-24
6.226798e+00 3.600943e-24
6.241157e+00 3.508734e-24
6.255549e+00 3.464715e-24
6.269974e+00 3.223354e-24
6.284433e+00 3.247389e-24
6.298925e+00 3.175093e-24
6.313450e+00 3.119533e-24
6.328009e+00 3.209766e-24
6.342601e+00 3.086257e-24
6.357228e+00 3.062284e-24
6.371887e+00 3.029535e-24
6.386581e+00 2.995685e-24
6.401308e+00 2.972015e-24
6.416070e+00 2.957389e-24
6.430865e+00 2.980771e-24
6.445695e+00 2.939704e-24
6.460559e+00 2.939055e-24
6.475457e+00 2.887960e-24
6.490389e+00 2.881254e-24
6.505356e+00 2.905353e-24
6.520358e+00 2.841644e-24
6.535394e+00 2.811373e-24
6.550464e+00 2.812321e-24
6.565570e+00 2.792091e-24
6.580710e+00 2.849830e-24
6.595885e+00 2.844041e-24
6.611095e+00 2.745457e-24
6.626341e+00 2.786408e-24
6.641621e+00 2.808526e-24
6.656937e+00 2.710892e-24
6.672288e+00 2.728861e-24
6.687674e+00 2.678667e-24
6.703096e+00 2.627223e-24
6.718553e+00 2.614971e-24
6.734046e+00 2.581868e-24
6.749575e+00 2.578179e-24
6.765140e+00 2.561246e-24
6.780740e+00 2.569062e-24
6.796376e+00 2.544572e-24
6.812049e+00 2.512649e-24
6.827758e+00 2.489539e-24
6.843502e+00 2.472564e-24
6.859284e+00 2.480575e-24
6.875101e+00 2.423410e-24
6.890955e+00 2.441309e-24
6.906846e+00 2.438765e-24
6.922773e+00 2.398522e-24
6.938737e+00 2.376059e-24
6.954738e+00 2.346021e-24
6.970775e+00 2.333384e-24
6.986850e+00 2.342996e-24
7.002962e+00 2.332905e-24
7.019111e+00 2.303203e-24
7.035297e+00 2.298934e-24
7.051520e+00 2.320241e-24
7.067781e+00 2.290122e-24
7.084080e+00 2.293247e-24
7.100415e+00 3.328217e-24
7.116789e+00 3.166554e-24
7.133200e+00 2.812715e-24
7.149650e+00 3.778696e-24
7.166137e+00 2.240049e-24
7.182662e+00 2.190090e-24
7.199225e+00 2.177779e-24
7.215827e+00 2.201681e-24
7.232466e+00 2.161403e-24
7.249145e+00 2.163928e-24
7.265861e+00 2.196757e-24
7.282616e+00 2.109231e-24
7.299410e+00 2.112137e-24
7.316243e+00 2.123322e-24
7.333114e+00 2.083510e-24
7.350024e+00 2.168379e-24
7.366973e+00 2.202061e-24
7.383962e+00 2.601994e-24
7.400989e+00 2.042045e-24
7.418056e+00 2.076373e-24
7.435162e+00 2.179248e-24
7.452307e+00 2.036453e-24
7.469493e+00 2.094562e-24
7.486717e+00 2.116986e-24
7.503982e+00 2.042069e-24
7.521286e+00 1.989393e-24
7.538630e+00 1.955101e-24
7.556014e+00 1.940093e-24
7.573438e+00 1.923909e-24
7.590903e+00 1.920839e-24
7.608407e+00 1.945828e-24
7.625953e+00 1.945419e-24
7.643538e+00 1.920719e-24
7.661164e+00 1.893360e-24
7.678831e+00 1.911476e-24
7.696538e+00 1.875578e-24
7.714287e+00 1.855530e-24
7.732076e+00 1.841467e-24
7.749906e+00 1.837959e-24
7.767777e+00 1.842579e-24
7.785690e+00 1.820132e-24
7.803644e+00 1.832932e-24
7.821639e+00 1.837119e-24
7.839676e+00 1.806241e-24
7.857754e+00 1.779995e-24
7.875874e+00 1.773787e-24
7.894036e+00 1.766027e-24
7.912240e+00 1.750250e-24
7.930485e+00 1.741144e-24
7.948773e+00 1.753976e-24
7.967103e+00 1.731845e-24
7.985475e+00 1.734305e-24
8.003890e+00 1.814173e-24
8.022347e+00 1.720150e-24
8.040846e+00 1.746093e-24
8.059389e+00 1.751031e-24
8.077974e+00 1.704357e-24
8.096602e+00 1.695018e-24
8.115272e+00 1.704586e-24
8.133986e+00 1.787587e-24
8.152743e+00 1.726204e-24
8.171544e+00 1.695913e-24
8.190387e+00 1.612112e-24
8.209274e+00 1.608149e-24
8.228205e+00 1.614059e-24
8.247179e+00 1.602375e-24
8.266197e+00 1.603599e-24
8.285259e+00 1.666102e-24
8.304365e+00 1.677332e-24
8.323515e+00 1.924345e-24
8.342709e+00 1.650640e-24
8.361947e+00 1.590834e-24
8.381230e+00 1.543146e-24
8.400557e+00 1.537394e-24
8.419929e+00 1.510159e-24
8.439346e+00 1.501278e-24
8.458807e+00 1.492622e-24
8.478313e+00 1.487662e-24
8.497864e+00 1.490528e-24
8.517460e+00 1.472424e-24
8.537101e+00 1.476896e-24
8.556788e+00 1.468027e-24
8.576520e+00 1.467660e-24
8.596298e+00 1.456677e-24
8.616121e+00 1.441675e-24
8.635989e+00 1.441180e-24
8.655904e+00 1.433497e-24
8.675865e+00 1.432702e-24
8.695871e+00 1.423900e-24
8.715924e+00 1.420412e-24
8.736023e+00 1.418382e-24
8.756168e+00 1.419871e-24
8.776360e+00 1.410480e-24
8.796599e+00 1.401809e-24
8.816884e+00 1.406807e-24
8.837215e+00 1.387905e-24
8.857594e+00 1.378074e-24
8.878020e+00 1.373665e-24
8.898493e+00 1.365363e-24
8.919012e+00 1.363002e-24
8.939580e+00 1.364277e-24
8.960195e+00 1.361979e-24
8.980857e+00 1.410947e-24
9.001567e+00 1.345583e-24
9.022324e+00 1.339686e-24
9.043130e+00 1.338530e-24
9.063984e+00 1.331895e-24
9.084885e+00 1.323554e-24
9.105835e+00 1.317792e-24
9.126833e+00 1.323851e-24
9.147880e+00 1.346572e-24
9.168975e+00 1.316646e-24
9.190118e+00 1.318955e-24
9.211311e+00 1.334018e-24
9.232552e+00 1.453607e-24
9.253843e+00 1.309520e-24
9.275182e+00 1.299850e-24
9.296571e+00 1.305316e-24
9.318009e+00 1.300198e-24
9.339496e+00 1.289102e-24
9.361033e+00 1.290939e-24
9.382620e+00 1.293593e-24
9.404256e+00 1.280630e-24
9.425942e+00 1.275849e-24
9.447679e+00 1.274443e-24
9.469465e+00 1.276677e-24
9.491302e+00 1.268830e-24
9.513189e+00 1.275107e-24
9.535126e+00 1.271318e-24
9.557114e+00 1.263446e-24
9.579153e+00 1.258700e-24
9.601243e+00 1.257270e-24
9.623383e+00 1.251961e-24
9.645575e+00 1.249605e-24
9.667817e+00 1.245967e-24
9.690112e+00 1.243781e-24
9.712457e+00 1.244298e-24
9.734854e+00 1.241872e-24
9.757303e+00 1.240172e-24
9.779803e+00 1.240661e-24
9.802355e+00 1.233109e-24
9.824960e+00 1.242886e-24
9.847616e+00 1.253023e-24
9.870325e+00 1.253645e-24
9.893086e+00 1.290932e-24
9.915899e+00 1.614224e-24
9.938766e+00 1.268608e-24
9.961684e+00 1.242783e-24
9.984656e+00 1.225119e-24
1.000768e+01 1.224983e-24
1.003076e+01 1.207336e-24
1.005389e+01 1.204392e-24
1.007707e+01 1.201504e-24
1.010031e+01 1.199184e-24
1.012360e+01 1.197394e-24
1.014695e+01 1.192319e-24
1.017035e+01 1.191766e-24
1.019380e+01 1.189276e-24
1.021731e+01 1.182590e-24
1.024087e+01 1.183181e-24
1.026448e+01 1.177092e-24
1.028815e+01 1.175524e-24
1.031188e+01 1.181555e-24
1.033566e+01 1.171100e-24
1.035949e+01 1.168626e-24
1.038338e+01 1.169634e-24
1.040732e+01 1.163524e-24
1.043132e+01 1.162487e-24
1.045538e+01 1.162595e-24
1.047949e+01 1.156746e-24
1.050365e+01 1.154556e-24
1.052788e+01 1.152134e-24
1.055215e+01 1.149155e-24
1.057649e+01 1.147618e-24
1.060088e+01 1.146158e-24
1.062532e+01 1.143960e-24
1.064982e+01 1.143582e-24
1.067438e+01 1.139778e-24
1.069900e+01 1.138898e-24
1.072367e+01 1.150956e-24
1.074840e+01 1.135723e-24
1.077318e+01 1.146766e-24
1.079803e+01 1.131323e-24
1.082293e+01 1.130204e-24
1.084789e+01 1.128736e-24
1.087290e+01 1.126691e-24
1.089797e+01 1.125302e-24
1.092311e+01 1.124181e-24
1.094829e+01 1.124091e-24
1.097354e+01 1.121306e-24
1.099885e+01 1.122160e-24
1.102421e+01 1.122636e-24
1.104963e+01 1.118534e-24
1.107511e+01 1.115787e-24
1.110065e+01 1.116489e-24
1.112625e+01 1.115138e-24
1.115191e+01 1.113738e-24
1.117762e+01 1.110819e-24
1.120340e+01 1.109255e-24
1.122923e+01 1.109457e-24
1.125513e+01 1.107075e-24
1.128108e+01 1.105769e-24
1.130710e+01 1.104580e-24
1.133317e+01 1.103406e-24
1.135931e+01 1.103075e-24
1.138550e+01 1.102466e-24
1.141176e+01 1.100810e-24
1.143807e+01 1.101092e-24
1.146445e+01 1.098138e-24
1.149088e+01 1.097377e-24
1.151738e+01 1.095953e-24
1.154394e+01 1.101137e-24
1.157056e+01 1.097207e-24
1.159724e+01 1.093867e-24
1.162399e+01 1.091714e-24
1.165079e+01 1.090757e-24
1.167766e+01 1.089487e-24
1.170459e+01 1.088660e-24
1.173158e+01 1.087503e-24
1.175863e+01 1.086131e-24
1.178575e+01 1.085191e-24
1.181293e+01 1.083786e-24
1.184017e+01 1.082716e-24
1.186747e+01 1.081529e-24
1.189484e+01 1.080546e-24
1.192227e+01 1.079473e-24
1.194976e+01 1.078239e-24
1.197731e+01 1.077373e-24
1.200493e+01 1.077567e-24
1.203262e+01 1.075202e-24
1.206037e+01 1.073683e-24
1.208818e+01 1.072623e-24
1.211605e+01 1.071584e-24
1.214399e+01 1.070364e-24
1.217200e+01 1.069380e-24
1.220006e+01 1.068337e-24
1.222820e+01 1.067278e-24
1.225640e+01 1.066132e-24
1.228466e+01 1.065210e-24
1.231299e+01 1.066651e-24
1.234138e+01 1.064656e-24
1.236984e+01 1.062089e-24
1.239837e+01 1.063061e-24
1.242696e+01 1.065189e-24
1.245561e+01 1.060407e-24
1.248434e+01 1.058634e-24
1.251313e+01 1.057315e-24
1.254198e+01 1.054956e-24
1.257090e+01 1.053808e-24
1.259989e+01 1.052546e-24
1.262895e+01 1.051379e-24
1.265807e+01 1.050233e-24
1.268726e+01 1.049030e-24
1.271652e+01 1.047746e-24
1.274584e+01 1.046762e-24
1.277523e+01 1.045358e-24
1.280469e+01 1.044198e-24
1.283422e+01 1.042926e-24
1.286382e+01 1.041777e-24
1.289348e+01 1.040563e-24
1.292321e+01 1.039243e-24
1.295301e+01 1.038034e-24
1.298288e+01 1.036781e-24
1.301282e+01 1.035545e-24
1.304283e+01 1.034195e-24
1.307291e+01 1.033030e-24
1.310305e+01 1.031698e-24
1.313327e+01 1.030830e-24
1.316355e+01 1.029585e-24
1.319391e+01 1.028105e-24
1.322433e+01 1.026574e-24
1.325483e+01 1.025307e-24
1.328539e+01 1.024081e-24
1.331603e+01 1.022614e-24
1.334674e+01 1.021345e-24
1.337752e+01 1.020157e-24
1.340836e+01 1.018473e-24
1.343928e+01 1.017120e-24
1.347027e+01 1.015682e-24
1.350134e+01 1.014317e-24
1.353247e+01 1.013005e-24
1.356368e+01 1.011645e-24
1.359496e+01 1.010180e-24
1.362631e+01 1.008943e-24
1.365773e+01 1.007504e-24
1.368922e+01 1.005994e-24
1.372079e+01 1.004639e-24
1.375243e+01 1.003228e-24
1.378414e+01 1.001868e-24
1.381593e+01 1.000511e-24
1.384779e+01 9.991234e-25
1.387972e+01 9.976739e-25
1.391173e+01 9.961438e-25
1.394381e+01 9.946690e-25
1.397596e+01 9.932837e-25
1.400819e+01 9.918116e-25
1.404050e+01 9.902565e-25
1.407287e+01 9.888024e-25
1.410533e+01 9.873380e-25
1.413785e+01 9.857831e-25
1.417045e+01 9.843588e-25
1.420313e+01 9.829387e-25
1.423588e+01 9.812666e-25
1.426871e+01 9.797714e-25
1.430162e+01 9.782693e-25
1.433460e+01 9.767076e-25
1.436765e+01 9.752017e-25
1.440078e+01 9.736557e-25
1.443399e+01 9.720908e-25
1.446728e+01 9.705346e-25
1.450064e+01 9.689864e-25
1.453408e+01 9.675080e-25
1.456759e+01 9.659659e-25
1.460119e+01 9.644360e-25
1.463486e+01 9.628351e-25
1.466860e+01 9.612804e-25
1.470243e+01 9.598502e-25
1.473633e+01 9.581904e-25
1.477032e+01 9.566610e-25
1.480438e+01 9.550955e-25
1.483852e+01 9.535164e-25
1.487273e+01 9.519603e-25
1.490703e+01 9.503304e-25
1.494141e+01 9.487942e-25
1.497586e+01 9.472038e-25
1.501040e+01 9.458736e-25
1.504501e+01 9.440772e-25
1.507970e+01 9.425005e-25
1.511448e+01 9.408361e-25
1.514933e+01 9.391946e-25
1.518427e+01 9.375722e-25
1.521928e+01 9.359875e-25
1.525438e+01 9.344027e-25
1.528955e+01 9.328251e-25
1.532481e+01 9.312348e-25
1.536015e+01 9.296140e-25
1.539557e+01 9.280057e-25
1.543107e+01 9.264073e-25
1.546666e+01 9.248476e-25
1.550232e+01 9.232021e-25
1.553807e+01 9.216069e-25
1.557390e+01 9.200206e-25
1.560982e+01 9.184269e-25
1.564581e+01 9.168571e-25
1.568189e+01 9.152779e-25
1.571805e+01 9.136819e-25
1.575430e+01 9.121155e-25
1.579063e+01 9.106186e-25
1.582704e+01 9.090467e-25
1.586354e+01 9.075042e-25
1.590012e+01 9.059017e-25
1.593679e+01 9.043269e-25
1.597354e+01 9.027819e-25
1.601037e+01 9.013762e-25
1.604729e+01 8.997374e-25
1.608430e+01 8.981615e-25
1.612139e+01 8.966373e-25
1.615857e+01 8.950956e-25
1.619583e+01 8.936144e-25
1.623317e+01 8.920442e-25
1.627061e+01 8.905407e-25
1.630813e+01 8.890328e-25
1.634574e+01 8.875393e-25
1.638343e+01 8.860443e-25
1.642121e+01 8.845760e-25
1.645908e+01 8.831391e-25
1.649703e+01 8.817600e-25
1.653507e+01 8.804555e-25
1.657320e+01 8.792930e-25
1.661142e+01 8.779883e-25
1.664973e+01 8.763482e-25
1.668812e+01 8.744049e-25
1.672661e+01 8.732078e-25
1.676518e+01 8.715236e-25
1.680384e+01 8.701453e-25
1.684259e+01 8.687558e-25
1.688143e+01 8.673441e-25
1.692035e+01 8.659453e-25
1.695937e+01 8.645719e-25
1.699848e+01 8.632187e-25
1.703768e+01 8.618677e-25
1.707697e+01 8.605053e-25
1.711635e+01 8.591860e-25
1.715582e+01 8.578677e-25
1.719538e+01 8.565603e-25
1.723503e+01 8.552748e-25
1.727478e+01 8.539872e-25
1.731461e+01 8.527199e-25
1.735454e+01 8.514750e-25
1.739456e+01 8.502225e-25
1.743467e+01 8.489769e-25
1.747488e+01 8.477551e-25
1.751517e+01 8.465537e-25
1.755556e+01 8.453625e-25
1.759605e+01 8.442012e-25
1.763662e+01 8.430285e-25
1.767729e+01 8.418709e-25
1.771806e+01 8.407534e-25
1.775892e+01 8.396244e-25
1.779987e+01 8.385030e-25
1.784092e+01 8.373909e-25
1.788206e+01 8.363247e-25
1.792329e+01 8.353287e-25
1.796462e+01 8.342355e-25
1.800605e+01 8.331751e-25
1.804757e+01 8.321470e-25
1.808919e+01 8.311582e-25
1.813090e+01 8.301604e-25
1.817271e+01 8.291802e-25
1.821462e+01 8.282166e-25
1.825662e+01 8.272735e-25
1.829872e+01 8.263481e-25
1.834092e+01 8.254348e-25
1.838322e+01 8.245328e-25
1.842561e+01 8.236564e-25
1.846810e+01 8.227808e-25
1.851068e+01 8.219277e-25
1.855337e+01 8.211028e-25
1.859615e+01 8.202635e-25
1.863904e+01 8.194675e-25
1.868202e+01 8.186808e-25
1.872510e+01 8.179030e-25
1.876828e+01 8.171486e-25
1.881156e+01 8.164142e-25
1.885494e+01 8.156966e-25
1.889842e+01 8.149865e-25
1.894200e+01 8.143039e-25
1.898568e+01 8.136323e-25
1.902946e+01 8.129741e-25
1.907334e+01 8.123316e-25
1.911733e+01 8.117090e-25
1.916141e+01 8.111061e-25
1.920560e+01 8.105135e-25
1.924989e+01 8.099374e-25
1.929428e+01 8.093828e-25
1.933877e+01 8.088384e-25
1.938336e+01 8.083125e-25
1.942806e+01 8.078050e-25
1.947286e+01 8.073078e-25
1.951777e+01 8.068310e-25
1.956278e+01 8.063702e-25
1.960789e+01 8.059256e-25
1.965310e+01 8.054958e-25
1.969842e+01 8.050834e-25
1.974385e+01 8.046866e-25
1.978938e+01 8.043210e-25
1.983501e+01 8.039509e-25
1.988075e+01 8.036025e-25
1.992660e+01 8.032607e-25
1.997255e+01 8.029376e-25
2.001861e+01 8.026351e-25
2.006477e+01 8.023396e-25
2.011104e+01 8.020641e-25
2.015741e+01 8.018029e-25
2.020390e+01 8.015592e-25
2.025049e+01 8.013281e-25
2.029719e+01 8.011108e-25
2.034399e+01 8.009152e-25
2.039090e+01 8.007171e-25
2.043793e+01 8.005454e-25
2.048506e+01 8.003817e-25
2.053229e+01 8.002382e-25
2.057964e+01 8.001021e-25
2.062710e+01 7.999828e-25
2.067466e+01 7.998690e-25
2.072234e+01 7.997661e-25
2.077013e+01 7.996786e-25
2.081802e+01 7.996036e-25
2.086603e+01 7.995407e-25
2.091415e+01 7.994839e-25
2.096237e+01 7.994443e-25
2.101071e+01 7.994089e-25
2.105916e+01 7.993814e-25
2.110773e+01 7.993666e-25
2.115640e+01 7.993618e-25
2.120519e+01 7.993675e-25
2.125409e+01 7.993776e-25
2.130310e+01 7.993983e-25
2.135223e+01 7.994248e-25
2.140146e+01 7.994583e-25
2.145082e+01 7.994983e-25
2.150028e+01 7.995480e-25
2.154986e+01 7.995972e-25
2.159956e+01 7.996524e-25
2.164936e+01 7.997150e-25
2.169929e+01 7.997794e-25
2.174933e+01 7.998482e-25
2.179948e+01 7.999204e-25
2.184975e+01 7.999959e-25
2.190014e+01 8.000711e-25
2.195064e+01 8.001500e-25
2.200126e+01 8.002328e-25
2.205199e+01 8.003086e-25
2.210284e+01 8.003878e-25
2.215381e+01 8.004666e-25
2.220490e+01 8.005441e-25
2.225610e+01 8.006175e-25
2.230743e+01 8.006949e-25
2.235887e+01 8.007600e-25
2.241043e+01 8.008262e-25
2.246211e+01 8.008890e-25
2.251390e+01 8.009472e-25
2.256582e+01 8.010126e-25
2.261786e+01 8.010454e-25
2.267002e+01 8.010872e-25
2.272229e+01 8.011200e-25
2.277469e+01 8.011489e-25
2.282721e+01 8.011671e-25
2.287985e+01 8.011781e-25
2.293261e+01 8.011794e-25
2.298549e+01 8.011730e-25
2.303850e+01 8.011570e-25
2.309162e+01 8.011304e-25
2.314487e+01 8.010938e-25
2.319825e+01 8.010479e-25
2.325174e+01 8.009891e-25
2.330536e+01 8.009238e-25
2.335910e+01 8.008365e-25
2.341297e+01 8.007417e-25
2.346696e+01 8.006376e-25
2.352107e+01 8.005147e-25
2.357531e+01 8.003801e-25
2.362968e+01 8.002318e-25
2.368417e+01 8.000700e-25
2.373878e+01 7.998941e-25
2.379353e+01 7.997029e-25
2.384839e+01 7.994980e-25
2.390339e+01 7.992775e-25
2.395851e+01 7.990427e-25
2.401376e+01 7.987937e-25
2.406914e+01 7.985265e-25
2.412464e+01 7.982433e-25
2.418027e+01 7.979462e-25
2.423603e+01 7.976319e-25
2.429192e+01 7.973021e-25
2.434794e+01 7.969546e-25
2.440408e+01 7.965918e-25
2.446036e+01 7.962127e-25
2.451676e+01 7.958171e-25
2.457330e+01 7.954045e-25
2.462997e+01 7.949781e-25
2.468676e+01 7.945333e-25
2.474369e+01 7.940708e-25
2.480075e+01 7.935939e-25
2.485794e+01 7.931030e-25
2.491526e+01 7.925907e-25
2.497272e+01 7.920632e-25
2.503031e+01 7.915158e-25
2.508803e+01 7.909530e-25
2.514588e+01 7.903758e-25
2.520387e+01 7.897831e-25
2.526199e+01 7.891738e-25
2.532024e+01 7.885484e-25
2.537863e+01 7.879083e-25
2.543715e+01 7.872521e-25
2.549581e+01 7.865808e-25
2.555460e+01 7.858942e-25
2.561353e+01 7.851920e-25
2.567260e+01 7.844765e-25
2.573180e+01 7.837442e-25
2.579114e+01 7.829982e-25
2.585061e+01 7.822381e-25
2.591022e+01 7.814630e-25
2.596997e+01 7.806739e-25
2.602986e+01 7.798717e-25
2.608988e+01 7.790553e-25
2.615005e+01 7.782262e-25
2.621035e+01 7.773835e-25
2.627079e+01 7.765284e-25
2.633137e+01 7.756603e-25
2.639209e+01 7.747804e-25
2.645295e+01 7.738877e-25
2.651395e+01 7.729834e-25
2.657509e+01 7.720668e-25
2.663638e+01 7.711396e-25
2.669780e+01 7.702002e-25
2.675937e+01 7.692507e-25
2.682107e+01 7.682902e-25
2.688292e+01 7.673193e-25
2.694492e+01 7.663376e-25
2.700705e+01 7.653466e-25
2.706933e+01 7.643458e-25
2.713175e+01 7.633355e-25
2.719432e+01 7.623161e-25
2.725703e+01 7.612884e-25
2.731988e+01 7.602510e-25
2.738288e+01 7.592051e-25
2.744603e+01 7.581516e-25
2.750932e+01 7.570897e-25
2.757275e+01 7.560205e-25
2.763634e+01 7.549437e-25
2.770007e+01 7.538595e-25
2.776394e+01 7.527686e-25
2.782797e+01 7.516710e-25
2.789214e+01 7.505676e-25
2.795646e+01 7.494569e-25
2.802093e+01 7.483406e-25
2.808554e+01 7.472178e-25
2.815031e+01 7.460898e-25
2.821522e+01 7.449565e-25
2.828029e+01 7.438181e-25
2.834550e+01 7.426747e-25
2.841087e+01 7.415273e-25
2.847638e+01 7.403746e-25
2.854205e+01 7.392180e-25
2.860787e+01 7.380575e-25
2.867384e+01 7.368927e-25
2.873996e+01 7.357243e-25
2.880623e+01 7.345526e-25
2.887266e+01 7.333776e-25
2.893924e+01 7.321999e-25
2.900598e+01 7.310187e-25
2.907286e+01 7.298351e-25
2.913991e+01 7.286489e-25
2.920710e+01 7.274607e-25
2.927446e+01 7.262699e-25
2.934196e+01 7.250778e-25
2.940963e+01 7.238828e-25
2.947744e+01 7.226867e-25
2.954542e+01 7.214894e-25
2.961355e+01 7.202902e-25
2.968184e+01 7.190901e-25
2.975029e+01 7.178888e-25
2.981889e+01 7.166870e-25
2.988765e+01 7.154844e-25
2.995658e+01 7.142815e-25
3.002566e+01 7.130783e-25
3.009489e+01 7.118735e-25
3.016429e+01 7.106694e-25
3.023385e+01 7.094650e-25
3.030357e+01 7.082610e-25
3.037345e+01 7.070570e-25
3.044349e+01 7.058536e-25
3.051370e+01 7.046505e-25
3.058406e+01 7.034480e-25
3.065459e+01 7.022459e-25
3.072528e+01 7.010449e-25
3.079613e+01 6.998449e-25
3.086715e+01 6.986458e-25
3.093833e+01 6.974479e-25
3.100967e+01 6.962509e-25
3.108118e+01 6.950558e-25
3.115285e+01 6.938615e-25
3.122469e+01 6.926691e-25
3.129670e+01 6.914783e-25
3.136887e+01 6.902892e-25
3.144120e+01 6.891015e-25
3.151371e+01 6.879161e-25
3.158638e+01 6.867323e-25
3.165922e+01 6.855513e-25
3.173222e+01 6.843717e-25
3.180540e+01 6.831944e-25
3.187874e+01 6.820185e-25
3.195225e+01 6.808454e-25
3.202594e+01 6.796751e-25
3.209979e+01 6.785076e-25
3.217381e+01 6.773421e-25
3.224800e+01 6.761790e-25
3.232237e+01 6.750187e-25
3.239690e+01 6.738611e-25
3.247161e+01 6.727059e-25
3.254649e+01 6.715537e-25
3.262154e+01 6.704044e-25
3.269677e+01 6.692580e-25
3.277217e+01 6.681145e-25
3.284774e+01 6.669741e-25
3.292349e+01 6.658366e-25
3.299941e+01 6.647025e-25
3.307551e+01 6.635712e-25
3.315178e+01 6.624432e-25
3.322823e+01 6.613182e-25
3.330485e+01 6.601967e-25
3.338165e+01 6.590782e-25
3.345863e+01 6.579630e-25
3.353579e+01 6.568514e-25
3.361312e+01 6.557431e-25
3.369063e+01 6.546380e-25
3.376832e+01 6.535366e-25
3.384619e+01 6.524385e-25
3.392424e+01 6.513437e-25
3.400247e+01 6.502528e-25
3.408088e+01 6.491649e-25
3.415947e+01 6.480809e-25
3.423825e+01 6.470003e-25
3.431720e+01 6.459237e-25
3.439634e+01 6.448502e-25
3.447565e+01 6.437806e-25
3.455515e+01 6.427146e-25
3.463484e+01 6.416523e-25
3.471471e+01 6.405936e-25
3.479476e+01 6.395386e-25
3.487500e+01 6.384875e-25
3.495542e+01 6.374398e-25
3.503603e+01 6.363961e-25
3.511682e+01 6.353561e-25
3.519780e+01 6.343199e-25
3.527897e+01 6.332875e-25
3.536032e+01 6.322587e-25
3.544186e+01 6.312336e-25
3.552359e+01 6.302124e-25
3.560551e+01 6.291951e-25
3.568761e+01 6.281816e-25
3.576991e+01 6.271719e-25
3.585240e+01 6.261659e-25
3.593507e+01 6.251639e-25
3.601794e+01 6.241656e-25
3.610100e+01 6.231712e-25
3.618424e+01 6.221804e-25
3.626769e+01 6.211936e-25
3.635132e+01 6.202104e-25
3.643515e+01 6.192313e-25
3.651917e+01 6.182558e-25
3.660338e+01 6.172843e-25
3.668779e+01 6.163166e-25
3.677239e+01 6.153528e-25
3.685719e+01 6.143926e-25
3.694218e+01 6.134361e-25
3.702737e+01 6.124836e-25
3.711275e+01 6.115350e-25
3.719834e+01 6.105900e-25
3.728412e+01 6.096489e-25
3.737009e+01 6.087115e-25
3.745627e+01 6.077780e-25
3.754264e+01 6.068482e-25
3.762922e+01 6.059221e-25
3.771599e+01 6.049998e-25
3.780296e+01 6.040812e-25
3.789014e+01 6.031664e-25
3.797751e+01 6.022554e-25
3.806509e+01 6.013481e-25
3.815287e+01 6.004444e-25
3.824085e+01 5.995445e-25
3.832903e+01 5.986482e-25
3.841742e+01 5.977557e-25
3.850601e+01 5.968668e-25
3.859480e+01 5.959817e-25
3.868380e+01 5.951001e-25
3.877301e+01 5.942222e-25
3.886242e+01 5.933480e-25
3.895204e+01 5.924774e-25
3.904186e+01 5.916105e-25
3.913189e+01 5.907470e-25
3.922213e+01 5.898872e-25
3.931258e+01 5.890311e-25
3.940323e+01 5.881786e-25
3.949410e+01 5.873296e-25
3.958517e+01 5.864844e-25
3.967645e+01 5.856431e-25
3.976795e+01 5.848061e-25
3.985965e+01 5.839748e-25
3.995157e+01 5.831574e-25
4.004370e+01 5.825432e-25
4.013604e+01 5.815936e-25
4.022859e+01 5.806768e-25
4.032136e+01 5.798492e-25
4.041434e+01 5.790321e-25
4.050754e+01 5.782197e-25
4.060095e+01 5.774118e-25
4.069457e+01 5.766073e-25
4.078842e+01 5.758062e-25
4.088247e+01 5.750086e-25
4.097675e+01 5.742144e-25
4.107124e+01 5.734234e-25
4.116595e+01 5.726358e-25
4.126088e+01 5.718515e-25
4.135603e+01 5.710705e-25
4.145140e+01 5.702927e-25
4.154698e+01 5.695182e-25
4.164279e+01 5.687469e-25
4.173882e+01 5.679789e-25
4.183507e+01 5.672141e-25
4.193154e+01 5.664524e-25
4.202824e+01 5.656939e-25
4.212516e+01 5.649385e-25
4.222230e+01 5.641863e-25
4.231966e+01 5.634372e-25
4.241725e+01 5.626913e-25
4.251507e+01 5.619483e-25
4.261311e+01 5.612086e-25
4.271137e+01 5.604718e-25
4.280986e+01 5.597382e-25
4.290858e+01 5.590073e-25
4.300753e+01 5.582797e-25
4.310671e+01 5.575552e-25
4.320611e+01 5.568334e-25
4.330575e+01 5.561147e-25
4.340561e+01 5.553990e-25
4.350570e+01 5.546862e-25
4.360603e+01 5.539764e-25
4.370658e+01 5.532693e-25
4.380737e+01 5.525653e-25
4.390839e+01 5.518641e-25
4.400964e+01 5.511657e-25
4.411113e+01 5.504702e-25
4.421285e+01 5.497775e-25
4.431481e+01 5.490876e-25
4.441700e+01 5.484006e-25
4.451942e+01 5.477163e-25
4.462208e+01 5.470348e-25
4.472498e+01 5.463561e-25
4.482812e+01 5.456800e-25
4.493149e+01 5.450067e-25
4.503511e+01 5.443362e-25
4.513896e+01 5.436685e-25
4.524305e+01 5.430032e-25
4.534738e+01 5.423405e-25
4.545195e+01 5.416806e-25
4.555676e+01 5.410233e-25
4.566182e+01 5.403687e-25
4.576711e+01 5.397165e-25
4.587265e+01 5.390672e-25
4.597843e+01 5.384202e-25
4.608446e+01 5.377759e-25
4.619073e+01 5.371342e-25
4.629725e+01 5.364949e-25
4.640401e+01 5.358581e-25
4.651102e+01 5.352239e-25
4.661827e+01 5.345922e-25
4.672578e+01 5.339629e-25
4.683353e+01 5.333361e-25
4.694152e+01 5.327117e-25
4.704977e+01 5.320898e-25
4.715827e+01 5.314702e-25
4.726702e+01 5.308531e-25
4.737601e+01 5.302384e-25
4.748526e+01 5.296261e-25
4.759476e+01 5.290160e-25
4.770452e+01 5.284084e-25
4.781453e+01 5.278031e-25
4.792479e+01 5.272001e-25
4.803530e+01 5.265994e-25
4.814607e+01 5.260010e-25
4.825710e+01 5.254049e-25
4.836838e+01 5.248110e-25
4.847992e+01 5.242194e-25
4.859171e+01 5.236300e-25
4.870376e+01 5.230429e-25
4.881607e+01 5.224579e-25
4.892864e+01 5.218752e-25
4.904147e+01 5.212946e-25
4.915456e+01 5.207163e-25
4.926792e+01 5.201400e-25
4.938153e+01 5.195659e-25
4.949540e+01 5.189940e-25
4.960954e+01 5.184241e-25
4.972394e+01 5.178564e-25
4.983860e+01 5.172908e-25
4.995353e+01 5.167272e-25
5.006872e+01 5.161657e-25
5.018418e+01 5.156063e-25
5.029991e+01 5.150489e-25
5.041590e+01 5.144935e-25
5.053216e+01 5.139402e-25
5.064869e+01 5.133889e-25
5.076548e+01 5.128395e-25
5.088255e+01 5.122922e-25
5.099988e+01 5.117468e-25
5.111749e+01 5.112034e-25
5.123537e+01 5.106619e-25
5.135352e+01 5.101223e-25
5.147194e+01 5.095847e-25
5.159063e+01 5.090490e-25
5.170960e+01 5.085152e-25
5.182884e+01 5.079833e-25
5.194836e+01 5.074533e-25
5.206816e+01 5.069251e-25
5.218822e+01 5.063988e-25
5.230857e+01 5.058743e-25
5.242920e+01 5.053517e-25
5.255010e+01 5.048308e-25
5.267128e+01 5.043118e-25
5.279274e+01 5.037946e-25
5.291448e+01 5.032792e-25
5.303650e+01 5.027656e-25
5.315880e+01 5.022537e-25
5.328139e+01 5.017436e-25
5.340425e+01 5.012352e-25
5.352741e+01 5.007286e-25
5.365084e+01 5.002237e-25
5.377456e+01 4.997205e-25
5.389856e+01 4.992190e-25
5.402285e+01 4.987192e-25
5.414743e+01 4.982211e-25
5.427230e+01 4.977247e-25
5.439745e+01 4.972299e-25
5.452289e+01 4.967368e-25
5.464862e+01 4.962454e-25
5.477464e+01 4.957555e-25
5.490095e+01 4.952673e-25
5.502755e+01 4.947808e-25
5.515445e+01 4.942958e-25
5.528163e+01 4.938124e-25
5.540911e+01 4.933306e-25
5.553689e+01 4.928504e-25
5.566495e+01 4.923717e-25
5.579332e+01 4.918947e-25
5.592198e+01 4.914191e-25
5.605093e+01 4.909451e-25
5.618019e+01 4.904727e-25
5.630974e+01 4.900017e-25
5.643959e+01 4.895321e-25
5.656974e+01 4.890645e-25
5.670019e+01 4.885980e-25
5.683094e+01 4.881331e-25
5.696200e+01 4.876697e-25
5.709335e+01 4.872078e-25
5.722501e+01 4.867475e-25
5.735697e+01 4.862888e-25
5.748923e+01 4.858325e-25
5.762181e+01 4.853842e-25
5.775468e+01 4.850665e-25
5.788786e+01 4.844711e-25
5.802135e+01 4.840154e-25
5.815515e+01 4.835641e-25
5.828926e+01 4.831147e-25
5.842367e+01 4.826668e-25
5.855840e+01 4.822203e-25
5.869344e+01 4.817753e-25
5.882878e+01 4.813316e-25
5.896444e+01 4.808893e-25
5.910041e+01 4.804484e-25
5.923670e+01 4.800087e-25
5.937330e+01 4.795705e-25
5.951022e+01 4.791335e-25
5.964745e+01 4.786979e-25
5.978500e+01 4.782636e-25
5.992286e+01 4.778306e-25
6.006104e+01 4.773989e-25
6.019954e+01 4.769685e-25
6.033836e+01 4.765393e-25
6.047750e+01 4.761114e-25
6.061697e+01 4.756848e-25
6.075675e+01 4.752595e-25
6.089686e+01 4.748354e-25
6.103728e+01 4.744126e-25
6.117804e+01 4.739910e-25
6.131911e+01 4.735706e-25
6.146052e+01 4.731514e-25
6.160224e+01 4.727335e-25
6.174430e+01 4.723168e-25
6.188668e+01 4.719013e-25
6.202939e+01 4.714870e-25
6.217243e+01 4.710739e-25
6.231580e+01 4.706619e-25
6.245950e+01 4.702512e-25
6.260354e+01 4.698416e-25
6.274790e+01 4.694332e-25
6.289260e+01 4.690259e-25
6.303763e+01 4.686198e-25
6.318299e+01 4.682149e-25
6.332869e+01 4.678110e-25
6.347473e+01 4.674084e-25
6.362110e+01 4.670068e-25
6.376781e+01 4.666064e-25
6.391486e+01 4.662071e-25
6.406225e+01 4.658089e-25
6.420998e+01 4.654118e-25
6.435805e+01 4.650158e-25
6.450646e+01 4.646209e-25
6.465521e+01 4.642271e-25
6.480431e+01 4.638344e-25
6.495375e+01 4.634428e-25
6.510353e+01 4.630522e-25
6.525366e+01 4.626627e-25
6.540413e+01 4.622742e-25
6.555496e+01 4.618868e-25
6.570613e+01 4.615005e-25
6.585765e+01 4.611152e-25
6.600951e+01 4.607310e-25
6.616173e+01 4.603477e-25
6.631430e+01 4.599655e-25
6.646722e+01 4.595844e-25
6.662050e+01 4.592042e-25
6.677412e+01 4.588251e-25
6.692811e+01 4.584469e-25
6.708244e+01 4.580698e-25
6.723714e+01 4.576937e-25
6.739218e+01 4.573186e-25
6.754759e+01 4.569444e-25
6.770336e+01 4.565712e-25
6.785948e+01 4.561991e-25
6.801597e+01 4.558278e-25
6.817281e+01 4.554576e-25
6.833002e+01 4.550883e-25
6.848759e+01 4.547200e-25
6.864552e+01 4.543526e-25
6.880382e+01 4.539862e-25
6.896248e+01 4.536208e-25
6.912151e+01 4.532562e-25
6.928090e+01 4.528926e-25
6.944067e+01 4.525300e-25
6.960080e+01 4.521683e-25
6.976130e+01 4.518075e-25
6.992217e+01 4.514476e-25
7.008341e+01 4.510886e-25
7.024502e+01 4.507305e-25
7.040701e+01 4.503734e-25
7.056936e+01 4.500171e-25
7.073210e+01 4.496618e-25
7.089521e+01 4.493073e-25
7.105869e+01 4.489538e-25
7.122255e+01 4.486011e-25
7.138679e+01 4.482493e-25
7.155141e+01 4.478984e-25
7.171641e+01 4.475483e-25
7.188179e+01 4.471991e-25
7.204755e+01 4.468508e-25
7.221369e+01 4.465034e-25
7.238022e+01 4.461568e-25
7.254713e+01 4.458110e-25
7.271442e+01 4.454662e-25
7.288210e+01 4.451221e-25
7.305017e+01 4.447789e-25
7.321862e+01 4.444366e-25
7.338746e+01 4.440950e-25
7.355669e+01 4.437544e-25
7.372632e+01 4.434145e-25
7.389633e+01 4.430755e-25
7.406674e+01 4.427372e-25
7.423753e+01 4.423999e-25
7.440873e+01 4.420633e-25
7.458031e+01 4.417275e-25
7.475230e+01 4.413925e-25
7.492468e+01 4.410584e-25
7.509745e+01 4.407250e-25
7.527063e+01 4.403925e-25
7.544420e+01 4.400607e-25
7.561818e+01 4.397297e-25
7.579255e+01 4.393996e-25
7.596733e+01 4.390702e-25
7.614251e+01 4.387415e-25
7.631810e+01 4.384137e-25
7.649409e+01 4.380866e-25
7.667048e+01 4.377603e-25
7.684729e+01 4.374348e-25
7.702450e+01 4.371101e-25
7.720212e+01 4.367861e-25
7.738015e+01 4.364628e-25
7.755858e+01 4.361403e-25
7.773744e+01 4.358186e-25
7.791670e+01 4.354976e-25
7.809638e+01 4.351774e-25
7.827647e+01 4.348579e-25
7.845697e+01 4.345392e-25
7.863789e+01 4.342212e-25
7.881923e+01 4.339039e-25
7.900099e+01 4.335874e-25
7.918317e+01 4.332716e-25
7.936577e+01 4.329565e-25
7.954878e+01 4.326422e-25
7.973222e+01 4.323286e-25
7.991609e+01 4.320157e-25
8.010037e+01 4.317035e-25
8.028509e+01 4.313920e-25
8.047022e+01 4.310813e-25
8.065579e+01 4.307712e-25
8.084178e+01 4.304619e-25
8.102820e+01 4.301532e-25
8.121506e+01 4.298453e-25
8.140234e+01 4.295381e-25
8.159005e+01 4.292315e-25
8.177820e+01 4.289257e-25
8.196678e+01 4.286205e-25
8.215580e+01 4.283161e-25
8.234525e+01 4.280123e-25
8.253514e+01 4.277092e-25
8.272546e+01 4.274068e-25
8.291623e+01 4.271050e-25
8.310744e+01 4.268040e-25
8.329908e+01 4.265036e-25
8.349117e+01 4.262039e-25
8.368370e+01 4.259049e-25
8.387668e+01 4.256065e-25
8.407010e+01 4.253088e-25
8.426396e+01 4.250118e-25
8.445828e+01 4.247154e-25
8.465304e+01 4.244197e-25
8.484825e+01 4.241247e-25
8.504391e+01 4.238303e-25
8.524002e+01 4.235365e-25
8.543659e+01 4.232434e-25
8.563360e+01 4.229510e-25
8.583107e+01 4.226592e-25
8.602900e+01 4.223680e-25
8.622738e+01 4.220775e-25
8.642623e+01 4.217876e-25
8.662553e+01 4.214984e-25
8.682528e+01 4.212098e-25
8.702550e+01 4.209219e-25
8.722619e+01 4.206345e-25
8.742733e+01 4.203478e-25
8.762894e+01 4.200618e-25
8.783101e+01 4.197763e-25
8.803355e+01 4.194915e-25
8.823656e+01 4.192073e-25
8.844003e+01 4.189238e-25
8.864397e+01 4.186408e-25
8.884839e+01 4.183585e-25
8.905327e+01 4.180768e-25
8.925863e+01 4.177957e-25
8.946446e+01 4.175152e-25
8.967077e+01 4.172353e-25
8.987755e+01 4.169561e-25
9.008481e+01 4.166774e-25
9.029254e+01 4.163994e-25
9.050076e+01 4.161219e-25
9.070945e+01 4.158451e-25
9.091863e+01 4.155688e-25
9.112829e+01 4.152932e-25
9.133843e+01 4.150182e-25
9.154906e+01 4.147437e-25
9.176017e+01 4.144699e-25
9.197177e+01 4.141966e-25
9.218386e+01 4.139239e-25
9.239644e+01 4.136518e-25
9.260950e+01 4.133803e-25
9.282306e+01 4.131094e-25
9.303711e+01 4.128391e-25
9.325166e+01 4.125694e-25
9.346669e+01 4.123002e-25
9.368223e+01 4.120316e-25
9.389826e+01 4.117636e-25
9.411479e+01 4.114962e-25
9.433182e+01 4.112294e-25
9.454935e+01 4.109631e-25
9.476738e+01 4.106974e-25
9.498592e+01 4.104323e-25
9.520496e+01 4.101677e-25
9.542450e+01 4.099038e-25
9.564455e+01 4.096403e-25
9.586511e+01 4.093775e-25
9.608617e+01 4.091152e-25
9.630775e+01 4.088535e-25
9.652983e+01 4.085923e-25
9.675243e+01 4.083317e-25
9.697554e+01 4.080717e-25
9.719917e+01 4.078122e-25
9.742331e+01 4.075533e-25
9.764797e+01 4.072949e-25
9.787315e+01 4.070371e-25
9.809884e+01 4.067798e-25
9.832506e+01 4.065231e-25
9.855180e+01 4.062670e-25
9.877906e+01 4.060114e-25
9.900685e+01 4.057563e-25
9.923516e+01 4.055018e-25
9.946399e+01 4.052478e-25
9.969336e+01 4.049944e-25
9.992325e+01 4.047416e-25
1.001537e+02 4.044892e-25
1.003846e+02 4.042374e-25
1.006161e+02 4.039862e-25
1.008481e+02 4.037355e-25
1.010807e+02 4.034853e-25
1.013138e+02 4.032357e-25
1.015474e+02 4.029866e-25
1.017816e+02 4.027380e-25
1.020163e+02 4.024900e-25
1.022515e+02 4.022425e-25
1.024873e+02 4.019955e-25
1.027237e+02 4.017491e-25
1.029606e+02 4.015032e-25
1.031980e+02 4.012578e-25
1.034360e+02 4.010130e-25
1.036745e+02 4.007687e-25
1.039136e+02 4.005249e-25
1.041532e+02 4.002816e-25
1.043934e+02 4.000388e-25
1.046341e+02 3.997966e-25
1.048754e+02 3.995549e-25
1.051172e+02 3.993138e-25
1.053596e+02 3.990731e-25
1.056026e+02 3.988330e-25
1.058461e+02 3.985933e-25
1.060902e+02 3.983542e-25
1.063348e+02 3.981157e-25
1.065800e+02 3.978776e-25
1.068258e+02 3.976400e-25
1.070722e+02 3.974030e-25
1.073191e+02 3.971665e-25
1.075665e+02 3.969305e-25
1.078146e+02 3.966950e-25
1.080632e+02 3.964600e-25
1.083124e+02 3.962255e-25
1.085622e+02 3.959915e-25
1.088125e+02 3.957581e-25
1.090634e+02 3.955251e-25
1.093149e+02 3.952927e-25
1.095670e+02 3.950607e-25
1.098197e+02 3.948293e-25
1.100729e+02 3.945984e-25
1.103268e+02 3.943679e-25
1.105812e+02 3.941380e-25
1.108362e+02 3.939086e-25
1.110918e+02 3.936797e-25
1.113480e+02 3.934513e-25
1.116047e+02 3.932233e-25
1.118621e+02 3.929959e-25
1.121200e+02 3.927690e-25
1.123786e+02 3.925426e-25
1.126377e+02 3.923167e-25
1.128975e+02 3.920912e-25
1.131578e+02 3.918663e-25
1.134188e+02 3.916419e-25
1.136803e+02 3.914180e-25
1.139425e+02 3.911945e-25
1.142052e+02 3.909716e-25
1.144686e+02 3.907491e-25
1.147325e+02 3.905271e-25
1.149971e+02 3.903057e-25
1.152623e+02 3.900847e-25
1.155281e+02 3.898642e-25
1.157945e+02 3.896442e-25
1.160615e+02 3.894247e-25
1.163292e+02 3.892057e-25
1.165974e+02 3.889871e-25
1.168663e+02 3.887691e-25
1.171358e+02 3.885515e-25
1.174059e+02 3.883345e-25
1.176766e+02 3.881179e-25
1.179480e+02 3.879018e-25
1.182200e+02 3.876862e-25
1.184926e+02 3.874711e-25
1.187658e+02 3.872564e-25
1.190397e+02 3.870423e-25
1.193142e+02 3.868286e-25
1.195894e+02 3.866154e-25
1.198651e+02 3.864027e-25
1.201416e+02 3.861905e-25
1.204186e+02 3.859787e-25
1.206963e+02 3.857675e-25
1.209746e+02 3.855567e-25
1.212536e+02 3.853464e-25
1.215332e+02 3.851365e-25
1.218134e+02 3.849272e-25
1.220943e+02 3.847183e-25
1.223759e+02 3.845100e-25
1.226581e+02 3.843021e-25
1.229410e+02 3.840946e-25
1.232245e+02 3.838877e-25
1.235086e+02 3.836812e-25
1.237934e+02 3.834752e-25
1.240789e+02 3.832697e-25
1.243650e+02 3.830646e-25
1.246518e+02 3.828601e-25
1.249393e+02 3.826560e-25
1.252274e+02 3.824524e-25
1.255161e+02 3.822492e-25
1.258056e+02 3.820465e-25
1.260957e+02 3.818443e-25
1.263865e+02 3.816426e-25
1.266779e+02 3.814414e-25
1.269700e+02 3.812406e-25
1.272628e+02 3.810403e-25
1.275563e+02 3.808405e-25
1.278504e+02 3.806411e-25
1.281453e+02 3.804422e-25
1.284408e+02 3.802438e-25
1.287370e+02 3.800459e-25
1.290338e+02 3.798484e-25
1.293314e+02 3.796514e-25
1.296296e+02 3.794549e-25
1.299285e+02 3.792588e-25
1.302282e+02 3.790632e-25
1.305285e+02 3.788681e-25
1.308295e+02 3.786734e-25
1.311312e+02 3.784793e-25
1.314335e+02 3.782855e-25
1.317366e+02 3.780923e-25
1.320404e+02 3.778995e-25
1.323449e+02 3.777072e-25
1.326501e+02 3.775154e-25
1.329560e+02 3.773240e-25
1.332626e+02 3.771331e-25
1.335699e+02 3.769427e-25
1.338779e+02 3.767527e-25
1.341866e+02 3.765632e-25
1.344961e+02 3.763742e-25
1.348062e+02 3.761856e-25
1.351171e+02 3.759975e-25
1.354287e+02 3.758099e-25
1.357410e+02 3.756228e-25
1.360540e+02 3.754361e-25
1.363677e+02 3.752498e-25
1.366822e+02 3.750641e-25
1.369974e+02 3.748788e-25
1.373133e+02 3.746940e-25
1.376299e+02 3.745096e-25
1.379473e+02 3.743257e-25
1.382654e+02 3.741423e-25
1.385843e+02 3.739593e-25
1.389038e+02 3.737768e-25
1.392241e+02 3.735948e-25
1.395452e+02 3.734132e-25
1.398670e+02 3.732321e-25
1.401895e+02 3.730515e-25
1.405128e+02 3.728713e-25
1.408368e+02 3.726916e-25
1.411616e+02 3.725124e-25
1.414871e+02 3.723336e-25
1.418134e+02 3.721553e-25
1.421404e+02 3.719775e-25
1.424682e+02 3.718001e-25
1.427967e+02 3.716232e-25
1.431260e+02 3.714468e-25
1.434561e+02 3.712708e-25
1.437869e+02 3.710953e-25
1.441184e+02 3.709202e-25
1.444508e+02 3.707457e-25
1.447839e+02 3.705716e-25
1.451178e+02 3.703979e-25
1.454524e+02 3.702247e-25
1.457878e+02 3.700520e-25
1.461240e+02 3.698798e-25
1.464610e+02 3.697080e-25
1.467987e+02 3.695367e-25
1.471372e+02 3.693658e-25
1.474765e+02 3.691954e-25
1.478166e+02 3.690255e-25
1.481575e+02 3.688561e-25
1.484991e+02 3.686871e-25
1.488416e+02 3.685186e-25
1.491848e+02 3.683505e-25
1.495288e+02 3.681830e-25
1.498736e+02 3.680158e-25
1.502192e+02 3.678492e-25
1.505657e+02 3.676830e-25
1.509129e+02 3.675173e-25
1.512609e+02 3.673520e-25
1.516097e+02 3.671873e-25
1.519593e+02 3.670230e-25
1.523097e+02 3.668591e-25
1.526609e+02 3.666957e-25
1.530130e+02 3.665328e-25
1.533658e+02 3.663704e-25
1.537195e+02 3.662084e-25
1.540740e+02 3.660469e-25
1.544293e+02 3.658859e-25
1.547854e+02 3.657253e-25
1.551423e+02 3.655652e-25
1.555001e+02 3.654056e-25
1.558587e+02 3.652465e-25
1.562181e+02 3.650878e-25
1.565783e+02 3.649296e-25
1.569394e+02 3.647718e-25
1.573013e+02 3.646145e-25
1.576640e+02 3.644577e-25
1.580276e+02 3.643014e-25
1.583920e+02 3.641456e-25
1.587573e+02 3.639902e-25
1.591233e+02 3.638353e-25
1.594903e+02 3.636808e-25
1.598581e+02 3.635268e-25
1.602267e+02 3.633733e-25
1.605962e+02 3.632203e-25
1.609665e+02 3.630678e-25
1.613377e+02 3.629157e-25
1.617098e+02 3.627641e-25
1.620827e+02 3.626130e-25
1.624564e+02 3.624623e-25
1.628311e+02 3.623121e-25
1.632065e+02 3.621624e-25
1.635829e+02 3.620132e-25
1.639601e+02 3.618644e-25
1.643382e+02 3.617161e-25
1.647172e+02 3.615683e-25
1.650970e+02 3.614210e-25
1.654777e+02 3.612742e-25
1.658593e+02 3.611278e-25
1.662418e+02 3.609819e-25
1.666252e+02 3.608365e-25
1.670094e+02 3.606916e-25
1.673945e+02 3.605471e-25
1.677805e+02 3.604031e-25
1.681674e+02 3.602596e-25
1.685552e+02 3.601166e-25
1.689439e+02 3.599741e-25
1.693335e+02 3.598320e-25
1.697240e+02 3.596904e-25
1.701154e+02 3.595494e-25
1.705077e+02 3.594087e-25
1.709009e+02 3.592686e-25
1.712950e+02 3.591290e-25
1.716900e+02 3.589898e-25
1.720859e+02 3.588511e-25
1.724827e+02 3.587129e-25
1.728805e+02 3.585752e-25
1.732791e+02 3.584380e-25
1.736787e+02 3.583013e-25
1.740792e+02 3.581650e-25
1.744806e+02 3.580293e-25
1.748830e+02 3.578940e-25
1.752863e+02 3.577592e-25
1.756905e+02 3.576249e-25
1.760956e+02 3.574911e-25
1.765017e+02 3.573578e-25
1.769087e+02 3.572249e-25
1.773167e+02 3.570926e-25
1.777256e+02 3.569607e-25
1.781354e+02 3.568294e-25
1.785462e+02 3.566985e-25
1.789579e+02 3.565681e-25
1.793706e+02 3.564382e-25
1.797842e+02 3.563088e-25
1.801988e+02 3.561799e-25
1.806143e+02 3.560515e-25
1.810308e+02 3.559236e-25
1.814483e+02 3.557962e-25
1.818667e+02 3.556693e-25
1.822861e+02 3.555429e-25
1.827065e+02 3.554170e-25
1.831278e+02 3.552915e-25
1.835501e+02 3.551666e-25
1.839734e+02 3.550422e-25
1.843976e+02 3.549183e-25
1.848228e+02 3.547948e-25
1.852490e+02 3.546719e-25
1.856762e+02 3.545495e-25
1.861044e+02 3.544276e-25
1.865335e+02 3.543062e-25
1.869637e+02 3.541853e-25
1.873948e+02 3.540648e-25
1.878270e+02 3.539449e-25
1.882601e+02 3.538255e-25
1.886942e+02 3.537067e-25
1.891293e+02 3.535883e-25
1.895655e+02 3.534704e-25
1.900026e+02 3.533530e-25
1.904408e+02 3.532362e-25
1.908799e+02 3.531198e-25
1.913201e+02 3.530040e-25
1.917613e+02 3.528887e-25
1.922035e+02 3.527738e-25
1.926467e+02 3.526595e-25
1.930910e+02 3.525457e-25
1.935362e+02 3.524325e-25
1.939825e+02 3.523197e-25
1.944298e+02 3.522075e-25
1.948782e+02 3.520957e-25
1.953276e+02 3.519845e-25
1.957780e+02 3.518738e-25
1.962295e+02 3.517636e-25
1.966820e+02 3.516540e-25
1.971355e+02 3.515449e-25
1.975901e+02 3.514362e-25
1.980458e+02 3.513281e-25
1.985025e+02 3.512206e-25
1.989602e+02 3.511135e-25
1.994190e+02 3.510070e-25
1.998789e+02 3.509010e-25
2.003398e+02 3.507955e-25
2.008018e+02 3.506906e-25
2.012648e+02 3.505862e-25
2.017290e+02 3.504823e-25
2.021942e+02 3.503789e-25
2.026604e+02 3.502761e-25
2.031277e+02 3.501738e-25
2.035962e+02 3.500720e-25
2.040657e+02 3.499708e-25
2.045362e+02 3.498701e-25
2.050079e+02 3.497699e-25
2.054806e+02 3.496703e-25
2.059545e+02 3.495712e-25
2.064294e+02 3.494726e-25
2.069054e+02 3.493746e-25
2.073826e+02 3.492771e-25
2.078608e+02 3.491802e-25
2.083401e+02 3.490838e-25
2.088206e+02 3.489879e-25
2.093021e+02 3.488926e-25
2.097848e+02 3.487978e-25
2.102685e+02 3.487036e-25
2.107534e+02 3.486099e-25
2.112394e+02 3.485168e-25
2.117265e+02 3.484242e-25
2.122148e+02 3.483321e-25
2.127041e+02 3.482406e-25
2.131946e+02 3.481497e-25
2.136863e+02 3.480593e-25
2.141790e+02 3.479695e-25
2.146729e+02 3.478802e-25
2.151680e+02 3.477914e-25
2.156641e+02 3.477033e-25
2.161615e+02 3.476156e-25
2.166599e+02 3.475286e-25
2.171595e+02 3.474421e-25
2.176603e+02 3.473561e-25
2.181622e+02 3.472708e-25
2.186653e+02 3.471859e-25
2.191696e+02 3.471017e-25
2.196750e+02 3.470180e-25
2.201816e+02 3.469348e-25
2.206893e+02 3.468523e-25
2.211982e+02 3.467703e-25
2.217083e+02 3.466889e-25
2.222195e+02 3.466080e-25
2.227320e+02 3.465277e-25
2.232456e+02 3.464480e-25
2.237604e+02 3.463688e-25
2.242764e+02 3.462903e-25
2.247936e+02 3.462123e-25
2.253120e+02 3.461349e-25
2.258315e+02 3.460580e-25
2.263523e+02 3.459818e-25
2.268743e+02 3.459061e-25
2.273975e+02 3.458310e-25
2.279218e+02 3.457564e-25
2.284474e+02 3.456825e-25
2.289742e+02 3.456091e-25
2.295022e+02 3.455364e-25
2.300315e+02 3.454642e-25
2.305619e+02 3.453926e-25
2.310936e+02 3.453216e-25
2.316265e+02 3.452512e-25
2.321606e+02 3.451814e-25
2.326960e+02 3.451121e-25
2.332326e+02 3.450435e-25
2.337704e+02 3.449755e-25
2.343095e+02 3.449080e-25
2.348498e+02 3.448412e-25
2.353914e+02 3.447749e-25
2.359342e+02 3.447093e-25
2.364783e+02 3.446442e-25
2.370236e+02 3.445798e-25
2.375702e+02 3.445159e-25
2.381180e+02 3.444527e-25
2.386671e+02 3.443901e-25
2.392175e+02 3.443281e-25
2.397691e+02 3.442667e-25
2.403220e+02 3.442059e-25
2.408762e+02 3.441457e-25
2.414317e+02 3.440861e-25
2.419884e+02 3.440271e-25
2.425465e+02 3.439688e-25
2.431058e+02 3.439111e-25
2.436664e+02 3.438540e-25
2.442283e+02 3.437975e-25
2.447915e+02 3.437416e-25
2.453560e+02 3.436864e-25
2.459217e+02 3.436318e-25
2.464888e+02 3.435778e-25
2.470572e+02 3.435244e-25
2.476270e+02 3.434717e-25
2.481980e+02 3.434196e-25
2.487703e+02 3.433681e-25
2.493440e+02 3.433173e-25
2.499190e+02 3.432671e-25
2.504953e+02 3.432175e-25
2.510730e+02 3.431686e-25
2.516519e+02 3.431203e-25
2.522322e+02 3.430727e-25
2.528139e+02 3.430257e-25
2.533969e+02 3.429793e-25
2.539812e+02 3.429336e-25
2.545669e+02 3.428885e-25
2.551539e+02 3.428441e-25
2.557423e+02 3.428003e-25
2.563321e+02 3.427572e-25
2.569232e+02 3.427148e-25
2.575156e+02 3.426729e-25
2.581095e+02 3.426318e-25
2.587047e+02 3.425913e-25
2.593012e+02 3.425515e-25
2.598992e+02 3.425123e-25
2.604985e+02 3.424738e-25
2.610992e+02 3.424359e-25
2.617013e+02 3.423987e-25
2.623048e+02 3.423622e-25
2.629097e+02 3.423263e-25
2.635160e+02 3.422912e-25
2.641236e+02 3.422566e-25
2.647327e+02 3.422228e-25
2.653432e+02 3.421896e-25
2.659551e+02 3.421572e-25
2.665684e+02 3.421253e-25
2.671831e+02 3.420942e-25
2.677992e+02 3.420638e-25
2.684167e+02 3.420340e-25
2.690357e+02 3.420049e-25
2.696561e+02 3.419765e-25
2.702779e+02 3.419488e-25
2.709012e+02 3.419218e-25
2.715259e+02 3.418955e-25
2.721520e+02 3.418699e-25
2.727796e+02 3.418450e-25
2.734087e+02 3.418207e-25
2.740391e+02 3.417972e-25
2.746711e+02 3.417744e-25
2.753045e+02 3.417522e-25
2.759393e+02 3.417308e-25
2.765756e+02 3.417101e-25
2.772134e+02 3.416901e-25
2.778527e+02 3.416708e-25
2.784934e+02 3.416522e-25
2.791356e+02 3.416343e-25
2.797793e+02 3.416171e-25
2.804245e+02 3.416007e-25
2.810712e+02 3.415850e-25
2.817193e+02 3.415700e-25
2.823690e+02 3.415557e-25
2.830201e+02 3.415421e-25
2.836727e+02 3.415293e-25
2.843269e+02 3.415172e-25
2.849826e+02 3.415058e-25
2.856397e+02 3.414952e-25
2.862984e+02 3.414852e-25
2.869586e+02 3.414761e-25
2.876203e+02 3.414676e-25
2.882836e+02 3.414599e-25
2.889484e+02 3.414530e-25
2.896147e+02 3.414468e-25
2.902826e+02 3.414413e-25
2.909520e+02 3.414366e-25
2.916229e+02 3.414326e-25
2.922954e+02 3.414294e-25
2.929694e+02 3.414269e-25
2.936450e+02 3.414252e-25
2.943221e+02 3.414242e-25
2.950009e+02 3.414241e-25
2.956811e+02 3.414246e-25
2.963630e+02 3.414259e-25
2.970464e+02 3.414280e-25
2.977314e+02 3.414309e-25
2.984179e+02 3.414345e-25
2.991061e+02 3.414389e-25
2.997958e+02 3.414441e-25
3.004872e+02 3.414501e-25
3.011801e+02 3.414568e-25
3.018746e+02 3.414643e-25
3.025708e+02 3.414726e-25
3.032685e+02 3.414817e-25
3.039678e+02 3.414915e-25
3.046688e+02 3.415022e-25
3.053713e+02 3.415136e-25
3.060755e+02 3.415258e-25
3.067813e+02 3.415388e-25
3.074888e+02 3.415527e-25
3.081979e+02 3.415673e-25
3.089086e+02 3.415827e-25
3.096209e+02 3.415989e-25
3.103349e+02 3.416160e-25
3.110505e+02 3.416338e-25
3.117678e+02 3.416524e-25
3.124868e+02 3.416719e-25
3.132073e+02 3.416922e-25
3.139296e+02 3.417132e-25
3.146535e+02 3.417352e-25
3.153791e+02 3.417579e-25
3.161064e+02 3.417814e-25
3.168353e+02 3.418058e-25
3.175660e+02 3.418310e-25
3.182983e+02 3.418570e-25
3.190323e+02 3.418839e-25
3.197680e+02 3.419116e-25
3.205053e+02 3.419401e-25
3.212444e+02 3.419695e-25
3.219852e+02 3.419997e-25
3.227277e+02 3.420308e-25
3.234719e+02 3.420627e-25
3.242179e+02 3.420954e-25
3.249655e+02 3.421290e-25
3.257149e+02 3.421635e-25
3.264660e+02 3.421988e-25
3.272188e+02 3.422350e-25
3.279734e+02 3.422720e-25
3.287297e+02 3.423099e-25
3.294878e+02 3.423487e-25
3.302476e+02 3.423883e-25
3.310091e+02 3.424288e-25
3.317724e+02 3.424702e-25
3.325375e+02 3.425124e-25
3.333043e+02 3.425555e-25
3.340729e+02 3.425995e-25
3.348433e+02 3.426444e-25
3.356155e+02 3.426902e-25
3.363894e+02 3.427368e-25
3.371651e+02 3.427844e-25
3.379426e+02 3.428328e-25
3.387219e+02 3.428822e-25
3.395030e+02 3.429324e-25
3.402859e+02 3.429835e-25
3.410706e+02 3.430356e-25
3.418571e+02 3.430885e-25
3.426454e+02 3.431423e-25
3.434356e+02 3.431971e-25
3.442275e+02 3.432528e-25
3.450213e+02 3.433094e-25
3.458170e+02 3.433669e-25
3.466144e+02 3.434253e-25
3.474137e+02 3.434846e-25
3.482148e+02 3.435449e-25
3.490178e+02 3.436061e-25
3.498227e+02 3.436683e-25
3.506294e+02 3.437313e-25
3.514379e+02 3.437953e-25
3.522483e+02 3.438603e-25
3.530606e+02 3.439262e-25
3.538748e+02 3.439930e-25
3.546908e+02 3.440608e-25
3.555087e+02 3.441296e-25
3.563285e+02 3.441992e-25
3.571502e+02 3.442699e-25
3.579738e+02 3.443415e-25
3.587993e+02 3.444141e-25
3.596267e+02 3.444876e-25
3.604560e+02 3.445621e-25
3.612872e+02 3.446376e-25
3.621204e+02 3.447141e-25
3.629554e+02 3.447915e-25
3.637924e+02 3.448699e-25
3.646313e+02 3.449494e-25
3.654721e+02 3.450297e-25
3.663149e+02 3.451111e-25
3.671597e+02 3.451935e-25
3.680063e+02 3.452769e-25
3.688550e+02 3.453613e-25
3.697055e+02 3.454467e-25
3.705581e+02 3.455330e-25
3.714126e+02 3.456205e-25
3.722691e+02 3.457089e-25
3.731275e+02 3.457983e-25
3.739880e+02 3.458888e-25
3.748504e+02 3.459803e-25
3.757148e+02 3.460728e-25
3.765812e+02 3.461663e-25
3.774496e+02 3.462609e-25
3.783200e+02 3.463566e-25
3.791924e+02 3.464533e-25
3.800668e+02 3.465510e-25
3.809433e+02 3.466498e-25
3.818217e+02 3.467497e-25
3.827022e+02 3.468506e-25
3.835847e+02 3.469526e-25
3.844693e+02 3.470557e-25
3.853558e+02 3.471598e-25
3.862445e+02 3.472651e-25
3.871352e+02 3.473714e-25
3.880279e+02 3.474789e-25
3.889227e+02 3.475874e-25
3.898196e+02 3.476971e-25
3.907185e+02 3.478079e-25
3.916195e+02 3.479199e-25
3.925226e+02 3.480330e-25
3.934277e+02 3.481472e-25
3.943350e+02 3.482626e-25
3.952443e+02 3.483793e-25
3.961557e+02 3.484971e-25
3.970693e+02 3.486161e-25
3.979849e+02 3.487363e-25
3.989027e+02 3.488578e-25
3.998226e+02 3.489806e-25
4.007445e+02 3.491046e-25
4.016687e+02 3.492300e-25
4.025949e+02 3.493567e-25
4.035233e+02 3.494849e-25
4.044538e+02 3.496144e-25
4.053865e+02 3.497455e-25
4.063213e+02 3.498781e-25
4.072583e+02 3.500124e-25
4.081975e+02 3.501483e-25
4.091388e+02 3.502861e-25
4.100822e+02 3.504258e-25
4.110279e+02 3.505676e-25
4.119757e+02 3.507117e-25
4.129257e+02 3.508584e-25
4.138780e+02 3.510079e-25
4.148324e+02 3.511607e-25
4.157890e+02 3.513173e-25
4.167478e+02 3.514785e-25
4.177088e+02 3.516451e-25
4.186720e+02 3.518186e-25
4.196375e+02 3.520008e-25
4.206052e+02 3.521945e-25
4.215751e+02 3.524040e-25
4.225473e+02 3.526359e-25
4.235217e+02 3.529010e-25
4.244983e+02 3.532180e-25
4.254772e+02 3.536219e-25
4.264584e+02 3.541839e-25
4.274418e+02 3.550685e-25
4.284275e+02 3.567305e-25
4.294154e+02 3.608461e-25
4.304056e+02 3.781688e-25
4.313982e+02 8.879936e-25
4.323930e+02 4.055483e-25
4.333901e+02 3.646138e-25
4.343895e+02 3.584608e-25
4.353912e+02 3.565765e-25
4.363952e+02 3.558340e-25
4.374015e+02 3.555215e-25
4.384102e+02 3.554063e-25
4.394212e+02 3.553946e-25
4.404345e+02 3.554425e-25
4.414501e+02 3.555273e-25
4.424681e+02 3.556363e-25
4.434884e+02 3.557621e-25
4.445111e+02 3.558999e-25
4.455362e+02 3.560468e-25
4.465636e+02 3.562006e-25
4.475934e+02 3.563599e-25
4.486255e+02 3.565238e-25
4.496600e+02 3.566916e-25
4.506970e+02 3.568626e-25
4.517363e+02 3.570365e-25
4.527780e+02 3.572129e-25
4.538221e+02 3.573918e-25
4.548686e+02 3.575727e-25
4.559175e+02 3.577557e-25
4.569689e+02 3.579406e-25
4.580227e+02 3.581273e-25
4.590789e+02 3.583157e-25
4.601375e+02 3.585058e-25
4.611986e+02 3.586975e-25
4.622621e+02 3.588908e-25
4.633281e+02 3.590856e-25
4.643965e+02 3.592819e-25
4.654674e+02 3.594798e-25
4.665408e+02 3.596791e-25
4.676166e+02 3.598798e-25
4.686950e+02 3.600821e-25
4.697758e+02 3.602857e-25
4.708591e+02 3.604908e-25
4.719449e+02 3.606973e-25
4.730332e+02 3.609052e-25
4.741240e+02 3.611146e-25
4.752174e+02 3.613253e-25
4.763132e+02 3.615374e-25
4.774116e+02 3.617510e-25
4.785125e+02 3.619659e-25
4.796160e+02 3.621823e-25
4.807220e+02 3.624000e-25
4.818305e+02 3.626191e-25
4.829416e+02 3.628397e-25
4.840553e+02 3.630616e-25
4.851715e+02 3.632849e-25
4.862903e+02 3.635097e-25
4.874117e+02 3.637358e-25
4.885357e+02 3.639634e-25
4.896623e+02 3.641923e-25
4.907914e+02 3.644227e-25
4.919232e+02 3.646545e-25
4.930576e+02 3.648877e-25
4.941946e+02 3.651224e-25
4.953342e+02 3.653587e-25
4.964764e+02 3.655948e-25
4.976213e+02 3.658343e-25
4.987688e+02 3.660747e-25
4.999190e+02 3.663165e-25
5.010718e+02 3.665597e-25
5.022273e+02 3.668043e-25
5.033854e+02 3.670503e-25
5.045462e+02 3.672978e-25
5.057097e+02 3.675468e-25
5.068759e+02 3.677972e-25
5.080447e+02 3.680490e-25
5.092163e+02 3.683023e-25
5.103906e+02 3.685570e-25
5.115675e+02 3.688133e-25
5.127472e+02 3.690709e-25
5.139296e+02 3.693301e-25
5.151147e+02 3.695907e-25
5.163026e+02 3.698528e-25
5.174932e+02 3.701164e-25
5.186865e+02 3.703815e-25
5.198826e+02 3.706480e-25
5.210815e+02 3.709161e-25
5.222831e+02 3.711856e-25
5.234875e+02 3.714567e-25
5.246946e+02 3.717292e-25
5.259046e+02 3.720033e-25
5.271173e+02 3.722788e-25
5.283329e+02 3.725559e-25
5.295512e+02 3.728345e-25
5.307724e+02 3.731146e-25
5.319963e+02 3.733963e-25
5.332231e+02 3.736795e-25
5.344527e+02 3.739642e-25
5.356852e+02 3.742504e-25
5.369205e+02 3.745382e-25
5.381586e+02 3.748275e-25
5.393996e+02 3.751184e-25
5.406435e+02 3.754109e-25
5.418902e+02 3.757048e-25
5.431398e+02 3.760004e-25
5.443923e+02 3.762975e-25
5.456477e+02 3.765962e-25
5.469059e+02 3.768964e-25
5.481671e+02 3.771983e-25
5.494312e+02 3.775017e-25
5.506982e+02 3.778067e-25
5.519681e+02 3.781133e-25
5.532409e+02 3.784214e-25
5.545167e+02 3.787312e-25
5.557954e+02 3.790426e-25
5.570771e+02 3.793555e-25
5.583617e+02 3.796701e-25
5.596493e+02 3.799863e-25
5.609399e+02 3.803041e-25
5.622334e+02 3.806236e-25
5.635299e+02 3.809446e-25
5.648294e+02 3.812673e-25
5.661319e+02 3.815916e-25
5.674374e+02 3.819176e-25
5.687459e+02 3.822451e-25
5.700575e+02 3.825744e-25
5.713720e+02 3.829053e-25
5.726896e+02 3.832378e-25
5.740102e+02 3.835720e-25
5.753339e+02 3.839078e-25
5.766606e+02 3.842454e-25
5.779904e+02 3.845845e-25
5.793233e+02 3.849254e-25
5.806592e+02 3.852679e-25
5.819982e+02 3.856121e-25
5.833403e+02 3.859580e-25
5.846855e+02 3.863056e-25
5.860338e+02 3.866549e-25
5.873852e+02 3.870059e-25
5.887397e+02 3.873586e-25
5.900973e+02 3.877130e-25
5.914581e+02 3.880691e-25
5.928220e+02 3.884269e-25
5.941890e+02 3.887864e-25
5.955593e+02 3.891477e-25
5.969326e+02 3.895107e-25
5.983091e+02 3.898754e-25
5.996889e+02 3.902419e-25
6.010717e+02 3.906101e-25
6.024578e+02 3.909800e-25
6.038471e+02 3.913517e-25
6.052396e+02 3.917251e-25
6.066353e+02 3.921003e-25
6.080342e+02 3.924773e-25
6.094363e+02 3.928560e-25
6.108417e+02 3.932365e-25
6.122503e+02 3.936188e-25
6.136621e+02 3.940028e-25
6.150772e+02 3.943886e-25
6.164956e+02 3.947763e-25
6.179172e+02 3.951657e-25
6.193422e+02 3.955569e-25
6.207704e+02 3.959499e-25
6.222019e+02 3.963447e-25
6.236367e+02 3.967413e-25
6.250748e+02 3.971397e-25
6.265162e+02 3.975400e-25
6.279610e+02 3.979420e-25
6.294090e+02 3.983459e-25
6.308605e+02 3.987517e-25
6.323152e+02 3.991592e-25
6.337734e+02 3.995686e-25
6.352348e+02 3.999799e-25
6.366997e+02 4.003930e-25
6.381679e+02 4.008079e-25
6.396396e+02 4.012247e-25
6.411146e+02 4.016434e-25
6.425930e+02 4.020639e-25
6.440748e+02 4.024863e-25
6.455600e+02 4.029106e-25
6.470487e+02 4.033368e-25
6.485408e+02 4.037648e-25
6.500364e+02 4.041947e-25
6.515353e+02 4.046265e-25
6.530378e+02 4.050603e-25
6.545437e+02 4.054959e-25
6.560531e+02 4.059334e-25
6.575659e+02 4.063728e-25
6.590823e+02 4.068142e-25
6.606021e+02 4.072575e-25
6.621255e+02 4.077027e-25
6.636524e+02 4.081498e-25
6.651828e+02 4.085989e-25
6.667167e+02 4.090499e-25
6.682541e+02 4.095028e-25
6.697951e+02 4.099577e-25
6.713397e+02 4.104145e-25
6.728878e+02 4.108733e-25
6.744395e+02 4.113341e-25
6.759947e+02 4.117968e-25
6.775536e+02 4.122615e-25
6.791160e+02 4.127281e-25
6.806821e+02 4.131968e-25
6.822517e+02 4.136674e-25
6.838250e+02 4.141400e-25
6.854019e+02 4.146146e-25
6.869825e+02 4.150913e-25
6.885666e+02 4.155699e-25
6.901545e+02 4.160505e-25
6.917460e+02 4.165331e-25
6.933412e+02 4.170178e-25
6.949400e+02 4.175044e-25
6.965425e+02 4.179931e-25
6.981488e+02 4.184838e-25
6.997587e+02 4.189766e-25
7.013724e+02 4.194714e-25
7.029897e+02 4.199683e-25
7.046108e+02 4.204671e-25
7.062357e+02 4.209681e-25
7.078643e+02 4.214711e-25
7.094966e+02 4.219762e-25
7.111327e+02 4.224833e-25
7.127726e+02 4.229925e-25
7.144162e+02 4.235038e-25
7.160637e+02 4.240172e-25
7.177149e+02 4.245327e-25
7.193700e+02 4.250502e-25
7.210289e+02 4.255699e-25
7.226916e+02 4.260916e-25
7.243581e+02 4.266155e-25
7.260285e+02 4.271415e-25
7.277027e+02 4.276696e-25
7.293808e+02 4.281998e-25
7.310627e+02 4.287321e-25
7.327486e+02 4.292666e-25
7.344383e+02 4.298032e-25
7.361319e+02 4.303419e-25
7.378294e+02 4.308828e-25
7.395309e+02 4.314259e-25
7.412363e+02 4.319711e-25
7.429455e+02 4.325184e-25
7.446588e+02 4.330680e-25
7.463760e+02 4.336197e-25
7.480971e+02 4.341736e-25
7.498222e+02 4.347296e-25
7.515513e+02 4.352879e-25
7.532844e+02 4.358483e-25
7.550215e+02 4.364109e-25
7.567626e+02 4.369758e-25
7.585077e+02 4.375428e-25
7.602568e+02 4.381121e-25
7.620100e+02 4.386835e-25
7.637672e+02 4.392572e-25
7.655284e+02 4.398332e-25
7.672937e+02 4.404113e-25
7.690631e+02 4.409917e-25
7.708366e+02 4.415743e-25
7.726141e+02 4.421592e-25
7.743958e+02 4.427464e-25
7.761816e+02 4.433357e-25
7.779714e+02 4.439274e-25
7.797654e+02 4.445213e-25
7.815636e+02 4.451176e-25
7.833659e+02 4.457160e-25
7.851723e+02 4.463168e-25
7.869829e+02 4.469199e-25
7.887977e+02 4.475253e-25
7.906167e+02 4.481329e-25
7.924399e+02 4.487429e-25
7.942672e+02 4.493552e-25
7.960988e+02 4.499699e-25
7.979346e+02 4.505869e-25
7.997747e+02 4.512062e-25
8.016190e+02 4.518278e-25
8.034675e+02 4.524518e-25
8.053203e+02 4.530782e-25
8.071774e+02 4.537070e-25
8.090387e+02 4.543381e-25
8.109044e+02 4.549717e-25
8.127744e+02 4.556077e-25
8.146486e+02 4.562461e-25
8.165272e+02 4.568869e-25
8.184101e+02 4.575303e-25
8.202974e+02 4.581761e-25
8.221890e+02 4.588245e-25
8.240850e+02 4.594756e-25
8.259853e+02 4.601293e-25
8.278900e+02 4.607858e-25
8.297992e+02 4.614452e-25
8.317127e+02 4.621079e-25
8.336306e+02 4.627741e-25
8.355530e+02 4.634445e-25
8.374798e+02 4.641202e-25
8.394110e+02 4.648033e-25
8.413467e+02 4.654986e-25
8.432868e+02 4.662175e-25
8.452315e+02 4.669963e-25
8.471806e+02 4.680019e-25
8.491342e+02 4.711999e-25
8.510923e+02 4.891804e-25
8.530549e+02 4.704606e-25
8.550221e+02 4.704879e-25
8.569938e+02 4.710235e-25
8.589700e+02 4.716577e-25
8.609508e+02 4.723252e-25
8.629361e+02 4.730079e-25
8.649261e+02 4.736993e-25
8.669206e+02 4.743967e-25
8.689197e+02 4.750986e-25
8.709235e+02 4.758042e-25
8.729318e+02 4.765132e-25
8.749448e+02 4.772253e-25
8.769624e+02 4.779403e-25
8.789847e+02 4.786582e-25
8.810117e+02 4.793788e-25
8.830433e+02 4.801022e-25
8.850796e+02 4.808282e-25
8.871206e+02 4.815569e-25
8.891663e+02 4.822883e-25
8.912167e+02 4.830223e-25
8.932719e+02 4.837589e-25
8.953318e+02 4.844982e-25
8.973964e+02 4.852401e-25
8.994658e+02 4.859846e-25
9.015400e+02 4.867318e-25
9.036189e+02 4.874816e-25
9.057027e+02 4.882340e-25
9.077913e+02 4.889891e-25
9.098846e+02 4.897468e-25
9.119828e+02 4.905072e-25
9.140859e+02 4.912702e-25
9.161938e+02 4.920359e-25
9.183065e+02 4.928043e-25
9.204241e+02 4.935753e-25
9.225466e+02 4.943490e-25
9.246740e+02 4.951253e-25
9.268063e+02 4.959044e-25
9.289436e+02 4.966861e-25
9.310857e+02 4.974706e-25
9.332328e+02 4.982577e-25
9.353848e+02 4.990476e-25
9.375419e+02 4.998401e-25
9.397038e+02 5.006354e-25
9.418708e+02 5.014334e-25
9.440428e+02 5.022341e-25
9.462197e+02 5.030376e-25
9.484017e+02 5.038438e-25
9.505887e+02 5.046528e-25
9.527808e+02 5.054645e-25
9.549779e+02 5.062790e-25
9.571801e+02 5.070962e-25
9.593874e+02 5.079162e-25
9.615997e+02 5.087390e-25
9.638172e+02 5.095646e-25
9.660398e+02 5.103930e-25
9.682674e+02 5.112241e-25
9.705003e+02 5.120581e-25
9.727383e+02 5.128949e-25
9.749814e+02 5.137345e-25
9.772297e+02 5.145769e-25
9.794832e+02 5.154221e-25
9.817419e+02 5.162702e-25
9.840058e+02 5.171211e-25
9.862749e+02 5.179749e-25
9.885493e+02 5.188315e-25
9.908289e+02 5.196910e-25
9.931138e+02 5.205534e-25
9.954039e+02 5.214186e-25
9.976993e+02 5.222867e-25
