1.000000e+00 4.456561e-17
1.002306e+00 4.633447e-17
1.004617e+00 4.822452e-17
1.006934e+00 5.024345e-17
1.009256e+00 5.239952e-17
1.011583e+00 5.485165e-17
1.013916e+00 5.746851e-17
1.016254e+00 6.019770e-17
1.018598e+00 6.297553e-17
1.020947e+00 6.564834e-17
1.023301e+00 6.864845e-17
1.025661e+00 7.183307e-17
1.028026e+00 7.503024e-17
1.030396e+00 7.728870e-17
1.032773e+00 7.836481e-17
1.035154e+00 7.849514e-17
1.037541e+00 7.796011e-17
1.039934e+00 7.692547e-17
1.042332e+00 7.566587e-17
1.044735e+00 7.420969e-17
1.047145e+00 7.258555e-17
1.049559e+00 6.953977e-17
1.051980e+00 6.582339e-17
1.054406e+00 6.179736e-17
1.056837e+00 5.776714e-17
1.059274e+00 5.426547e-17
1.061717e+00 5.101977e-17
1.064165e+00 4.796111e-17
1.066619e+00 4.503387e-17
1.069079e+00 4.231146e-17
1.071544e+00 3.983257e-17
1.074015e+00 3.756769e-17
1.076492e+00 3.549120e-17
1.078974e+00 3.358199e-17
1.081462e+00 3.181417e-17
1.083956e+00 3.017869e-17
1.086456e+00 2.866712e-17
1.088961e+00 2.728545e-17
1.091472e+00 2.600011e-17
1.093989e+00 2.480301e-17
1.096512e+00 2.368678e-17
1.099040e+00 2.265576e-17
1.101575e+00 2.169104e-17
1.104115e+00 2.078739e-17
1.106661e+00 1.994006e-17
1.109213e+00 1.915199e-17
1.111771e+00 1.840944e-17
1.114335e+00 1.770924e-17
1.116904e+00 1.704838e-17
1.119480e+00 1.643028e-17
1.122062e+00 1.584526e-17
1.124649e+00 1.529087e-17
1.127242e+00 1.476490e-17
1.129842e+00 1.426938e-17
1.132447e+00 1.379850e-17
1.135059e+00 1.335063e-17
1.137676e+00 1.292426e-17
1.140300e+00 1.252076e-17
1.142929e+00 1.213565e-17
1.145565e+00 1.176833e-17
1.148207e+00 1.141871e-17
1.150854e+00 1.109102e-17
1.153508e+00 1.080551e-17
1.156168e+00 4.551406e-17
1.158834e+00 1.020946e-17
1.161507e+00 9.889836e-18
1.164185e+00 9.613318e-18
1.166870e+00 9.351958e-18
1.169560e+00 9.101878e-18
1.172257e+00 8.863036e-18
1.174961e+00 8.633377e-18
1.177670e+00 8.412340e-18
1.180386e+00 8.199451e-18
1.183108e+00 7.995293e-18
1.185836e+00 7.798268e-18
1.188571e+00 7.608105e-18
1.191312e+00 7.424547e-18
1.194059e+00 7.248157e-18
1.196812e+00 7.077634e-18
1.199572e+00 6.912713e-18
1.202338e+00 6.753142e-18
1.205111e+00 6.599495e-18
1.207890e+00 6.450745e-18
1.210675e+00 6.306679e-18
1.213467e+00 6.167095e-18
1.216265e+00 6.032362e-18
1.219070e+00 5.901724e-18
1.221881e+00 5.775028e-18
1.224699e+00 5.652122e-18
1.227523e+00 5.533332e-18
1.230354e+00 5.417975e-18
1.233191e+00 5.305936e-18
1.236035e+00 5.197107e-18
1.238885e+00 5.091792e-18
1.241742e+00 4.989421e-18
1.244605e+00 4.889889e-18
1.247475e+00 4.793093e-18
1.250352e+00 4.699290e-18
1.253235e+00 4.608019e-18
1.256125e+00 4.519199e-18
1.259022e+00 4.432750e-18
1.261925e+00 4.348912e-18
1.264835e+00 4.267259e-18
1.267752e+00 4.187721e-18
1.270676e+00 4.110231e-18
1.273606e+00 4.035012e-18
1.276543e+00 3.961708e-18
1.279486e+00 3.890260e-18
1.282437e+00 3.820610e-18
1.285394e+00 3.752911e-18
1.288358e+00 3.686772e-18
1.291329e+00 3.622086e-18
1.294307e+00 3.558859e-18
1.297292e+00 3.497511e-18
1.300283e+00 3.437565e-18
1.303282e+00 3.378907e-18
1.306287e+00 3.321429e-18
1.309300e+00 3.265033e-18
1.312319e+00 3.209553e-18
1.315345e+00 3.154980e-18
1.318378e+00 3.101302e-18
1.321418e+00 3.048613e-18
1.324466e+00 2.996796e-18
1.327520e+00 2.945781e-18
1.330581e+00 2.895489e-18
1.333649e+00 2.845901e-18
1.336725e+00 2.796900e-18
1.339807e+00 2.748416e-18
1.342897e+00 2.701020e-18
1.345994e+00 2.654736e-18
1.349098e+00 2.608965e-18
1.352209e+00 2.563629e-18
1.355327e+00 2.518644e-18
1.358452e+00 2.474035e-18
1.361585e+00 2.429585e-18
1.364725e+00 2.385193e-18
1.367872e+00 2.340749e-18
1.371026e+00 2.296229e-18
1.374188e+00 2.251404e-18
1.377356e+00 2.206143e-18
1.380533e+00 2.160315e-18
1.383716e+00 2.113865e-18
1.386907e+00 2.066569e-18
1.390105e+00 2.018292e-18
1.393311e+00 1.971724e-18
1.396524e+00 1.924753e-18
1.399744e+00 1.877027e-18
1.402972e+00 1.828489e-18
1.406207e+00 1.779095e-18
1.409450e+00 1.728866e-18
1.412700e+00 1.677738e-18
1.415958e+00 1.625721e-18
1.419223e+00 1.572853e-18
1.422496e+00 1.519231e-18
1.425776e+00 1.464902e-18
1.429064e+00 1.409984e-18
1.432359e+00 1.354614e-18
1.435662e+00 1.298981e-18
1.438973e+00 1.243238e-18
1.442291e+00 1.188447e-18
1.445617e+00 1.137173e-18
1.448951e+00 1.086447e-18
1.452292e+00 1.036400e-18
1.455641e+00 9.871800e-19
1.458998e+00 9.389280e-19
1.462362e+00 8.917850e-19
1.465735e+00 8.458587e-19
1.469115e+00 8.012543e-19
1.472502e+00 7.580623e-19
1.475898e+00 7.163628e-19
1.479301e+00 6.762084e-19
1.482713e+00 6.376428e-19
1.486132e+00 6.006941e-19
1.489559e+00 5.653790e-19
1.492994e+00 5.316950e-19
1.496437e+00 5.006113e-19
1.499888e+00 4.719579e-19
1.503346e+00 4.446968e-19
1.506813e+00 4.187933e-19
1.510288e+00 3.942108e-19
1.513770e+00 3.709089e-19
1.517261e+00 3.488455e-19
1.520760e+00 3.279741e-19
1.524267e+00 3.082481e-19
1.527782e+00 2.896200e-19
1.531305e+00 2.720423e-19
1.534836e+00 2.554666e-19
1.538375e+00 2.398457e-19
1.541923e+00 2.251330e-19
1.545479e+00 2.112830e-19
1.549043e+00 1.982509e-19
1.552615e+00 1.864708e-19
1.556195e+00 1.754860e-19
1.559784e+00 1.651298e-19
1.563380e+00 1.553686e-19
1.566986e+00 1.461708e-19
1.570599e+00 1.375058e-19
1.574221e+00 1.293444e-19
1.577851e+00 1.216589e-19
1.581490e+00 1.144228e-19
1.585137e+00 1.076109e-19
1.588792e+00 1.011993e-19
1.592456e+00 9.516510e-20
1.596128e+00 8.948688e-20
1.599809e+00 8.414419e-20
1.603498e+00 7.911780e-20
1.607195e+00 7.440507e-20
1.610902e+00 7.013634e-20
1.614616e+00 6.611096e-20
1.618340e+00 6.231529e-20
1.622072e+00 5.873642e-20
1.625812e+00 5.536212e-20
1.629561e+00 5.218084e-20
1.633319e+00 4.918168e-20
1.637085e+00 4.635431e-20
1.640861e+00 4.368898e-20
1.644644e+00 4.117648e-20
1.648437e+00 3.880813e-20
1.652238e+00 3.657570e-20
1.656048e+00 3.447146e-20
1.659867e+00 3.248808e-20
1.663695e+00 3.061866e-20
1.667531e+00 2.887895e-20
1.671377e+00 2.727337e-20
1.675231e+00 2.575695e-20
1.679094e+00 2.432475e-20
1.682966e+00 2.297210e-20
1.686847e+00 2.169485e-20
1.690737e+00 2.048862e-20
1.694636e+00 1.934947e-20
1.698544e+00 1.827368e-20
1.702460e+00 1.725773e-20
1.706386e+00 1.629830e-20
1.710321e+00 1.539226e-20
1.714265e+00 1.453665e-20
1.718218e+00 1.372866e-20
1.722181e+00 1.296567e-20
1.726152e+00 1.224516e-20
1.730132e+00 1.157788e-20
1.734122e+00 1.095339e-20
1.738121e+00 1.036269e-20
1.742129e+00 9.803944e-21
1.746147e+00 9.275436e-21
1.750173e+00 8.775533e-21
1.754209e+00 8.302702e-21
1.758254e+00 7.855476e-21
1.762309e+00 7.432475e-21
1.766373e+00 7.032393e-21
1.770446e+00 6.654004e-21
1.774529e+00 6.296133e-21
1.778621e+00 5.957672e-21
1.782722e+00 5.637577e-21
1.786833e+00 5.334867e-21
1.790954e+00 5.048601e-21
1.795084e+00 4.784377e-21
1.799223e+00 4.534488e-21
1.803372e+00 4.297860e-21
1.807531e+00 4.073791e-21
1.811699e+00 3.861621e-21
1.815877e+00 3.660726e-21
1.820064e+00 3.470528e-21
1.824261e+00 3.290459e-21
1.828468e+00 3.119986e-21
1.832684e+00 2.958609e-21
1.836911e+00 2.805866e-21
1.841147e+00 2.661296e-21
1.845392e+00 2.524471e-21
1.849648e+00 2.394985e-21
1.853913e+00 2.271234e-21
1.858188e+00 2.154481e-21
1.862473e+00 2.045637e-21
1.866768e+00 1.942388e-21
1.871073e+00 1.845955e-21
1.875388e+00 1.754626e-21
1.879712e+00 1.668141e-21
1.884047e+00 1.586258e-21
1.888391e+00 1.508760e-21
1.892746e+00 1.435407e-21
1.897111e+00 1.365989e-21
1.901486e+00 1.300316e-21
1.905870e+00 1.238208e-21
1.910265e+00 1.179470e-21
1.914670e+00 1.123930e-21
1.919086e+00 1.071444e-21
1.923511e+00 1.021856e-21
1.927947e+00 9.754819e-22
1.932393e+00 9.320497e-22
1.936849e+00 8.910165e-22
1.941315e+00 8.522471e-22
1.945792e+00 8.156216e-22
1.950279e+00 7.810346e-22
1.954776e+00 7.484161e-22
1.959284e+00 7.176358e-22
1.963802e+00 6.886000e-22
1.968331e+00 6.624255e-22
1.972870e+00 6.400868e-22
1.977419e+00 6.195127e-22
1.981979e+00 6.006271e-22
1.986549e+00 5.805798e-22
1.991130e+00 5.606644e-22
1.995722e+00 5.419391e-22
2.000324e+00 5.245880e-22
2.004937e+00 5.086228e-22
2.009560e+00 4.935831e-22
2.014194e+00 4.794159e-22
2.018839e+00 4.660956e-22
2.023495e+00 4.535787e-22
2.028161e+00 4.417900e-22
2.032838e+00 4.306847e-22
2.037525e+00 4.202706e-22
2.042224e+00 4.104640e-22
2.046933e+00 4.012199e-22
2.051654e+00 3.925213e-22
2.056385e+00 3.843511e-22
2.061127e+00 3.766388e-22
2.065880e+00 3.693525e-22
2.070644e+00 3.717050e-22
2.075419e+00 3.766618e-22
2.080205e+00 3.822836e-22
2.085001e+00 3.786029e-22
2.089810e+00 3.566057e-22
2.094629e+00 3.347516e-22
2.099459e+00 3.130459e-22
2.104300e+00 3.023640e-22
2.109153e+00 2.932040e-22
2.114016e+00 2.841849e-22
2.118891e+00 2.775414e-22
2.123778e+00 2.737398e-22
2.128675e+00 2.701049e-22
2.133584e+00 2.666259e-22
2.138504e+00 2.633346e-22
2.143435e+00 2.601736e-22
2.148378e+00 2.571402e-22
2.153332e+00 2.542588e-22
2.158298e+00 2.514911e-22
2.163275e+00 2.488131e-22
2.168263e+00 2.462324e-22
2.173263e+00 2.437594e-22
2.178275e+00 2.413556e-22
2.183298e+00 2.390151e-22
2.188333e+00 2.324638e-22
2.193379e+00 2.259115e-22
2.198437e+00 2.193852e-22
2.203507e+00 2.160130e-22
2.208588e+00 2.140775e-22
2.213681e+00 2.121814e-22
2.218786e+00 2.103382e-22
2.223902e+00 2.085517e-22
2.229031e+00 2.067982e-22
2.234171e+00 2.100013e-22
2.239323e+00 2.387890e-22
2.244487e+00 2.678861e-22
2.249663e+00 2.972208e-22
2.254850e+00 2.971072e-22
2.260050e+00 2.949427e-22
2.265262e+00 2.927853e-22
2.270485e+00 2.659782e-22
2.275721e+00 2.300959e-22
2.280969e+00 1.942650e-22
2.286229e+00 1.774516e-22
2.291501e+00 1.761231e-22
2.296785e+00 1.748031e-22
2.302082e+00 1.735037e-22
2.307390e+00 1.722314e-22
2.312711e+00 1.709662e-22
2.318044e+00 1.697144e-22
2.323390e+00 1.684913e-22
2.328747e+00 1.672720e-22
2.334117e+00 1.655663e-22
2.339500e+00 1.609909e-22
2.344895e+00 1.564112e-22
2.350302e+00 1.520233e-22
2.355722e+00 1.509484e-22
2.361154e+00 1.498755e-22
2.366599e+00 1.488041e-22
2.372057e+00 1.477615e-22
2.377527e+00 1.467203e-22
2.383009e+00 1.456798e-22
2.388504e+00 1.446653e-22
2.394012e+00 1.436528e-22
2.399533e+00 1.426407e-22
2.405066e+00 1.389132e-22
2.410612e+00 1.349303e-22
2.416171e+00 1.309427e-22
2.421743e+00 1.297672e-22
2.427327e+00 1.288664e-22
2.432925e+00 1.279652e-22
2.438535e+00 1.270850e-22
2.444159e+00 1.262058e-22
2.449795e+00 1.253259e-22
2.455444e+00 1.272314e-22
2.461106e+00 1.292503e-22
2.466782e+00 1.312184e-22
2.472470e+00 1.303218e-22
2.478172e+00 1.294240e-22
2.483886e+00 1.285272e-22
2.489614e+00 1.276498e-22
2.495355e+00 1.267712e-22
2.501110e+00 1.258956e-22
2.506877e+00 1.250366e-22
2.512658e+00 1.241762e-22
2.518452e+00 1.233211e-22
2.524260e+00 1.224797e-22
2.530081e+00 1.216368e-22
2.535915e+00 1.208019e-22
2.541763e+00 1.199773e-22
2.547624e+00 1.191513e-22
2.553499e+00 1.183360e-22
2.559388e+00 1.175277e-22
2.565289e+00 1.167179e-22
2.571205e+00 1.159220e-22
2.577134e+00 1.151294e-22
2.583077e+00 1.143352e-22
2.589034e+00 1.135583e-22
2.595004e+00 1.127808e-22
2.600988e+00 1.115840e-22
2.606986e+00 1.082689e-22
2.612998e+00 1.049492e-22
2.619023e+00 1.026522e-22
2.625063e+00 1.019539e-22
2.631116e+00 1.012542e-22
2.637184e+00 1.005639e-22
2.643265e+00 9.987845e-23
2.649360e+00 9.919166e-23
2.655470e+00 9.851831e-23
2.661593e+00 9.784538e-23
2.667731e+00 9.717391e-23
2.673883e+00 9.651443e-23
2.680049e+00 9.585366e-23
2.686229e+00 9.519892e-23
2.692424e+00 9.455124e-23
2.698632e+00 9.390229e-23
2.704855e+00 9.326398e-23
2.711093e+00 9.262778e-23
2.717345e+00 9.199193e-23
2.723611e+00 9.136813e-23
2.729891e+00 9.074309e-23
2.736187e+00 8.915059e-23
2.742496e+00 8.638846e-23
2.748821e+00 8.362326e-23
2.755159e+00 8.265048e-23
2.761513e+00 8.208734e-23
2.767881e+00 8.152556e-23
2.774264e+00 8.097312e-23
2.780661e+00 8.041960e-23
2.787073e+00 7.987235e-23
2.793500e+00 7.932927e-23
2.799942e+00 7.878514e-23
2.806399e+00 7.636664e-23
2.812870e+00 7.392890e-23
2.819357e+00 7.229775e-23
2.825858e+00 7.180767e-23
2.832375e+00 7.131667e-23
2.838906e+00 7.083401e-23
2.845453e+00 7.035204e-23
2.852014e+00 6.987241e-23
2.858591e+00 6.939925e-23
2.865183e+00 6.892518e-23
2.871790e+00 6.715150e-23
2.878413e+00 6.499993e-23
2.885050e+00 6.372200e-23
2.891703e+00 6.495739e-23
2.898372e+00 6.619864e-23
2.905055e+00 6.616268e-23
2.911754e+00 6.571292e-23
2.918469e+00 6.526489e-23
2.925199e+00 6.482310e-23
2.931944e+00 6.438048e-23
2.938705e+00 6.394453e-23
2.945482e+00 6.350971e-23
2.952274e+00 6.307715e-23
2.959082e+00 6.264994e-23
2.965906e+00 6.222192e-23
2.972745e+00 6.180112e-23
2.979601e+00 6.138054e-23
2.986472e+00 6.096319e-23
2.993358e+00 6.054987e-23
3.000261e+00 6.007800e-23
3.007180e+00 5.813430e-23
3.014114e+00 5.618967e-23
3.021065e+00 5.523845e-23
3.028031e+00 5.486407e-23
3.035014e+00 5.449085e-23
3.042013e+00 5.412278e-23
3.049028e+00 5.375405e-23
3.056059e+00 5.339110e-23
3.063106e+00 5.302854e-23
3.070170e+00 5.266895e-23
3.077250e+00 5.231242e-23
3.084346e+00 5.216258e-23
3.091458e+00 5.326304e-23
3.098587e+00 5.436907e-23
3.105733e+00 7.170095e-23
3.112894e+00 9.332794e-23
3.120073e+00 1.044381e-22
3.127268e+00 1.037227e-22
3.134479e+00 9.935059e-23
3.141707e+00 7.565353e-23
3.148952e+00 5.217306e-23
3.156214e+00 4.743529e-23
3.163492e+00 4.581375e-23
3.170787e+00 4.493647e-23
3.178099e+00 4.463277e-23
3.185427e+00 4.433022e-23
3.192773e+00 4.403134e-23
3.200136e+00 4.371067e-23
3.207515e+00 4.225589e-23
3.214912e+00 4.080169e-23
3.222325e+00 4.025019e-23
3.229756e+00 3.997839e-23
3.237204e+00 4.029602e-23
3.244669e+00 4.116348e-23
3.252151e+00 4.138120e-23
3.259651e+00 3.997587e-23
3.267167e+00 3.864754e-23
3.274702e+00 3.838809e-23
3.282253e+00 3.812821e-23
3.289822e+00 3.787202e-23
3.297408e+00 3.761609e-23
3.305012e+00 3.736284e-23
3.312634e+00 3.711077e-23
3.320272e+00 3.686046e-23
3.327929e+00 3.661218e-23
3.335603e+00 3.636482e-23
3.343295e+00 3.612024e-23
3.351005e+00 3.574829e-23
3.358732e+00 3.452864e-23
3.366478e+00 3.331035e-23
3.374241e+00 3.306342e-23
3.382022e+00 3.284041e-23
3.389821e+00 3.262033e-23
3.397638e+00 3.240057e-23
3.405473e+00 3.218317e-23
3.413326e+00 3.196660e-23
3.421197e+00 3.175187e-23
3.429086e+00 3.153842e-23
3.436994e+00 3.132636e-23
3.444919e+00 3.111596e-23
3.452863e+00 3.090656e-23
3.460826e+00 3.069916e-23
3.468806e+00 3.049240e-23
3.476805e+00 3.028793e-23
3.484823e+00 3.008381e-23
3.492859e+00 2.988222e-23
3.500914e+00 2.958685e-23
3.508987e+00 2.856078e-23
3.517078e+00 2.757932e-23
3.525189e+00 2.739528e-23
3.533318e+00 2.721100e-23
3.541466e+00 2.702949e-23
3.549633e+00 2.684774e-23
3.557818e+00 2.666859e-23
3.566022e+00 2.648932e-23
3.574246e+00 2.631251e-23
3.582488e+00 2.613569e-23
3.590749e+00 2.596121e-23
3.599029e+00 2.578678e-23
3.607329e+00 2.561460e-23
3.615647e+00 2.544253e-23
3.623985e+00 2.464562e-23
3.632342e+00 2.376380e-23
3.640718e+00 2.352086e-23
3.649114e+00 2.336341e-23
3.657529e+00 2.320796e-23
3.665963e+00 2.305258e-23
3.674417e+00 2.289923e-23
3.682890e+00 2.274589e-23
3.691383e+00 2.199341e-23
3.699895e+00 2.121054e-23
3.708427e+00 2.106222e-23
3.716979e+00 2.092173e-23
3.725550e+00 2.078312e-23
3.734141e+00 2.064455e-23
3.742752e+00 2.050771e-23
3.751383e+00 2.028080e-23
3.760034e+00 1.958358e-23
3.768704e+00 1.902266e-23
3.777395e+00 1.889694e-23
3.786106e+00 1.877169e-23
3.794836e+00 1.864756e-23
3.803587e+00 1.852404e-23
3.812358e+00 1.840145e-23
3.821150e+00 1.827965e-23
3.829961e+00 1.815858e-23
3.838793e+00 1.803847e-23
3.847646e+00 1.791890e-23
3.856518e+00 1.744081e-23
3.865411e+00 1.683590e-23
3.874325e+00 1.665640e-23
3.883259e+00 1.654629e-23
3.892214e+00 1.643758e-23
3.901190e+00 1.627098e-23
3.910186e+00 1.572727e-23
3.919203e+00 1.531038e-23
3.928240e+00 1.521006e-23
3.937299e+00 1.511026e-23
3.946378e+00 1.501114e-23
3.955479e+00 1.491273e-23
3.964600e+00 1.481479e-23
3.973743e+00 1.471776e-23
3.982906e+00 1.462098e-23
3.992091e+00 1.452531e-23
4.001296e+00 1.442983e-23
4.010524e+00 1.433534e-23
4.019772e+00 1.424121e-23
4.029041e+00 1.414782e-23
4.038332e+00 1.405502e-23
4.047645e+00 1.396272e-23
4.056979e+00 1.387123e-23
4.066334e+00 1.377999e-23
4.075711e+00 1.368980e-23
4.085110e+00 1.359982e-23
4.094530e+00 1.351069e-23
4.103972e+00 1.342200e-23
4.113436e+00 1.333389e-23
4.122922e+00 1.324645e-23
4.132429e+00 1.315935e-23
4.141958e+00 1.307316e-23
4.151510e+00 1.298720e-23
4.161083e+00 1.290208e-23
4.170679e+00 1.281736e-23
4.180296e+00 1.273319e-23
4.189936e+00 1.264968e-23
4.199598e+00 1.256645e-23
4.209282e+00 1.215696e-23
4.218989e+00 1.189829e-23
4.228718e+00 1.215768e-23
4.238470e+00 1.206273e-23
4.248244e+00 1.164861e-23
4.258040e+00 1.151278e-23
4.267859e+00 1.143742e-23
4.277701e+00 1.136278e-23
4.287565e+00 1.128850e-23
4.297452e+00 1.121468e-23
4.307362e+00 1.092118e-23
4.317295e+00 1.057351e-23
4.327251e+00 1.050486e-23
4.337230e+00 1.043651e-23
4.347231e+00 1.036861e-23
4.357256e+00 1.030123e-23
4.367304e+00 1.023410e-23
4.377375e+00 1.016763e-23
4.387469e+00 1.010146e-23
4.397587e+00 1.003570e-23
4.407728e+00 9.970463e-24
4.417892e+00 9.905483e-24
4.428079e+00 9.841098e-24
4.438291e+00 9.777044e-24
4.448525e+00 9.713339e-24
4.458784e+00 9.435695e-24
4.469066e+00 9.183653e-24
4.479371e+00 9.124206e-24
4.489701e+00 9.065135e-24
4.500054e+00 9.006314e-24
4.510431e+00 8.948074e-24
4.520832e+00 8.890083e-24
4.531257e+00 8.832450e-24
4.541707e+00 8.775278e-24
4.552180e+00 8.718354e-24
4.562677e+00 8.661880e-24
4.573199e+00 8.605760e-24
4.583745e+00 8.558859e-24
4.594315e+00 8.736118e-24
4.604909e+00 8.923408e-24
4.615528e+00 9.121717e-24
4.626172e+00 8.862817e-24
4.636840e+00 8.559667e-24
4.647532e+00 8.275263e-24
4.658249e+00 8.169332e-24
4.668991e+00 8.116285e-24
4.679758e+00 8.063642e-24
4.690550e+00 8.011344e-24
4.701366e+00 7.959292e-24
4.712208e+00 7.907675e-24
4.723074e+00 7.738024e-24
4.733965e+00 7.500500e-24
4.744882e+00 7.452115e-24
4.755824e+00 7.403987e-24
4.766791e+00 7.356093e-24
4.777783e+00 7.308632e-24
4.788800e+00 7.261408e-24
4.799843e+00 7.214422e-24
4.810912e+00 7.167857e-24
4.822006e+00 7.121521e-24
4.833126e+00 7.075425e-24
4.844271e+00 7.029736e-24
4.855442e+00 6.984276e-24
4.866638e+00 6.939046e-24
4.877861e+00 6.725691e-24
4.889109e+00 6.601052e-24
4.900384e+00 6.564056e-24
4.911684e+00 6.686685e-24
4.923010e+00 6.717497e-24
4.934363e+00 6.673966e-24
4.945741e+00 6.630787e-24
4.957146e+00 6.587860e-24
4.968578e+00 6.605882e-24
4.980035e+00 6.936444e-24
4.991519e+00 7.496360e-24
5.003030e+00 7.789532e-24
5.014567e+00 7.034961e-24
5.026130e+00 6.706888e-24
5.037721e+00 6.544293e-24
5.049338e+00 6.501572e-24
5.060981e+00 6.459203e-24
5.072652e+00 6.417056e-24
5.084350e+00 6.375131e-24
5.096074e+00 6.333538e-24
5.107826e+00 6.292193e-24
5.119605e+00 6.296232e-24
5.131410e+00 6.439063e-24
5.143243e+00 6.273757e-24
5.155104e+00 6.129303e-24
5.166991e+00 6.084672e-24
5.178907e+00 5.881625e-24
5.190849e+00 5.783442e-24
5.202819e+00 5.782994e-24
5.214817e+00 5.906022e-24
5.226842e+00 5.892475e-24
5.238896e+00 5.933467e-24
5.250977e+00 6.041827e-24
5.263085e+00 5.828407e-24
5.275222e+00 5.739405e-24
5.287387e+00 5.701709e-24
5.299580e+00 5.664227e-24
5.311800e+00 5.627039e-24
5.324049e+00 5.690495e-24
5.336327e+00 5.781261e-24
5.348632e+00 5.742948e-24
5.360966e+00 5.704910e-24
5.373329e+00 5.667076e-24
5.385720e+00 5.629446e-24
5.398139e+00 5.592060e-24
5.410587e+00 5.554929e-24
5.423064e+00 5.434865e-24
5.435570e+00 5.295186e-24
5.448104e+00 5.420100e-24
5.460668e+00 5.408529e-24
5.473260e+00 5.289456e-24
5.485881e+00 5.160142e-24
5.498532e+00 5.282476e-24
5.511212e+00 5.265619e-24
5.523920e+00 5.141965e-24
5.536659e+00 5.076196e-24
5.549426e+00 5.365380e-24
5.562223e+00 5.184045e-24
5.575050e+00 4.992810e-24
5.587906e+00 4.862938e-24
5.600792e+00 4.830563e-24
5.613707e+00 4.798424e-24
5.626652e+00 4.766483e-24
5.639627e+00 4.734728e-24
5.652632e+00 4.732116e-24
5.665668e+00 4.845851e-24
5.678733e+00 4.970237e-24
5.691828e+00 4.992859e-24
5.704953e+00 4.958936e-24
5.718109e+00 4.943632e-24
5.731295e+00 5.079975e-24
5.744511e+00 4.797066e-24
5.757758e+00 4.551213e-24
5.771036e+00 4.428150e-24
5.784344e+00 4.398579e-24
5.797682e+00 4.369234e-24
5.811052e+00 4.340097e-24
5.824452e+00 4.311153e-24
5.837883e+00 4.241043e-24
5.851346e+00 4.104316e-24
5.864839e+00 4.077236e-24
5.878363e+00 4.050362e-24
5.891919e+00 4.023678e-24
5.905506e+00 3.997184e-24
5.919124e+00 3.970883e-24
5.932773e+00 3.944780e-24
5.946454e+00 3.918898e-24
5.960167e+00 3.893209e-24
5.973911e+00 3.867714e-24
5.987687e+00 3.842413e-24
6.001495e+00 3.829270e-24
6.015334e+00 3.916553e-24
6.029206e+00 3.800750e-24
6.043109e+00 3.743234e-24
6.057044e+00 3.718938e-24
6.071012e+00 3.694838e-24
6.085012e+00 3.670934e-24
6.099044e+00 3.647233e-24
6.113108e+00 3.623743e-24
6.127205e+00 3.600446e-24
6.141335e+00 3.701498e-24
6.155496e+00 4.037486e-24
6.169691e+00 4.603510e-24
6.183918e+00 5.106363e-24
6.198179e+00 4.321189e-24
6.212472e+00 4.067862e-24
6.226798e+00 3.811634e-24
6.241157e+00 3.736553e-24
6.255549e+00 3.656353e-24
6.269974e+00 3.357104e-24
6.284433e+00 3.252637e-24
6.298925e+00 3.232490e-24
6.313450e+00 3.212524e-24
6.328009e+00 3.261419e-24
6.342601e+00 3.217674e-24
6.357228e+00 3.153652e-24
6.371887e+00 3.134365e-24
6.386581e+00 3.115244e-24
6.401308e+00 3.096289e-24
6.416070e+00 3.077501e-24
6.430865e+00 3.058882e-24
6.445695e+00 3.040424e-24
6.460559e+00 3.022125e-24
6.475457e+00 3.003983e-24
6.490389e+00 2.985996e-24
6.505356e+00 2.968164e-24
6.520358e+00 2.950485e-24
6.535394e+00 2.932957e-24
6.550464e+00 2.915579e-24
6.565570e+00 2.898356e-24
6.580710e+00 2.881282e-24
6.595885e+00 2.864353e-24
6.611095e+00 2.847567e-24
6.626341e+00 2.830924e-24
6.641621e+00 2.814422e-24
6.656937e+00 2.832895e-24
6.672288e+00 2.837480e-24
6.687674e+00 2.765745e-24
6.703096e+00 2.735817e-24
6.718553e+00 2.660030e-24
6.734046e+00 2.644954e-24
6.749575e+00 2.630006e-24
6.765140e+00 2.615186e-24
6.780740e+00 2.600489e-24
6.796376e+00 2.585915e-24
6.812049e+00 2.571461e-24
6.827758e+00 2.557127e-24
6.843502e+00 2.542912e-24
6.859284e+00 2.528813e-24
6.875101e+00 2.514829e-24
6.890955e+00 2.500960e-24
6.906846e+00 2.487204e-24
6.922773e+00 2.473560e-24
6.938737e+00 2.460026e-24
6.954738e+00 2.429825e-24
6.970775e+00 2.389310e-24
6.986850e+00 2.420074e-24
7.002962e+00 2.406969e-24
7.019111e+00 2.393967e-24
7.035297e+00 2.381068e-24
7.051520e+00 2.368271e-24
7.067781e+00 2.363889e-24
7.084080e+00 2.506134e-24
7.100415e+00 3.307531e-24
7.116789e+00 3.024103e-24
7.133200e+00 3.423722e-24
7.149650e+00 3.566917e-24
7.166137e+00 2.436869e-24
7.182662e+00 2.274163e-24
7.199225e+00 2.257446e-24
7.215827e+00 2.245592e-24
7.232466e+00 2.233825e-24
7.249145e+00 2.222145e-24
7.265861e+00 2.163278e-24
7.282616e+00 2.149833e-24
7.299410e+00 2.185835e-24
7.316243e+00 2.176261e-24
7.333114e+00 2.164994e-24
7.350024e+00 2.153806e-24
7.366973e+00 2.142697e-24
7.383962e+00 2.129880e-24
7.400989e+00 2.074427e-24
7.418056e+00 2.067674e-24
7.435162e+00 2.099022e-24
7.452307e+00 2.095105e-24
7.469493e+00 2.119051e-24
7.486717e+00 2.067037e-24
7.503982e+00 2.045907e-24
7.521286e+00 2.002551e-24
7.538630e+00 1.992552e-24
7.556014e+00 1.982618e-24
7.573438e+00 1.972749e-24
7.590903e+00 1.962943e-24
7.608407e+00 1.953200e-24
7.625953e+00 1.943519e-24
7.643538e+00 1.933901e-24
7.661164e+00 1.980964e-24
7.678831e+00 2.000043e-24
7.696538e+00 1.922416e-24
7.714287e+00 1.865831e-24
7.732076e+00 1.851886e-24
7.749906e+00 1.842941e-24
7.767777e+00 1.836269e-24
7.785690e+00 1.859129e-24
7.803644e+00 1.850052e-24
7.821639e+00 1.841033e-24
7.839676e+00 1.832073e-24
7.857754e+00 1.823172e-24
7.875874e+00 1.796281e-24
7.894036e+00 1.773429e-24
7.912240e+00 1.788177e-24
7.930485e+00 1.886237e-24
7.948773e+00 2.112280e-24
7.967103e+00 1.885387e-24
7.985475e+00 1.762516e-24
8.003890e+00 1.754090e-24
8.022347e+00 1.745725e-24
8.040846e+00 1.737419e-24
8.059389e+00 1.729175e-24
8.077974e+00 1.720991e-24
8.096602e+00 1.689649e-24
8.115272e+00 1.702332e-24
8.133986e+00 1.764970e-24
8.152743e+00 1.750462e-24
8.171544e+00 1.694594e-24
8.190387e+00 1.634919e-24
8.209274e+00 1.613591e-24
8.228205e+00 1.622942e-24
8.247179e+00 1.623174e-24
8.266197e+00 1.615875e-24
8.285259e+00 1.672821e-24
8.304365e+00 1.738482e-24
8.323515e+00 1.743715e-24
8.342709e+00 1.654533e-24
8.361947e+00 1.587483e-24
8.381230e+00 1.553831e-24
8.400557e+00 1.543759e-24
8.419929e+00 1.518445e-24
8.439346e+00 1.512137e-24
8.458807e+00 1.505893e-24
8.478313e+00 1.499716e-24
8.497864e+00 1.493605e-24
8.517460e+00 1.487561e-24
8.537101e+00 1.485623e-24
8.556788e+00 1.493831e-24
8.576520e+00 1.487816e-24
8.596298e+00 1.467956e-24
8.616121e+00 1.458368e-24
8.635989e+00 1.452738e-24
8.655904e+00 1.447179e-24
8.675865e+00 1.441690e-24
8.695871e+00 1.436272e-24
8.715924e+00 1.430926e-24
8.736023e+00 1.428259e-24
8.756168e+00 1.430732e-24
8.776360e+00 1.415329e-24
8.796599e+00 1.410277e-24
8.816884e+00 1.405300e-24
8.837215e+00 1.400400e-24
8.857594e+00 1.395576e-24
8.878020e+00 1.381461e-24
8.898493e+00 1.372646e-24
8.919012e+00 1.381568e-24
8.939580e+00 1.372021e-24
8.960195e+00 1.367428e-24
8.980857e+00 1.368278e-24
9.001567e+00 1.351166e-24
9.022324e+00 1.351331e-24
9.043130e+00 1.348262e-24
9.063984e+00 1.339262e-24
9.084885e+00 1.336578e-24
9.105835e+00 1.339632e-24
9.126833e+00 1.335418e-24
9.147880e+00 1.336591e-24
9.168975e+00 1.333041e-24
9.190118e+00 1.334911e-24
9.211311e+00 1.349532e-24
9.232552e+00 1.350943e-24
9.253843e+00 1.319829e-24
9.275182e+00 1.316782e-24
9.296571e+00 1.304910e-24
9.318009e+00 1.299922e-24
9.339496e+00 1.297296e-24
9.361033e+00 1.294773e-24
9.382620e+00 1.292352e-24
9.404256e+00 1.290031e-24
9.425942e+00 1.287804e-24
9.447679e+00 1.285667e-24
9.469465e+00 1.274491e-24
9.491302e+00 1.272588e-24
9.513189e+00 1.270742e-24
9.535126e+00 1.268938e-24
9.557114e+00 1.267159e-24
9.579153e+00 1.265386e-24
9.601243e+00 1.263598e-24
9.623383e+00 1.261774e-24
9.645575e+00 1.259890e-24
9.667817e+00 1.257928e-24
9.690112e+00 1.255869e-24
9.712457e+00 1.253699e-24
9.734854e+00 1.251406e-24
9.757303e+00 1.248987e-24
9.779803e+00 1.246441e-24
9.802355e+00 1.243773e-24
9.824960e+00 1.248917e-24
9.847616e+00 1.262804e-24
9.870325e+00 1.272045e-24
9.893086e+00 1.313377e-24
9.915899e+00 1.345334e-24
9.938766e+00 1.257759e-24
9.961684e+00 1.234866e-24
9.984656e+00 1.227312e-24
1.000768e+01 1.224361e-24
1.003076e+01 1.213601e-24
1.005389e+01 1.210584e-24
1.007707e+01 1.207615e-24
1.010031e+01 1.199053e-24
1.012360e+01 1.196280e-24
1.014695e+01 1.193567e-24
1.017035e+01 1.190915e-24
1.019380e+01 1.188325e-24
1.021731e+01 1.185797e-24
1.024087e+01 1.183331e-24
1.026448e+01 1.180926e-24
1.028815e+01 1.179991e-24
1.031188e+01 1.181229e-24
1.033566e+01 1.174062e-24
1.035949e+01 1.174571e-24
1.038338e+01 1.169760e-24
1.040732e+01 1.167685e-24
1.043132e+01 1.165658e-24
1.045538e+01 1.162378e-24
1.047949e+01 1.157846e-24
1.050365e+01 1.156009e-24
1.052788e+01 1.154210e-24
1.055215e+01 1.152449e-24
1.057649e+01 1.150725e-24
1.060088e+01 1.149034e-24
1.062532e+01 1.147377e-24
1.064982e+01 1.145750e-24
1.067438e+01 1.144154e-24
1.069900e+01 1.145794e-24
1.072367e+01 1.145131e-24
1.074840e+01 1.139529e-24
1.077318e+01 1.138038e-24
1.079803e+01 1.134075e-24
1.082293e+01 1.135126e-24
1.084789e+01 1.131300e-24
1.087290e+01 1.129596e-24
1.089797e+01 1.128250e-24
1.092311e+01 1.126922e-24
1.094829e+01 1.125610e-24
1.097354e+01 1.124315e-24
1.099885e+01 1.125369e-24
1.102421e+01 1.123108e-24
1.104963e+01 1.120516e-24
1.107511e+01 1.119277e-24
1.110065e+01 1.118049e-24
1.112625e+01 1.115645e-24
1.115191e+01 1.113838e-24
1.117762e+01 1.113116e-24
1.120340e+01 1.111292e-24
1.122923e+01 1.111583e-24
1.125513e+01 1.110307e-24
1.128108e+01 1.107870e-24
1.130710e+01 1.106744e-24
1.133317e+01 1.105624e-24
1.135931e+01 1.106303e-24
1.138550e+01 1.105169e-24
1.141176e+01 1.104040e-24
1.143807e+01 1.101199e-24
1.146445e+01 1.100104e-24
1.149088e+01 1.099012e-24
1.151738e+01 1.099917e-24
1.154394e+01 1.111941e-24
1.157056e+01 1.099897e-24
1.159724e+01 1.094675e-24
1.162399e+01 1.094262e-24
1.165079e+01 1.093972e-24
1.167766e+01 1.092422e-24
1.170459e+01 1.091432e-24
1.173158e+01 1.089288e-24
1.175863e+01 1.088212e-24
1.178575e+01 1.087136e-24
1.181293e+01 1.086059e-24
1.184017e+01 1.084981e-24
1.186747e+01 1.083902e-24
1.189484e+01 1.082821e-24
1.192227e+01 1.081739e-24
1.194976e+01 1.080655e-24
1.197731e+01 1.079569e-24
1.200493e+01 1.079364e-24
1.203262e+01 1.077389e-24
1.206037e+01 1.075223e-24
1.208818e+01 1.074141e-24
1.211605e+01 1.073056e-24
1.214399e+01 1.071967e-24
1.217200e+01 1.070874e-24
1.220006e+01 1.069776e-24
1.222820e+01 1.068675e-24
1.225640e+01 1.067569e-24
1.228466e+01 1.066532e-24
1.231299e+01 1.066284e-24
1.234138e+01 1.065150e-24
1.236984e+01 1.063098e-24
1.239837e+01 1.062776e-24
1.242696e+01 1.063904e-24
1.245561e+01 1.062718e-24
1.248434e+01 1.061527e-24
1.251313e+01 1.060332e-24
1.254198e+01 1.057556e-24
1.257090e+01 1.055068e-24
1.259989e+01 1.053898e-24
1.262895e+01 1.052532e-24
1.265807e+01 1.051538e-24
1.268726e+01 1.050349e-24
1.271652e+01 1.048492e-24
1.274584e+01 1.047294e-24
1.277523e+01 1.046095e-24
1.280469e+01 1.044889e-24
1.283422e+01 1.043676e-24
1.286382e+01 1.042457e-24
1.289348e+01 1.041231e-24
1.292321e+01 1.039998e-24
1.295301e+01 1.038757e-24
1.298288e+01 1.037510e-24
1.301282e+01 1.036256e-24
1.304283e+01 1.034994e-24
1.307291e+01 1.033726e-24
1.310305e+01 1.032450e-24
1.313327e+01 1.031710e-24
1.316355e+01 1.030527e-24
1.319391e+01 1.028581e-24
1.322433e+01 1.027277e-24
1.325483e+01 1.025965e-24
1.328539e+01 1.024647e-24
1.331603e+01 1.023321e-24
1.334674e+01 1.022481e-24
1.337752e+01 1.020649e-24
1.340836e+01 1.019302e-24
1.343928e+01 1.017799e-24
1.347027e+01 1.016183e-24
1.350134e+01 1.015219e-24
1.353247e+01 1.013845e-24
1.356368e+01 1.012463e-24
1.359496e+01 1.011075e-24
1.362631e+01 1.009679e-24
1.365773e+01 1.008277e-24
1.368922e+01 1.006869e-24
1.372079e+01 1.005453e-24
1.375243e+01 1.004031e-24
1.378414e+01 1.002603e-24
1.381593e+01 1.001168e-24
1.384779e+01 9.997274e-25
1.387972e+01 9.980158e-25
1.391173e+01 9.964963e-25
1.394381e+01 9.950414e-25
1.397596e+01 9.937565e-25
1.400819e+01 9.924299e-25
1.404050e+01 9.909526e-25
1.407287e+01 9.891623e-25
1.410533e+01 9.876781e-25
1.413785e+01 9.861883e-25
1.417045e+01 9.846930e-25
1.420313e+01 9.832453e-25
1.423588e+01 9.816866e-25
1.426871e+01 9.801757e-25
1.430162e+01 9.786598e-25
1.433460e+01 9.771390e-25
1.436765e+01 9.756135e-25
1.440078e+01 9.740834e-25
1.443399e+01 9.725489e-25
1.446728e+01 9.707847e-25
1.450064e+01 9.692448e-25
1.453408e+01 9.679198e-25
1.456759e+01 9.663687e-25
1.460119e+01 9.648140e-25
1.463486e+01 9.630459e-25
1.466860e+01 9.615103e-25
1.470243e+01 9.601287e-25
1.473633e+01 9.585605e-25
1.477032e+01 9.569893e-25
1.480438e+01 9.554153e-25
1.483852e+01 9.537776e-25
1.487273e+01 9.521374e-25
1.490703e+01 9.506784e-25
1.494141e+01 9.490949e-25
1.497586e+01 9.475096e-25
1.501040e+01 9.470429e-25
1.504501e+01 9.442656e-25
1.507970e+01 9.425696e-25
1.511448e+01 9.409808e-25
1.514933e+01 9.393911e-25
1.518427e+01 9.378005e-25
1.521928e+01 9.362092e-25
1.525438e+01 9.346175e-25
1.528955e+01 9.330256e-25
1.532481e+01 9.314337e-25
1.536015e+01 9.298419e-25
1.539557e+01 9.282505e-25
1.543107e+01 9.266597e-25
1.546666e+01 9.250697e-25
1.550232e+01 9.233528e-25
1.553807e+01 9.218017e-25
1.557390e+01 9.202351e-25
1.560982e+01 9.187219e-25
1.564581e+01 9.171392e-25
1.568189e+01 9.155585e-25
1.571805e+01 9.139702e-25
1.575430e+01 9.122887e-25
1.579063e+01 9.108315e-25
1.582704e+01 9.092616e-25
1.586354e+01 9.076948e-25
1.590012e+01 9.060223e-25
1.593679e+01 9.044643e-25
1.597354e+01 9.030165e-25
1.601037e+01 9.015097e-25
1.604729e+01 8.999182e-25
1.608430e+01 8.982740e-25
1.612139e+01 8.967380e-25
1.615857e+01 8.952071e-25
1.619583e+01 8.936815e-25
1.623317e+01 8.921616e-25
1.627061e+01 8.906474e-25
1.630813e+01 8.891393e-25
1.634574e+01 8.877297e-25
1.638343e+01 8.861423e-25
1.642121e+01 8.847434e-25
1.645908e+01 8.832607e-25
1.649703e+01 8.819791e-25
1.653507e+01 8.806593e-25
1.657320e+01 8.794779e-25
1.661142e+01 8.782409e-25
1.664973e+01 8.765992e-25
1.668812e+01 8.747257e-25
1.672661e+01 8.732324e-25
1.676518e+01 8.716889e-25
1.680384e+01 8.702541e-25
1.684259e+01 8.687966e-25
1.688143e+01 8.674081e-25
1.692035e+01 8.660294e-25
1.695937e+01 8.646607e-25
1.699848e+01 8.633023e-25
1.703768e+01 8.619545e-25
1.707697e+01 8.605792e-25
1.711635e+01 8.592310e-25
1.715582e+01 8.579169e-25
1.719538e+01 8.566141e-25
1.723503e+01 8.553228e-25
1.727478e+01 8.540433e-25
1.731461e+01 8.527759e-25
1.735454e+01 8.515205e-25
1.739456e+01 8.502776e-25
1.743467e+01 8.490472e-25
1.747488e+01 8.478295e-25
1.751517e+01 8.466248e-25
1.755556e+01 8.454331e-25
1.759605e+01 8.442548e-25
1.763662e+01 8.430899e-25
1.767729e+01 8.419386e-25
1.771806e+01 8.408011e-25
1.775892e+01 8.396776e-25
1.779987e+01 8.385681e-25
1.784092e+01 8.374506e-25
1.788206e+01 8.363921e-25
1.792329e+01 8.353907e-25
1.796462e+01 8.342741e-25
1.800605e+01 8.332373e-25
1.804757e+01 8.322154e-25
1.808919e+01 8.311717e-25
1.813090e+01 8.301804e-25
1.817271e+01 8.292045e-25
1.821462e+01 8.282438e-25
1.825662e+01 8.272987e-25
1.829872e+01 8.263690e-25
1.834092e+01 8.254550e-25
1.838322e+01 8.245567e-25
1.842561e+01 8.236742e-25
1.846810e+01 8.228075e-25
1.851068e+01 8.219568e-25
1.855337e+01 8.211220e-25
1.859615e+01 8.203033e-25
1.863904e+01 8.195007e-25
1.868202e+01 8.187143e-25
1.872510e+01 8.179440e-25
1.876828e+01 8.171648e-25
1.881156e+01 8.164274e-25
1.885494e+01 8.157063e-25
1.889842e+01 8.150015e-25
1.894200e+01 8.143130e-25
1.898568e+01 8.136408e-25
1.902946e+01 8.129849e-25
1.907334e+01 8.123454e-25
1.911733e+01 8.117222e-25
1.916141e+01 8.111154e-25
1.920560e+01 8.105249e-25
1.924989e+01 8.099507e-25
1.929428e+01 8.094063e-25
1.933877e+01 8.088511e-25
1.938336e+01 8.083256e-25
1.942806e+01 8.078164e-25
1.947286e+01 8.073232e-25
1.951777e+01 8.068462e-25
1.956278e+01 8.063852e-25
1.960789e+01 8.059402e-25
1.965310e+01 8.055111e-25
1.969842e+01 8.050979e-25
1.974385e+01 8.047004e-25
1.978938e+01 8.043434e-25
1.983501e+01 8.039524e-25
1.988075e+01 8.036160e-25
1.992660e+01 8.032663e-25
1.997255e+01 8.029462e-25
2.001861e+01 8.026413e-25
2.006477e+01 8.023513e-25
2.011104e+01 8.020762e-25
2.015741e+01 8.018159e-25
2.020390e+01 8.015701e-25
2.025049e+01 8.013387e-25
2.029719e+01 8.011215e-25
2.034399e+01 8.009275e-25
2.039090e+01 8.007289e-25
2.043793e+01 8.005532e-25
2.048506e+01 8.003908e-25
2.053229e+01 8.002416e-25
2.057964e+01 8.001053e-25
2.062710e+01 7.999817e-25
2.067466e+01 7.998705e-25
2.072234e+01 7.997713e-25
2.077013e+01 7.996840e-25
2.081802e+01 7.996092e-25
2.086603e+01 7.995441e-25
2.091415e+01 7.994899e-25
2.096237e+01 7.994467e-25
2.101071e+01 7.994136e-25
2.105916e+01 7.993904e-25
2.110773e+01 7.993665e-25
2.115640e+01 7.993619e-25
2.120519e+01 7.993658e-25
2.125409e+01 7.993780e-25
2.130310e+01 7.993980e-25
2.135223e+01 7.994253e-25
2.140146e+01 7.994596e-25
2.145082e+01 7.995002e-25
2.150028e+01 7.995469e-25
2.154986e+01 7.995990e-25
2.159956e+01 7.996561e-25
2.164936e+01 7.997178e-25
2.169929e+01 7.997835e-25
2.174933e+01 7.998526e-25
2.179948e+01 7.999248e-25
2.184975e+01 7.999994e-25
2.190014e+01 8.000759e-25
2.195064e+01 8.001539e-25
2.200126e+01 8.002327e-25
2.205199e+01 8.003118e-25
2.210284e+01 8.003907e-25
2.215381e+01 8.004688e-25
2.220490e+01 8.005457e-25
2.225610e+01 8.006206e-25
2.230743e+01 8.006932e-25
2.235887e+01 8.007628e-25
2.241043e+01 8.008289e-25
2.246211e+01 8.008910e-25
2.251390e+01 8.009486e-25
2.256582e+01 8.010010e-25
2.261786e+01 8.010479e-25
2.267002e+01 8.010886e-25
2.272229e+01 8.011226e-25
2.277469e+01 8.011495e-25
2.282721e+01 8.011688e-25
2.287985e+01 8.011800e-25
2.293261e+01 8.011825e-25
2.298549e+01 8.011759e-25
2.303850e+01 8.011599e-25
2.309162e+01 8.011338e-25
2.314487e+01 8.010973e-25
2.319825e+01 8.010500e-25
2.325174e+01 8.009915e-25
2.330536e+01 8.009213e-25
2.335910e+01 8.008391e-25
2.341297e+01 8.007445e-25
2.346696e+01 8.006372e-25
2.352107e+01 8.005168e-25
2.357531e+01 8.003830e-25
2.362968e+01 8.002355e-25
2.368417e+01 8.000740e-25
2.373878e+01 7.998983e-25
2.379353e+01 7.997031e-25
2.384839e+01 7.994981e-25
2.390339e+01 7.992790e-25
2.395851e+01 7.990475e-25
2.401376e+01 7.987968e-25
2.406914e+01 7.985297e-25
2.412464e+01 7.982437e-25
2.418027e+01 7.979458e-25
2.423603e+01 7.976325e-25
2.429192e+01 7.973061e-25
2.434794e+01 7.969596e-25
2.440408e+01 7.965968e-25
2.446036e+01 7.962132e-25
2.451676e+01 7.958175e-25
2.457330e+01 7.954096e-25
2.462997e+01 7.949809e-25
2.468676e+01 7.945355e-25
2.474369e+01 7.940736e-25
2.480075e+01 7.935952e-25
2.485794e+01 7.931050e-25
2.491526e+01 7.925936e-25
2.497272e+01 7.920720e-25
2.503031e+01 7.915205e-25
2.508803e+01 7.909523e-25
2.514588e+01 7.903756e-25
2.520387e+01 7.897829e-25
2.526199e+01 7.891742e-25
2.532024e+01 7.885496e-25
2.537863e+01 7.879093e-25
2.543715e+01 7.872563e-25
2.549581e+01 7.865820e-25
2.555460e+01 7.858954e-25
2.561353e+01 7.851936e-25
2.567260e+01 7.844769e-25
2.573180e+01 7.837454e-25
2.579114e+01 7.829993e-25
2.585061e+01 7.822389e-25
2.591022e+01 7.814642e-25
2.596997e+01 7.806756e-25
2.602986e+01 7.798732e-25
2.608988e+01 7.790572e-25
2.615005e+01 7.782279e-25
2.621035e+01 7.773854e-25
2.627079e+01 7.765301e-25
2.633137e+01 7.756622e-25
2.639209e+01 7.747818e-25
2.645295e+01 7.738892e-25
2.651395e+01 7.729847e-25
2.657509e+01 7.720685e-25
2.663638e+01 7.711409e-25
2.669780e+01 7.702021e-25
2.675937e+01 7.692523e-25
2.682107e+01 7.682918e-25
2.688292e+01 7.673208e-25
2.694492e+01 7.663397e-25
2.700705e+01 7.653486e-25
2.706933e+01 7.643478e-25
2.713175e+01 7.633376e-25
2.719432e+01 7.623182e-25
2.725703e+01 7.612898e-25
2.731988e+01 7.602528e-25
2.738288e+01 7.592073e-25
2.744603e+01 7.581536e-25
2.750932e+01 7.570920e-25
2.757275e+01 7.560227e-25
2.763634e+01 7.549459e-25
2.770007e+01 7.538619e-25
2.776394e+01 7.527709e-25
2.782797e+01 7.516708e-25
2.789214e+01 7.505691e-25
2.795646e+01 7.494586e-25
2.802093e+01 7.483421e-25
2.808554e+01 7.472198e-25
2.815031e+01 7.460896e-25
2.821522e+01 7.449564e-25
2.828029e+01 7.438204e-25
2.834550e+01 7.426771e-25
2.841087e+01 7.415292e-25
2.847638e+01 7.403745e-25
2.854205e+01 7.392190e-25
2.860787e+01 7.380593e-25
2.867384e+01 7.368947e-25
2.873996e+01 7.357264e-25
2.880623e+01 7.345526e-25
2.887266e+01 7.333776e-25
2.893924e+01 7.322016e-25
2.900598e+01 7.310207e-25
2.907286e+01 7.298371e-25
2.913991e+01 7.286488e-25
2.920710e+01 7.274604e-25
2.927446e+01 7.262717e-25
2.934196e+01 7.250791e-25
2.940963e+01 7.238846e-25
2.947744e+01 7.226866e-25
2.954542e+01 7.214890e-25
2.961355e+01 7.202920e-25
2.968184e+01 7.190919e-25
2.975029e+01 7.178907e-25
2.981889e+01 7.166887e-25
2.988765e+01 7.154860e-25
2.995658e+01 7.142827e-25
3.002566e+01 7.130810e-25
3.009489e+01 7.118749e-25
3.016429e+01 7.106707e-25
3.023385e+01 7.094665e-25
3.030357e+01 7.082623e-25
3.037345e+01 7.070584e-25
3.044349e+01 7.058548e-25
3.051370e+01 7.046517e-25
3.058406e+01 7.034492e-25
3.065459e+01 7.022473e-25
3.072528e+01 7.010463e-25
3.079613e+01 6.998449e-25
3.086715e+01 6.986455e-25
3.093833e+01 6.974490e-25
3.100967e+01 6.962523e-25
3.108118e+01 6.950568e-25
3.115285e+01 6.938613e-25
3.122469e+01 6.926703e-25
3.129670e+01 6.914793e-25
3.136887e+01 6.902901e-25
3.144120e+01 6.891026e-25
3.151371e+01 6.879168e-25
3.158638e+01 6.867334e-25
3.165922e+01 6.855517e-25
3.173222e+01 6.843721e-25
3.180540e+01 6.831947e-25
3.187874e+01 6.820182e-25
3.195225e+01 6.808467e-25
3.202594e+01 6.796762e-25
3.209979e+01 6.785081e-25
3.217381e+01 6.773426e-25
3.224800e+01 6.761796e-25
3.232237e+01 6.750192e-25
3.239690e+01 6.738615e-25
3.247161e+01 6.727066e-25
3.254649e+01 6.715544e-25
3.262154e+01 6.704051e-25
3.269677e+01 6.692587e-25
3.277217e+01 6.681152e-25
3.284774e+01 6.669747e-25
3.292349e+01 6.658372e-25
3.299941e+01 6.647028e-25
3.307551e+01 6.635715e-25
3.315178e+01 6.624434e-25
3.322823e+01 6.613185e-25
3.330485e+01 6.601971e-25
3.338165e+01 6.590783e-25
3.345863e+01 6.579632e-25
3.353579e+01 6.568514e-25
3.361312e+01 6.557430e-25
3.369063e+01 6.546380e-25
3.376832e+01 6.535364e-25
3.384619e+01 6.524383e-25
3.392424e+01 6.513436e-25
3.400247e+01 6.502525e-25
3.408088e+01 6.491648e-25
3.415947e+01 6.480808e-25
3.423825e+01 6.470003e-25
3.431720e+01 6.459234e-25
3.439634e+01 6.448501e-25
3.447565e+01 6.437805e-25
3.455515e+01 6.427145e-25
3.463484e+01 6.416522e-25
3.471471e+01 6.405935e-25
3.479476e+01 6.395386e-25
3.487500e+01 6.384874e-25
3.495542e+01 6.374399e-25
3.503603e+01 6.363961e-25
3.511682e+01 6.353561e-25
3.519780e+01 6.343198e-25
3.527897e+01 6.332873e-25
3.536032e+01 6.322586e-25
3.544186e+01 6.312336e-25
3.552359e+01 6.302125e-25
3.560551e+01 6.291951e-25
3.568761e+01 6.281816e-25
3.576991e+01 6.271718e-25
3.585240e+01 6.261659e-25
3.593507e+01 6.251638e-25
3.601794e+01 6.241663e-25
3.610100e+01 6.231709e-25
3.618424e+01 6.221802e-25
3.626769e+01 6.211934e-25
3.635132e+01 6.202103e-25
3.643515e+01 6.192311e-25
3.651917e+01 6.182557e-25
3.660338e+01 6.172843e-25
3.668779e+01 6.163171e-25
3.677239e+01 6.153524e-25
3.685719e+01 6.143930e-25
3.694218e+01 6.134366e-25
3.702737e+01 6.124841e-25
3.711275e+01 6.115353e-25
3.719834e+01 6.105896e-25
3.728412e+01 6.096492e-25
3.737009e+01 6.087118e-25
3.745627e+01 6.077782e-25
3.754264e+01 6.068484e-25
3.762922e+01 6.059223e-25
3.771599e+01 6.050000e-25
3.780296e+01 6.040814e-25
3.789014e+01 6.031666e-25
3.797751e+01 6.022571e-25
3.806509e+01 6.013481e-25
3.815287e+01 6.004444e-25
3.824085e+01 5.995445e-25
3.832903e+01 5.986482e-25
3.841742e+01 5.977557e-25
3.850601e+01 5.968668e-25
3.859480e+01 5.959820e-25
3.868380e+01 5.951000e-25
3.877301e+01 5.942221e-25
3.886242e+01 5.933478e-25
3.895204e+01 5.924772e-25
3.904186e+01 5.916105e-25
3.913189e+01 5.907468e-25
3.922213e+01 5.898870e-25
3.931258e+01 5.890313e-25
3.940323e+01 5.881783e-25
3.949410e+01 5.873296e-25
3.958517e+01 5.864842e-25
3.967645e+01 5.856435e-25
3.976795e+01 5.848058e-25
3.985965e+01 5.839745e-25
3.995157e+01 5.831576e-25
4.004370e+01 5.825435e-25
4.013604e+01 5.815937e-25
4.022859e+01 5.806770e-25
4.032136e+01 5.798493e-25
4.041434e+01 5.790321e-25
4.050754e+01 5.782200e-25
4.060095e+01 5.774118e-25
4.069457e+01 5.766072e-25
4.078842e+01 5.758061e-25
4.088247e+01 5.750085e-25
4.097675e+01 5.742148e-25
4.107124e+01 5.734232e-25
4.116595e+01 5.726356e-25
4.126088e+01 5.718515e-25
4.135603e+01 5.710708e-25
4.145140e+01 5.702925e-25
4.154698e+01 5.695185e-25
4.164279e+01 5.687472e-25
4.173882e+01 5.679791e-25
4.183507e+01 5.672143e-25
4.193154e+01 5.664526e-25
4.202824e+01 5.656941e-25
4.212516e+01 5.649387e-25
4.222230e+01 5.641865e-25
4.231966e+01 5.634374e-25
4.241725e+01 5.626914e-25
4.251507e+01 5.619485e-25
4.261311e+01 5.612086e-25
4.271137e+01 5.604719e-25
4.280986e+01 5.597382e-25
4.290858e+01 5.590075e-25
4.300753e+01 5.582801e-25
4.310671e+01 5.575551e-25
4.320611e+01 5.568334e-25
4.330575e+01 5.561147e-25
4.340561e+01 5.553990e-25
4.350570e+01 5.546861e-25
4.360603e+01 5.539762e-25
4.370658e+01 5.532692e-25
4.380737e+01 5.525651e-25
4.390839e+01 5.518639e-25
4.400964e+01 5.511660e-25
4.411113e+01 5.504700e-25
4.421285e+01 5.497773e-25
4.431481e+01 5.490879e-25
4.441700e+01 5.484004e-25
4.451942e+01 5.477164e-25
4.462208e+01 5.470350e-25
4.472498e+01 5.463562e-25
4.482812e+01 5.456798e-25
4.493149e+01 5.450069e-25
4.503511e+01 5.443363e-25
4.513896e+01 5.436684e-25
4.524305e+01 5.430034e-25
4.534738e+01 5.423406e-25
4.545195e+01 5.416806e-25
4.555676e+01 5.410234e-25
4.566182e+01 5.403687e-25
4.576711e+01 5.397166e-25
4.587265e+01 5.390672e-25
4.597843e+01 5.384203e-25
4.608446e+01 5.377759e-25
4.619073e+01 5.371341e-25
4.629725e+01 5.364949e-25
4.640401e+01 5.358581e-25
4.651102e+01 5.352239e-25
4.661827e+01 5.345921e-25
4.672578e+01 5.339628e-25
4.683353e+01 5.333360e-25
4.694152e+01 5.327116e-25
4.704977e+01 5.320897e-25
4.715827e+01 5.314701e-25
4.726702e+01 5.308534e-25
4.737601e+01 5.302386e-25
4.748526e+01 5.296262e-25
4.759476e+01 5.290162e-25
4.770452e+01 5.284085e-25
4.781453e+01 5.278032e-25
4.792479e+01 5.272001e-25
4.803530e+01 5.265994e-25
4.814607e+01 5.260010e-25
4.825710e+01 5.254048e-25
4.836838e+01 5.248109e-25
4.847992e+01 5.242193e-25
4.859171e+01 5.236299e-25
4.870376e+01 5.230427e-25
4.881607e+01 5.224577e-25
4.892864e+01 5.218750e-25
4.904147e+01 5.212947e-25
4.915456e+01 5.207163e-25
4.926792e+01 5.201400e-25
4.938153e+01 5.195659e-25
4.949540e+01 5.189943e-25
4.960954e+01 5.184240e-25
4.972394e+01 5.178562e-25
4.983860e+01 5.172909e-25
4.995353e+01 5.167429e-25
5.006872e+01 5.161676e-25
5.018418e+01 5.156063e-25
5.029991e+01 5.150489e-25
5.041590e+01 5.144932e-25
5.053216e+01 5.139398e-25
5.064869e+01 5.133884e-25
5.076548e+01 5.128391e-25
5.088255e+01 5.122917e-25
5.099988e+01 5.117466e-25
5.111749e+01 5.112028e-25
5.123537e+01 5.106613e-25
5.135352e+01 5.101217e-25
5.147194e+01 5.095841e-25
5.159063e+01 5.090484e-25
5.170960e+01 5.085147e-25
5.182884e+01 5.079826e-25
5.194836e+01 5.074528e-25
5.206816e+01 5.069246e-25
5.218822e+01 5.063980e-25
5.230857e+01 5.058738e-25
5.242920e+01 5.053511e-25
5.255010e+01 5.048302e-25
5.267128e+01 5.043112e-25
5.279274e+01 5.037940e-25
5.291448e+01 5.032785e-25
5.303650e+01 5.027649e-25
5.315880e+01 5.022530e-25
5.328139e+01 5.017428e-25
5.340425e+01 5.012344e-25
5.352741e+01 5.007278e-25
5.365084e+01 5.002228e-25
5.377456e+01 4.997196e-25
5.389856e+01 4.992181e-25
5.402285e+01 4.987186e-25
5.414743e+01 4.982202e-25
5.427230e+01 4.977237e-25
5.439745e+01 4.972292e-25
5.452289e+01 4.967361e-25
5.464862e+01 4.962446e-25
5.477464e+01 4.957547e-25
5.490095e+01 4.952665e-25
5.502755e+01 4.947799e-25
5.515445e+01 4.942949e-25
5.528163e+01 4.938115e-25
5.540911e+01 4.933296e-25
5.553689e+01 4.928494e-25
5.566495e+01 4.923707e-25
5.579332e+01 4.918936e-25
5.592198e+01 4.914181e-25
5.605093e+01 4.909440e-25
5.618019e+01 4.904715e-25
5.630974e+01 4.900007e-25
5.643959e+01 4.895309e-25
5.656974e+01 4.890636e-25
5.670019e+01 4.885971e-25
5.683094e+01 4.881320e-25
5.696200e+01 4.876687e-25
5.709335e+01 4.872068e-25
5.722501e+01 4.867464e-25
5.735697e+01 4.862878e-25
5.748923e+01 4.858314e-25
5.762181e+01 4.853831e-25
5.775468e+01 4.850653e-25
5.788786e+01 4.844699e-25
5.802135e+01 4.840144e-25
5.815515e+01 4.835629e-25
5.828926e+01 4.831136e-25
5.842367e+01 4.826657e-25
5.855840e+01 4.822192e-25
5.869344e+01 4.817742e-25
5.882878e+01 4.813305e-25
5.896444e+01 4.808882e-25
5.910041e+01 4.804472e-25
5.923670e+01 4.800076e-25
5.937330e+01 4.795693e-25
5.951022e+01 4.791323e-25
5.964745e+01 4.786969e-25
5.978500e+01 4.782623e-25
5.992286e+01 4.778295e-25
6.006104e+01 4.773978e-25
6.019954e+01 4.769671e-25
6.033836e+01 4.765382e-25
6.047750e+01 4.761103e-25
6.061697e+01 4.756836e-25
6.075675e+01 4.752583e-25
6.089686e+01 4.748342e-25
6.103728e+01 4.744113e-25
6.117804e+01 4.739897e-25
6.131911e+01 4.735695e-25
6.146052e+01 4.731503e-25
6.160224e+01 4.727324e-25
6.174430e+01 4.723156e-25
6.188668e+01 4.719001e-25
6.202939e+01 4.714858e-25
6.217243e+01 4.710726e-25
6.231580e+01 4.706607e-25
6.245950e+01 4.702499e-25
6.260354e+01 4.698403e-25
6.274790e+01 4.694321e-25
6.289260e+01 4.690248e-25
6.303763e+01 4.686187e-25
6.318299e+01 4.682137e-25
6.332869e+01 4.678098e-25
6.347473e+01 4.674071e-25
6.362110e+01 4.670056e-25
6.376781e+01 4.666051e-25
6.391486e+01 4.662060e-25
6.406225e+01 4.658078e-25
6.420998e+01 4.654107e-25
6.435805e+01 4.650147e-25
6.450646e+01 4.646198e-25
6.465521e+01 4.642259e-25
6.480431e+01 4.638332e-25
6.495375e+01 4.634418e-25
6.510353e+01 4.630512e-25
6.525366e+01 4.626616e-25
6.540413e+01 4.622732e-25
6.555496e+01 4.618858e-25
6.570613e+01 4.614994e-25
6.585765e+01 4.611141e-25
6.600951e+01 4.607300e-25
6.616173e+01 4.603468e-25
6.631430e+01 4.599646e-25
6.646722e+01 4.595834e-25
6.662050e+01 4.592032e-25
6.677412e+01 4.588240e-25
6.692811e+01 4.584459e-25
6.708244e+01 4.580690e-25
6.723714e+01 4.576928e-25
6.739218e+01 4.573177e-25
6.754759e+01 4.569435e-25
6.770336e+01 4.565703e-25
6.785948e+01 4.561981e-25
6.801597e+01 4.558271e-25
6.817281e+01 4.554567e-25
6.833002e+01 4.550875e-25
6.848759e+01 4.547192e-25
6.864552e+01 4.543518e-25
6.880382e+01 4.539854e-25
6.896248e+01 4.536199e-25
6.912151e+01 4.532553e-25
6.928090e+01 4.528920e-25
6.944067e+01 4.525293e-25
6.960080e+01 4.521675e-25
6.976130e+01 4.518067e-25
6.992217e+01 4.514468e-25
7.008341e+01 4.510878e-25
7.024502e+01 4.507297e-25
7.040701e+01 4.503725e-25
7.056936e+01 4.500162e-25
7.073210e+01 4.496609e-25
7.089521e+01 4.493064e-25
7.105869e+01 4.489531e-25
7.122255e+01 4.486004e-25
7.138679e+01 4.482485e-25
7.155141e+01 4.478976e-25
7.171641e+01 4.475475e-25
7.188179e+01 4.471983e-25
7.204755e+01 4.468499e-25
7.221369e+01 4.465025e-25
7.238022e+01 4.461558e-25
7.254713e+01 4.458101e-25
7.271442e+01 4.454652e-25
7.288210e+01 4.451211e-25
7.305017e+01 4.447779e-25
7.321862e+01 4.444355e-25
7.338746e+01 4.440942e-25
7.355669e+01 4.437535e-25
7.372632e+01 4.434136e-25
7.389633e+01 4.430746e-25
7.406674e+01 4.427363e-25
7.423753e+01 4.423989e-25
7.440873e+01 4.420623e-25
7.458031e+01 4.417265e-25
7.475230e+01 4.413915e-25
7.492468e+01 4.410573e-25
7.509745e+01 4.407239e-25
7.527063e+01 4.403913e-25
7.544420e+01 4.400595e-25
7.561818e+01 4.397285e-25
7.579255e+01 4.393983e-25
7.596733e+01 4.390692e-25
7.614251e+01 4.387403e-25
7.631810e+01 4.384124e-25
7.649409e+01 4.380853e-25
7.667048e+01 4.377590e-25
7.684729e+01 4.374334e-25
7.702450e+01 4.371087e-25
7.720212e+01 4.367846e-25
7.738015e+01 4.364614e-25
7.755858e+01 4.361389e-25
7.773744e+01 4.358171e-25
7.791670e+01 4.354961e-25
7.809638e+01 4.351761e-25
7.827647e+01 4.348566e-25
7.845697e+01 4.345378e-25
7.863789e+01 4.342198e-25
7.881923e+01 4.339025e-25
7.900099e+01 4.335860e-25
7.918317e+01 4.332702e-25
7.936577e+01 4.329551e-25
7.954878e+01 4.326407e-25
7.973222e+01 4.323270e-25
7.991609e+01 4.320141e-25
8.010037e+01 4.317019e-25
8.028509e+01 4.313904e-25
8.047022e+01 4.310796e-25
8.065579e+01 4.307696e-25
8.084178e+01 4.304602e-25
8.102820e+01 4.301515e-25
8.121506e+01 4.298436e-25
8.140234e+01 4.295363e-25
8.159005e+01 4.292298e-25
8.177820e+01 4.289239e-25
8.196678e+01 4.286187e-25
8.215580e+01 4.283143e-25
8.234525e+01 4.280105e-25
8.253514e+01 4.277073e-25
8.272546e+01 4.274051e-25
8.291623e+01 4.271034e-25
8.310744e+01 4.268023e-25
8.329908e+01 4.265019e-25
8.349117e+01 4.262022e-25
8.368370e+01 4.259031e-25
8.387668e+01 4.256047e-25
8.407010e+01 4.253070e-25
8.426396e+01 4.250100e-25
8.445828e+01 4.247136e-25
8.465304e+01 4.244178e-25
8.484825e+01 4.241228e-25
8.504391e+01 4.238283e-25
8.524002e+01 4.235346e-25
8.543659e+01 4.232415e-25
8.563360e+01 4.229490e-25
8.583107e+01 4.226572e-25
8.602900e+01 4.223662e-25
8.622738e+01 4.220757e-25
8.642623e+01 4.217858e-25
8.662553e+01 4.214965e-25
8.682528e+01 4.212079e-25
8.702550e+01 4.209199e-25
8.722619e+01 4.206326e-25
8.742733e+01 4.203459e-25
8.762894e+01 4.200598e-25
8.783101e+01 4.197744e-25
8.803355e+01 4.194897e-25
8.823656e+01 4.192055e-25
8.844003e+01 4.189219e-25
8.864397e+01 4.186389e-25
8.884839e+01 4.183566e-25
8.905327e+01 4.180751e-25
8.925863e+01 4.177939e-25
8.946446e+01 4.175134e-25
8.967077e+01 4.172335e-25
8.987755e+01 4.169545e-25
9.008481e+01 4.166758e-25
9.029254e+01 4.163979e-25
9.050076e+01 4.161205e-25
9.070945e+01 4.158439e-25
9.091863e+01 4.155676e-25
9.112829e+01 4.152922e-25
9.133843e+01 4.150175e-25
9.154906e+01 4.147434e-25
9.176017e+01 4.144699e-25
9.197177e+01 4.141971e-25
9.218386e+01 4.139249e-25
9.239644e+01 4.136534e-25
9.260950e+01 4.133830e-25
9.282306e+01 4.131133e-25
9.303711e+01 4.128451e-25
9.325166e+01 4.125766e-25
9.346669e+01 4.123106e-25
9.368223e+01 4.120461e-25
9.389826e+01 4.117835e-25
9.411479e+01 4.115231e-25
9.433182e+01 4.112653e-25
9.454935e+01 4.110109e-25
9.476738e+01 4.107611e-25
9.498592e+01 4.105286e-25
9.520496e+01 4.102641e-25
9.542450e+01 4.100001e-25
9.564455e+01 4.097368e-25
9.586511e+01 4.094740e-25
9.608617e+01 4.092118e-25
9.630775e+01 4.089501e-25
9.652983e+01 4.086890e-25
9.675243e+01 4.084285e-25
9.697554e+01 4.081685e-25
9.719917e+01 4.079091e-25
9.742331e+01 4.076502e-25
9.764797e+01 4.073919e-25
9.787315e+01 4.071342e-25
9.809884e+01 4.068770e-25
9.832506e+01 4.066203e-25
9.855180e+01 4.063642e-25
9.877906e+01 4.061087e-25
9.900685e+01 4.058537e-25
9.923516e+01 4.055992e-25
9.946399e+01 4.053453e-25
9.969336e+01 4.050920e-25
9.992325e+01 4.048392e-25
1.001537e+02 4.045869e-25
1.003846e+02 4.043352e-25
1.006161e+02 4.040840e-25
1.008481e+02 4.038333e-25
1.010807e+02 4.035832e-25
1.013138e+02 4.033336e-25
1.015474e+02 4.030846e-25
1.017816e+02 4.028361e-25
1.020163e+02 4.025881e-25
1.022515e+02 4.023407e-25
1.024873e+02 4.020938e-25
1.027237e+02 4.018474e-25
1.029606e+02 4.016016e-25
1.031980e+02 4.013563e-25
1.034360e+02 4.011115e-25
1.036745e+02 4.008672e-25
1.039136e+02 4.006235e-25
1.041532e+02 4.003803e-25
1.043934e+02 4.001376e-25
1.046341e+02 3.998954e-25
1.048754e+02 3.996538e-25
1.051172e+02 3.994127e-25
1.053596e+02 3.991721e-25
1.056026e+02 3.989320e-25
1.058461e+02 3.986925e-25
1.060902e+02 3.984534e-25
1.063348e+02 3.982149e-25
1.065800e+02 3.979769e-25
1.068258e+02 3.977394e-25
1.070722e+02 3.975024e-25
1.073191e+02 3.972660e-25
1.075665e+02 3.970300e-25
1.078146e+02 3.967946e-25
1.080632e+02 3.965596e-25
1.083124e+02 3.963252e-25
1.085622e+02 3.960913e-25
1.088125e+02 3.958579e-25
1.090634e+02 3.956250e-25
1.093149e+02 3.953926e-25
1.095670e+02 3.951607e-25
1.098197e+02 3.949294e-25
1.100729e+02 3.946985e-25
1.103268e+02 3.944681e-25
1.105812e+02 3.942383e-25
1.108362e+02 3.940089e-25
1.110918e+02 3.937800e-25
1.113480e+02 3.935517e-25
1.116047e+02 3.933238e-25
1.118621e+02 3.930965e-25
1.121200e+02 3.928696e-25
1.123786e+02 3.926432e-25
1.126377e+02 3.924174e-25
1.128975e+02 3.921920e-25
1.131578e+02 3.919671e-25
1.134188e+02 3.917428e-25
1.136803e+02 3.915189e-25
1.139425e+02 3.912955e-25
1.142052e+02 3.910726e-25
1.144686e+02 3.908502e-25
1.147325e+02 3.906283e-25
1.149971e+02 3.904069e-25
1.152623e+02 3.901860e-25
1.155281e+02 3.899655e-25
1.157945e+02 3.897456e-25
1.160615e+02 3.895261e-25
1.163292e+02 3.893072e-25
1.165974e+02 3.890887e-25
1.168663e+02 3.888707e-25
1.171358e+02 3.886532e-25
1.174059e+02 3.884362e-25
1.176766e+02 3.882197e-25
1.179480e+02 3.880036e-25
1.182200e+02 3.877881e-25
1.184926e+02 3.875730e-25
1.187658e+02 3.873584e-25
1.190397e+02 3.871443e-25
1.193142e+02 3.869307e-25
1.195894e+02 3.867176e-25
1.198651e+02 3.865049e-25
1.201416e+02 3.862928e-25
1.204186e+02 3.860811e-25
1.206963e+02 3.858699e-25
1.209746e+02 3.856591e-25
1.212536e+02 3.854489e-25
1.215332e+02 3.852391e-25
1.218134e+02 3.850298e-25
1.220943e+02 3.848210e-25
1.223759e+02 3.846127e-25
1.226581e+02 3.844049e-25
1.229410e+02 3.841975e-25
1.232245e+02 3.839906e-25
1.235086e+02 3.837842e-25
1.237934e+02 3.835782e-25
1.240789e+02 3.833728e-25
1.243650e+02 3.831678e-25
1.246518e+02 3.829633e-25
1.249393e+02 3.827592e-25
1.252274e+02 3.825557e-25
1.255161e+02 3.823526e-25
1.258056e+02 3.821500e-25
1.260957e+02 3.819478e-25
1.263865e+02 3.817461e-25
1.266779e+02 3.815450e-25
1.269700e+02 3.813442e-25
1.272628e+02 3.811440e-25
1.275563e+02 3.809442e-25
1.278504e+02 3.807449e-25
1.281453e+02 3.805461e-25
1.284408e+02 3.803477e-25
1.287370e+02 3.801498e-25
1.290338e+02 3.799524e-25
1.293314e+02 3.797555e-25
1.296296e+02 3.795590e-25
1.299285e+02 3.793630e-25
1.302282e+02 3.791674e-25
1.305285e+02 3.789724e-25
1.308295e+02 3.787778e-25
1.311312e+02 3.785836e-25
1.314335e+02 3.783900e-25
1.317366e+02 3.781968e-25
1.320404e+02 3.780041e-25
1.323449e+02 3.778118e-25
1.326501e+02 3.776200e-25
1.329560e+02 3.774287e-25
1.332626e+02 3.772379e-25
1.335699e+02 3.770475e-25
1.338779e+02 3.768576e-25
1.341866e+02 3.766681e-25
1.344961e+02 3.764792e-25
1.348062e+02 3.762907e-25
1.351171e+02 3.761026e-25
1.354287e+02 3.759150e-25
1.357410e+02 3.757279e-25
1.360540e+02 3.755413e-25
1.363677e+02 3.753551e-25
1.366822e+02 3.751694e-25
1.369974e+02 3.749842e-25
1.373133e+02 3.747994e-25
1.376299e+02 3.746151e-25
1.379473e+02 3.744313e-25
1.382654e+02 3.742479e-25
1.385843e+02 3.740650e-25
1.389038e+02 3.738825e-25
1.392241e+02 3.737005e-25
1.395452e+02 3.735190e-25
1.398670e+02 3.733380e-25
1.401895e+02 3.731574e-25
1.405128e+02 3.729773e-25
1.408368e+02 3.727976e-25
1.411616e+02 3.726185e-25
1.414871e+02 3.724397e-25
1.418134e+02 3.722615e-25
1.421404e+02 3.720837e-25
1.424682e+02 3.719064e-25
1.427967e+02 3.717295e-25
1.431260e+02 3.715531e-25
1.434561e+02 3.713772e-25
1.437869e+02 3.712018e-25
1.441184e+02 3.710268e-25
1.444508e+02 3.708522e-25
1.447839e+02 3.706782e-25
1.451178e+02 3.705046e-25
1.454524e+02 3.703315e-25
1.457878e+02 3.701588e-25
1.461240e+02 3.699866e-25
1.464610e+02 3.698149e-25
1.467987e+02 3.696436e-25
1.471372e+02 3.694728e-25
1.474765e+02 3.693025e-25
1.478166e+02 3.691326e-25
1.481575e+02 3.689632e-25
1.484991e+02 3.687943e-25
1.488416e+02 3.686258e-25
1.491848e+02 3.684578e-25
1.495288e+02 3.682903e-25
1.498736e+02 3.681232e-25
1.502192e+02 3.679566e-25
1.505657e+02 3.677905e-25
1.509129e+02 3.676248e-25
1.512609e+02 3.674596e-25
1.516097e+02 3.672949e-25
1.519593e+02 3.671306e-25
1.523097e+02 3.669668e-25
1.526609e+02 3.668035e-25
1.530130e+02 3.666406e-25
1.533658e+02 3.664782e-25
1.537195e+02 3.663163e-25
1.540740e+02 3.661549e-25
1.544293e+02 3.659939e-25
1.547854e+02 3.658334e-25
1.551423e+02 3.656733e-25
1.555001e+02 3.655137e-25
1.558587e+02 3.653546e-25
1.562181e+02 3.651960e-25
1.565783e+02 3.650378e-25
1.569394e+02 3.648801e-25
1.573013e+02 3.647229e-25
1.576640e+02 3.645662e-25
1.580276e+02 3.644099e-25
1.583920e+02 3.642541e-25
1.587573e+02 3.640987e-25
1.591233e+02 3.639438e-25
1.594903e+02 3.637895e-25
1.598581e+02 3.636355e-25
1.602267e+02 3.634821e-25
1.605962e+02 3.633291e-25
1.609665e+02 3.631766e-25
1.613377e+02 3.630246e-25
1.617098e+02 3.628730e-25
1.620827e+02 3.627219e-25
1.624564e+02 3.625713e-25
1.628311e+02 3.624212e-25
1.632065e+02 3.622715e-25
1.635829e+02 3.621223e-25
1.639601e+02 3.619736e-25
1.643382e+02 3.618254e-25
1.647172e+02 3.616776e-25
1.650970e+02 3.615303e-25
1.654777e+02 3.613835e-25
1.658593e+02 3.612372e-25
1.662418e+02 3.610914e-25
1.666252e+02 3.609460e-25
1.670094e+02 3.608011e-25
1.673945e+02 3.606567e-25
1.677805e+02 3.605128e-25
1.681674e+02 3.603693e-25
1.685552e+02 3.602263e-25
1.689439e+02 3.600838e-25
1.693335e+02 3.599418e-25
1.697240e+02 3.598003e-25
1.701154e+02 3.596592e-25
1.705077e+02 3.595187e-25
1.709009e+02 3.593786e-25
1.712950e+02 3.592390e-25
1.716900e+02 3.590999e-25
1.720859e+02 3.589612e-25
1.724827e+02 3.588231e-25
1.728805e+02 3.586854e-25
1.732791e+02 3.585482e-25
1.736787e+02 3.584115e-25
1.740792e+02 3.582753e-25
1.744806e+02 3.581396e-25
1.748830e+02 3.580044e-25
1.752863e+02 3.578696e-25
1.756905e+02 3.577354e-25
1.760956e+02 3.576016e-25
1.765017e+02 3.574683e-25
1.769087e+02 3.573355e-25
1.773167e+02 3.572032e-25
1.777256e+02 3.570714e-25
1.781354e+02 3.569401e-25
1.785462e+02 3.568093e-25
1.789579e+02 3.566789e-25
1.793706e+02 3.565491e-25
1.797842e+02 3.564197e-25
1.801988e+02 3.562909e-25
1.806143e+02 3.561625e-25
1.810308e+02 3.560346e-25
1.814483e+02 3.559073e-25
1.818667e+02 3.557804e-25
1.822861e+02 3.556540e-25
1.827065e+02 3.555281e-25
1.831278e+02 3.554028e-25
1.835501e+02 3.552779e-25
1.839734e+02 3.551535e-25
1.843976e+02 3.550296e-25
1.848228e+02 3.549062e-25
1.852490e+02 3.547833e-25
1.856762e+02 3.546609e-25
1.861044e+02 3.545391e-25
1.865335e+02 3.544177e-25
1.869637e+02 3.542968e-25
1.873948e+02 3.541764e-25
1.878270e+02 3.540566e-25
1.882601e+02 3.539372e-25
1.886942e+02 3.538184e-25
1.891293e+02 3.537000e-25
1.895655e+02 3.535822e-25
1.900026e+02 3.534648e-25
1.904408e+02 3.533480e-25
1.908799e+02 3.532317e-25
1.913201e+02 3.531159e-25
1.917613e+02 3.530006e-25
1.922035e+02 3.528858e-25
1.926467e+02 3.527716e-25
1.930910e+02 3.526578e-25
1.935362e+02 3.525446e-25
1.939825e+02 3.524319e-25
1.944298e+02 3.523196e-25
1.948782e+02 3.522079e-25
1.953276e+02 3.520968e-25
1.957780e+02 3.519861e-25
1.962295e+02 3.518760e-25
1.966820e+02 3.517663e-25
1.971355e+02 3.516572e-25
1.975901e+02 3.515487e-25
1.980458e+02 3.514406e-25
1.985025e+02 3.513331e-25
1.989602e+02 3.512261e-25
1.994190e+02 3.511196e-25
1.998789e+02 3.510136e-25
2.003398e+02 3.509082e-25
2.008018e+02 3.508032e-25
2.012648e+02 3.506989e-25
2.017290e+02 3.505950e-25
2.021942e+02 3.504917e-25
2.026604e+02 3.503889e-25
2.031277e+02 3.502866e-25
2.035962e+02 3.501849e-25
2.040657e+02 3.500837e-25
2.045362e+02 3.499830e-25
2.050079e+02 3.498829e-25
2.054806e+02 3.497833e-25
2.059545e+02 3.496842e-25
2.064294e+02 3.495857e-25
2.069054e+02 3.494877e-25
2.073826e+02 3.493902e-25
2.078608e+02 3.492933e-25
2.083401e+02 3.491969e-25
2.088206e+02 3.491011e-25
2.093021e+02 3.490058e-25
2.097848e+02 3.489111e-25
2.102685e+02 3.488169e-25
2.107534e+02 3.487232e-25
2.112394e+02 3.486301e-25
2.117265e+02 3.485376e-25
2.122148e+02 3.484456e-25
2.127041e+02 3.483541e-25
2.131946e+02 3.482632e-25
2.136863e+02 3.481728e-25
2.141790e+02 3.480830e-25
2.146729e+02 3.479937e-25
2.151680e+02 3.479050e-25
2.156641e+02 3.478169e-25
2.161615e+02 3.477293e-25
2.166599e+02 3.476423e-25
2.171595e+02 3.475558e-25
2.176603e+02 3.474699e-25
2.181622e+02 3.473845e-25
2.186653e+02 3.472997e-25
2.191696e+02 3.472155e-25
2.196750e+02 3.471318e-25
2.201816e+02 3.470487e-25
2.206893e+02 3.469662e-25
2.211982e+02 3.468842e-25
2.217083e+02 3.468028e-25
2.222195e+02 3.467220e-25
2.227320e+02 3.466417e-25
2.232456e+02 3.465620e-25
2.237604e+02 3.464829e-25
2.242764e+02 3.464044e-25
2.247936e+02 3.463264e-25
2.253120e+02 3.462490e-25
2.258315e+02 3.461722e-25
2.263523e+02 3.460960e-25
2.268743e+02 3.460203e-25
2.273975e+02 3.459452e-25
2.279218e+02 3.458707e-25
2.284474e+02 3.457968e-25
2.289742e+02 3.457235e-25
2.295022e+02 3.456507e-25
2.300315e+02 3.455786e-25
2.305619e+02 3.455070e-25
2.310936e+02 3.454360e-25
2.316265e+02 3.453656e-25
2.321606e+02 3.452958e-25
2.326960e+02 3.452266e-25
2.332326e+02 3.451580e-25
2.337704e+02 3.450900e-25
2.343095e+02 3.450226e-25
2.348498e+02 3.449557e-25
2.353914e+02 3.448895e-25
2.359342e+02 3.448239e-25
2.364783e+02 3.447589e-25
2.370236e+02 3.446944e-25
2.375702e+02 3.446306e-25
2.381180e+02 3.445674e-25
2.386671e+02 3.445048e-25
2.392175e+02 3.444428e-25
2.397691e+02 3.443814e-25
2.403220e+02 3.443206e-25
2.408762e+02 3.442605e-25
2.414317e+02 3.442009e-25
2.419884e+02 3.441420e-25
2.425465e+02 3.440837e-25
2.431058e+02 3.440260e-25
2.436664e+02 3.439689e-25
2.442283e+02 3.439124e-25
2.447915e+02 3.438566e-25
2.453560e+02 3.438014e-25
2.459217e+02 3.437468e-25
2.464888e+02 3.436928e-25
2.470572e+02 3.436395e-25
2.476270e+02 3.435868e-25
2.481980e+02 3.435347e-25
2.487703e+02 3.434832e-25
2.493440e+02 3.434324e-25
2.499190e+02 3.433822e-25
2.504953e+02 3.433327e-25
2.510730e+02 3.432838e-25
2.516519e+02 3.432355e-25
2.522322e+02 3.431879e-25
2.528139e+02 3.431409e-25
2.533969e+02 3.430945e-25
2.539812e+02 3.430488e-25
2.545669e+02 3.430038e-25
2.551539e+02 3.429594e-25
2.557423e+02 3.429156e-25
2.563321e+02 3.428725e-25
2.569232e+02 3.428301e-25
2.575156e+02 3.427883e-25
2.581095e+02 3.427471e-25
2.587047e+02 3.427066e-25
2.593012e+02 3.426668e-25
2.598992e+02 3.426276e-25
2.604985e+02 3.425891e-25
2.610992e+02 3.425513e-25
2.617013e+02 3.425141e-25
2.623048e+02 3.424776e-25
2.629097e+02 3.424418e-25
2.635160e+02 3.424066e-25
2.641236e+02 3.423721e-25
2.647327e+02 3.423383e-25
2.653432e+02 3.423051e-25
2.659551e+02 3.422726e-25
2.665684e+02 3.422408e-25
2.671831e+02 3.422097e-25
2.677992e+02 3.421793e-25
2.684167e+02 3.421495e-25
2.690357e+02 3.421205e-25
2.696561e+02 3.420921e-25
2.702779e+02 3.420644e-25
2.709012e+02 3.420374e-25
2.715259e+02 3.420111e-25
2.721520e+02 3.419855e-25
2.727796e+02 3.419605e-25
2.734087e+02 3.419363e-25
2.740391e+02 3.419128e-25
2.746711e+02 3.418900e-25
2.753045e+02 3.418678e-25
2.759393e+02 3.418464e-25
2.765756e+02 3.418257e-25
2.772134e+02 3.418057e-25
2.778527e+02 3.417864e-25
2.784934e+02 3.417678e-25
2.791356e+02 3.417500e-25
2.797793e+02 3.417328e-25
2.804245e+02 3.417164e-25
2.810712e+02 3.417006e-25
2.817193e+02 3.416856e-25
2.823690e+02 3.416714e-25
2.830201e+02 3.416578e-25
2.836727e+02 3.416450e-25
2.843269e+02 3.416329e-25
2.849826e+02 3.416215e-25
2.856397e+02 3.416109e-25
2.862984e+02 3.416009e-25
2.869586e+02 3.415918e-25
2.876203e+02 3.415833e-25
2.882836e+02 3.415756e-25
2.889484e+02 3.415687e-25
2.896147e+02 3.415625e-25
2.902826e+02 3.415570e-25
2.909520e+02 3.415523e-25
2.916229e+02 3.415483e-25
2.922954e+02 3.415451e-25
2.929694e+02 3.415426e-25
2.936450e+02 3.415409e-25
2.943221e+02 3.415400e-25
2.950009e+02 3.415398e-25
2.956811e+02 3.415403e-25
2.963630e+02 3.415417e-25
2.970464e+02 3.415438e-25
2.977314e+02 3.415466e-25
2.984179e+02 3.415503e-25
2.991061e+02 3.415547e-25
2.997958e+02 3.415598e-25
3.004872e+02 3.415658e-25
3.011801e+02 3.415725e-25
3.018746e+02 3.415800e-25
3.025708e+02 3.415883e-25
3.032685e+02 3.415974e-25
3.039678e+02 3.416072e-25
3.046688e+02 3.416179e-25
3.053713e+02 3.416293e-25
3.060755e+02 3.416415e-25
3.067813e+02 3.416545e-25
3.074888e+02 3.416683e-25
3.081979e+02 3.416830e-25
3.089086e+02 3.416984e-25
3.096209e+02 3.417146e-25
3.103349e+02 3.417316e-25
3.110505e+02 3.417494e-25
3.117678e+02 3.417681e-25
3.124868e+02 3.417875e-25
3.132073e+02 3.418078e-25
3.139296e+02 3.418289e-25
3.146535e+02 3.418508e-25
3.153791e+02 3.418735e-25
3.161064e+02 3.418970e-25
3.168353e+02 3.419214e-25
3.175660e+02 3.419466e-25
3.182983e+02 3.419726e-25
3.190323e+02 3.419995e-25
3.197680e+02 3.420272e-25
3.205053e+02 3.420557e-25
3.212444e+02 3.420850e-25
3.219852e+02 3.421153e-25
3.227277e+02 3.421463e-25
3.234719e+02 3.421782e-25
3.242179e+02 3.422109e-25
3.249655e+02 3.422445e-25
3.257149e+02 3.422790e-25
3.264660e+02 3.423143e-25
3.272188e+02 3.423504e-25
3.279734e+02 3.423875e-25
3.287297e+02 3.424253e-25
3.294878e+02 3.424641e-25
3.302476e+02 3.425037e-25
3.310091e+02 3.425442e-25
3.317724e+02 3.425855e-25
3.325375e+02 3.426278e-25
3.333043e+02 3.426709e-25
3.340729e+02 3.427149e-25
3.348433e+02 3.427597e-25
3.356155e+02 3.428055e-25
3.363894e+02 3.428521e-25
3.371651e+02 3.428997e-25
3.379426e+02 3.429481e-25
3.387219e+02 3.429974e-25
3.395030e+02 3.430476e-25
3.402859e+02 3.430987e-25
3.410706e+02 3.431507e-25
3.418571e+02 3.432037e-25
3.426454e+02 3.432575e-25
3.434356e+02 3.433122e-25
3.442275e+02 3.433679e-25
3.450213e+02 3.434244e-25
3.458170e+02 3.434819e-25
3.466144e+02 3.435403e-25
3.474137e+02 3.435997e-25
3.482148e+02 3.436599e-25
3.490178e+02 3.437211e-25
3.498227e+02 3.437832e-25
3.506294e+02 3.438463e-25
3.514379e+02 3.439103e-25
3.522483e+02 3.439752e-25
3.530606e+02 3.440411e-25
3.538748e+02 3.441079e-25
3.546908e+02 3.441757e-25
3.555087e+02 3.442444e-25
3.563285e+02 3.443140e-25
3.571502e+02 3.443847e-25
3.579738e+02 3.444563e-25
3.587993e+02 3.445288e-25
3.596267e+02 3.446023e-25
3.604560e+02 3.446768e-25
3.612872e+02 3.447523e-25
3.621204e+02 3.448287e-25
3.629554e+02 3.449061e-25
3.637924e+02 3.449845e-25
3.646313e+02 3.450639e-25
3.654721e+02 3.451443e-25
3.663149e+02 3.452256e-25
3.671597e+02 3.453080e-25
3.680063e+02 3.453913e-25
3.688550e+02 3.454757e-25
3.697055e+02 3.455610e-25
3.705581e+02 3.456474e-25
3.714126e+02 3.457348e-25
3.722691e+02 3.458232e-25
3.731275e+02 3.459126e-25
3.739880e+02 3.460030e-25
3.748504e+02 3.460945e-25
3.757148e+02 3.461870e-25
3.765812e+02 3.462805e-25
3.774496e+02 3.463750e-25
3.783200e+02 3.464707e-25
3.791924e+02 3.465673e-25
3.800668e+02 3.466650e-25
3.809433e+02 3.467638e-25
3.818217e+02 3.468636e-25
3.827022e+02 3.469645e-25
3.835847e+02 3.470665e-25
3.844693e+02 3.471695e-25
3.853558e+02 3.472736e-25
3.862445e+02 3.473789e-25
3.871352e+02 3.474852e-25
3.880279e+02 3.475926e-25
3.889227e+02 3.477011e-25
3.898196e+02 3.478108e-25
3.907185e+02 3.479215e-25
3.916195e+02 3.480334e-25
3.925226e+02 3.481465e-25
3.934277e+02 3.482607e-25
3.943350e+02 3.483761e-25
3.952443e+02 3.484927e-25
3.961557e+02 3.486104e-25
3.970693e+02 3.487294e-25
3.979849e+02 3.488496e-25
3.989027e+02 3.489711e-25
3.998226e+02 3.490938e-25
4.007445e+02 3.492178e-25
4.016687e+02 3.493431e-25
4.025949e+02 3.494698e-25
4.035233e+02 3.495979e-25
4.044538e+02 3.497275e-25
4.053865e+02 3.498585e-25
4.063213e+02 3.499911e-25
4.072583e+02 3.501253e-25
4.081975e+02 3.502612e-25
4.091388e+02 3.503989e-25
4.100822e+02 3.505386e-25
4.110279e+02 3.506803e-25
4.119757e+02 3.508244e-25
4.129257e+02 3.509710e-25
4.138780e+02 3.511205e-25
4.148324e+02 3.512733e-25
4.157890e+02 3.514298e-25
4.167478e+02 3.515909e-25
4.177088e+02 3.517575e-25
4.186720e+02 3.519309e-25
4.196375e+02 3.521130e-25
4.206052e+02 3.523067e-25
4.215751e+02 3.525162e-25
4.225473e+02 3.527480e-25
4.235217e+02 3.530129e-25
4.244983e+02 3.533299e-25
4.254772e+02 3.537336e-25
4.264584e+02 3.542955e-25
4.274418e+02 3.551798e-25
4.284275e+02 3.568413e-25
4.294154e+02 3.609556e-25
4.304056e+02 3.782733e-25
4.313982e+02 8.880381e-25
4.323930e+02 4.056457e-25
4.333901e+02 3.647221e-25
4.343895e+02 3.585710e-25
4.353912e+02 3.566873e-25
4.363952e+02 3.559450e-25
4.374015e+02 3.556326e-25
4.384102e+02 3.555175e-25
4.394212e+02 3.555058e-25
4.404345e+02 3.555537e-25
4.414501e+02 3.556384e-25
4.424681e+02 3.557474e-25
4.434884e+02 3.558732e-25
4.445111e+02 3.560110e-25
4.455362e+02 3.561578e-25
4.465636e+02 3.563115e-25
4.475934e+02 3.564708e-25
4.486255e+02 3.566347e-25
4.496600e+02 3.568023e-25
4.506970e+02 3.569733e-25
4.517363e+02 3.571471e-25
4.527780e+02 3.573236e-25
4.538221e+02 3.575023e-25
4.548686e+02 3.576832e-25
4.559175e+02 3.578662e-25
4.569689e+02 3.580510e-25
4.580227e+02 3.582376e-25
4.590789e+02 3.584260e-25
4.601375e+02 3.586160e-25
4.611986e+02 3.588076e-25
4.622621e+02 3.590008e-25
4.633281e+02 3.591956e-25
4.643965e+02 3.593919e-25
4.654674e+02 3.595897e-25
4.665408e+02 3.597889e-25
4.676166e+02 3.599896e-25
4.686950e+02 3.601918e-25
4.697758e+02 3.603954e-25
4.708591e+02 3.606004e-25
4.719449e+02 3.608069e-25
4.730332e+02 3.610147e-25
4.741240e+02 3.612240e-25
4.752174e+02 3.614347e-25
4.763132e+02 3.616467e-25
4.774116e+02 3.618602e-25
4.785125e+02 3.620751e-25
4.796160e+02 3.622914e-25
4.807220e+02 3.625090e-25
4.818305e+02 3.627281e-25
4.829416e+02 3.629486e-25
4.840553e+02 3.631704e-25
4.851715e+02 3.633937e-25
4.862903e+02 3.636184e-25
4.874117e+02 3.638444e-25
4.885357e+02 3.640719e-25
4.896623e+02 3.643008e-25
4.907914e+02 3.645311e-25
4.919232e+02 3.647628e-25
4.930576e+02 3.649960e-25
4.941946e+02 3.652306e-25
4.953342e+02 3.654668e-25
4.964764e+02 3.657029e-25
4.976213e+02 3.659423e-25
4.987688e+02 3.661827e-25
4.999190e+02 3.664244e-25
5.010718e+02 3.666675e-25
5.022273e+02 3.669120e-25
5.033854e+02 3.671580e-25
5.045462e+02 3.674054e-25
5.057097e+02 3.676543e-25
5.068759e+02 3.679046e-25
5.080447e+02 3.681563e-25
5.092163e+02 3.684096e-25
5.103906e+02 3.686642e-25
5.115675e+02 3.689204e-25
5.127472e+02 3.691780e-25
5.139296e+02 3.694371e-25
5.151147e+02 3.696976e-25
5.163026e+02 3.699597e-25
5.174932e+02 3.702232e-25
5.186865e+02 3.704882e-25
5.198826e+02 3.707546e-25
5.210815e+02 3.710226e-25
5.222831e+02 3.712921e-25
5.234875e+02 3.715631e-25
5.246946e+02 3.718355e-25
5.259046e+02 3.721095e-25
5.271173e+02 3.723850e-25
5.283329e+02 3.726620e-25
5.295512e+02 3.729405e-25
5.307724e+02 3.732205e-25
5.319963e+02 3.735021e-25
5.332231e+02 3.737852e-25
5.344527e+02 3.740698e-25
5.356852e+02 3.743560e-25
5.369205e+02 3.746437e-25
5.381586e+02 3.749330e-25
5.393996e+02 3.752238e-25
5.406435e+02 3.755161e-25
5.418902e+02 3.758100e-25
5.431398e+02 3.761055e-25
5.443923e+02 3.764025e-25
5.456477e+02 3.767011e-25
5.469059e+02 3.770013e-25
5.481671e+02 3.773030e-25
5.494312e+02 3.776064e-25
5.506982e+02 3.779113e-25
5.519681e+02 3.782178e-25
5.532409e+02 3.785258e-25
5.545167e+02 3.788355e-25
5.557954e+02 3.791468e-25
5.570771e+02 3.794597e-25
5.583617e+02 3.797742e-25
5.596493e+02 3.800903e-25
5.609399e+02 3.804080e-25
5.622334e+02 3.807274e-25
5.635299e+02 3.810483e-25
5.648294e+02 3.813709e-25
5.661319e+02 3.816952e-25
5.674374e+02 3.820210e-25
5.687459e+02 3.823485e-25
5.700575e+02 3.826777e-25
5.713720e+02 3.830085e-25
5.726896e+02 3.833409e-25
5.740102e+02 3.836750e-25
5.753339e+02 3.840108e-25
5.766606e+02 3.843482e-25
5.779904e+02 3.846873e-25
5.793233e+02 3.850280e-25
5.806592e+02 3.853705e-25
5.819982e+02 3.857146e-25
5.833403e+02 3.860604e-25
5.846855e+02 3.864079e-25
5.860338e+02 3.867571e-25
5.873852e+02 3.871080e-25
5.887397e+02 3.874606e-25
5.900973e+02 3.878149e-25
5.914581e+02 3.881709e-25
5.928220e+02 3.885286e-25
5.941890e+02 3.888881e-25
5.955593e+02 3.892492e-25
5.969326e+02 3.896121e-25
5.983091e+02 3.899768e-25
5.996889e+02 3.903431e-25
6.010717e+02 3.907112e-25
6.024578e+02 3.910811e-25
6.038471e+02 3.914526e-25
6.052396e+02 3.918260e-25
6.066353e+02 3.922011e-25
6.080342e+02 3.925780e-25
6.094363e+02 3.929566e-25
6.108417e+02 3.933370e-25
6.122503e+02 3.937191e-25
6.136621e+02 3.941031e-25
6.150772e+02 3.944888e-25
6.164956e+02 3.948763e-25
6.179172e+02 3.952657e-25
6.193422e+02 3.956568e-25
6.207704e+02 3.960497e-25
6.222019e+02 3.964444e-25
6.236367e+02 3.968409e-25
6.250748e+02 3.972392e-25
6.265162e+02 3.976394e-25
6.279610e+02 3.980413e-25
6.294090e+02 3.984451e-25
6.308605e+02 3.988508e-25
6.323152e+02 3.992582e-25
6.337734e+02 3.996675e-25
6.352348e+02 4.000787e-25
6.366997e+02 4.004917e-25
6.381679e+02 4.009065e-25
6.396396e+02 4.013232e-25
6.411146e+02 4.017418e-25
6.425930e+02 4.021622e-25
6.440748e+02 4.025845e-25
6.455600e+02 4.030087e-25
6.470487e+02 4.034347e-25
6.485408e+02 4.038627e-25
6.500364e+02 4.042925e-25
6.515353e+02 4.047242e-25
6.530378e+02 4.051578e-25
6.545437e+02 4.055933e-25
6.560531e+02 4.060308e-25
6.575659e+02 4.064701e-25
6.590823e+02 4.069113e-25
6.606021e+02 4.073545e-25
6.621255e+02 4.077996e-25
6.636524e+02 4.082466e-25
6.651828e+02 4.086956e-25
6.667167e+02 4.091464e-25
6.682541e+02 4.095993e-25
6.697951e+02 4.100541e-25
6.713397e+02 4.105108e-25
6.728878e+02 4.109695e-25
6.744395e+02 4.114301e-25
6.759947e+02 4.118927e-25
6.775536e+02 4.123573e-25
6.791160e+02 4.128239e-25
6.806821e+02 4.132924e-25
6.822517e+02 4.137629e-25
6.838250e+02 4.142354e-25
6.854019e+02 4.147099e-25
6.869825e+02 4.151864e-25
6.885666e+02 4.156650e-25
6.901545e+02 4.161455e-25
6.917460e+02 4.166280e-25
6.933412e+02 4.171125e-25
6.949400e+02 4.175991e-25
6.965425e+02 4.180877e-25
6.981488e+02 4.185783e-25
6.997587e+02 4.190709e-25
7.013724e+02 4.195656e-25
7.029897e+02 4.200623e-25
7.046108e+02 4.205611e-25
7.062357e+02 4.210620e-25
7.078643e+02 4.215649e-25
7.094966e+02 4.220698e-25
7.111327e+02 4.225768e-25
7.127726e+02 4.230859e-25
7.144162e+02 4.235971e-25
7.160637e+02 4.241104e-25
7.177149e+02 4.246257e-25
7.193700e+02 4.251432e-25
7.210289e+02 4.256627e-25
7.226916e+02 4.261844e-25
7.243581e+02 4.267081e-25
7.260285e+02 4.272340e-25
7.277027e+02 4.277620e-25
7.293808e+02 4.282921e-25
7.310627e+02 4.288243e-25
7.327486e+02 4.293586e-25
7.344383e+02 4.298951e-25
7.361319e+02 4.304338e-25
7.378294e+02 4.309745e-25
7.395309e+02 4.315175e-25
7.412363e+02 4.320626e-25
7.429455e+02 4.326098e-25
7.446588e+02 4.331592e-25
7.463760e+02 4.337108e-25
7.480971e+02 4.342646e-25
7.498222e+02 4.348205e-25
7.515513e+02 4.353786e-25
7.532844e+02 4.359390e-25
7.550215e+02 4.365015e-25
7.567626e+02 4.370662e-25
7.585077e+02 4.376331e-25
7.602568e+02 4.382023e-25
7.620100e+02 4.387736e-25
7.637672e+02 4.393472e-25
7.655284e+02 4.399230e-25
7.672937e+02 4.405010e-25
7.690631e+02 4.410813e-25
7.708366e+02 4.416638e-25
7.726141e+02 4.422486e-25
7.743958e+02 4.428356e-25
7.761816e+02 4.434249e-25
7.779714e+02 4.440164e-25
7.797654e+02 4.446102e-25
7.815636e+02 4.452063e-25
7.833659e+02 4.458047e-25
7.851723e+02 4.464054e-25
7.869829e+02 4.470083e-25
7.887977e+02 4.476136e-25
7.906167e+02 4.482211e-25
7.924399e+02 4.488310e-25
7.942672e+02 4.494432e-25
7.960988e+02 4.500577e-25
7.979346e+02 4.506745e-25
7.997747e+02 4.512937e-25
8.016190e+02 4.519153e-25
8.034675e+02 4.525392e-25
8.053203e+02 4.531654e-25
8.071774e+02 4.537941e-25
8.090387e+02 4.544251e-25
8.109044e+02 4.550585e-25
8.127744e+02 4.556944e-25
8.146486e+02 4.563327e-25
8.165272e+02 4.569734e-25
8.184101e+02 4.576166e-25
8.202974e+02 4.582624e-25
8.221890e+02 4.589106e-25
8.240850e+02 4.595616e-25
8.259853e+02 4.602151e-25
8.278900e+02 4.608715e-25
8.297992e+02 4.615309e-25
8.317127e+02 4.621934e-25
8.336306e+02 4.628595e-25
8.355530e+02 4.635297e-25
8.374798e+02 4.642053e-25
8.394110e+02 4.648884e-25
8.413467e+02 4.655835e-25
8.432868e+02 4.663023e-25
8.452315e+02 4.670809e-25
8.471806e+02 4.680864e-25
8.491342e+02 4.712837e-25
8.510923e+02 4.892612e-25
8.530549e+02 4.705446e-25
8.550221e+02 4.705719e-25
8.569938e+02 4.711074e-25
8.589700e+02 4.717415e-25
8.609508e+02 4.724088e-25
8.629361e+02 4.730914e-25
8.649261e+02 4.737828e-25
8.669206e+02 4.744800e-25
8.689197e+02 4.751817e-25
8.709235e+02 4.758873e-25
8.729318e+02 4.765961e-25
8.749448e+02 4.773081e-25
8.769624e+02 4.780230e-25
8.789847e+02 4.787407e-25
8.810117e+02 4.794613e-25
8.830433e+02 4.801845e-25
8.850796e+02 4.809104e-25
8.871206e+02 4.816390e-25
8.891663e+02 4.823702e-25
8.912167e+02 4.831041e-25
8.932719e+02 4.838406e-25
8.953318e+02 4.845797e-25
8.973964e+02 4.853215e-25
8.994658e+02 4.860659e-25
9.015400e+02 4.868130e-25
9.036189e+02 4.875626e-25
9.057027e+02 4.883150e-25
9.077913e+02 4.890699e-25
9.098846e+02 4.898275e-25
9.119828e+02 4.905878e-25
9.140859e+02 4.913507e-25
9.161938e+02 4.921162e-25
9.183065e+02 4.928844e-25
9.204241e+02 4.936553e-25
9.225466e+02 4.944289e-25
9.246740e+02 4.952051e-25
9.268063e+02 4.959841e-25
9.289436e+02 4.967657e-25
9.310857e+02 4.975500e-25
9.332328e+02 4.983370e-25
9.353848e+02 4.991267e-25
9.375419e+02 4.999192e-25
9.397038e+02 5.007143e-25
9.418708e+02 5.015122e-25
9.440428e+02 5.023128e-25
9.462197e+02 5.031162e-25
9.484017e+02 5.039222e-25
9.505887e+02 5.047311e-25
9.527808e+02 5.055427e-25
9.549779e+02 5.063570e-25
9.571801e+02 5.071741e-25
9.593874e+02 5.079940e-25
9.615997e+02 5.088167e-25
9.638172e+02 5.096421e-25
9.660398e+02 5.104704e-25
9.682674e+02 5.113014e-25
9.705003e+02 5.121353e-25
9.727383e+02 5.129719e-25
9.749814e+02 5.138114e-25
9.772297e+02 5.146537e-25
9.794832e+02 5.154988e-25
9.817419e+02 5.163468e-25
9.840058e+02 5.171976e-25
9.862749e+02 5.180512e-25
9.885493e+02 5.189077e-25
9.908289e+02 5.197671e-25
9.931138e+02 5.206293e-25
9.954039e+02 5.214944e-25
9.976993e+02 5.223624e-25