1.000000e+00 4.456561e-17
1.002306e+00 4.633447e-17
1.004617e+00 4.822452e-17
1.006934e+00 5.024345e-17
1.009256e+00 5.239952e-17
1.011583e+00 5.485165e-17
1.013916e+00 5.746851e-17
1.016254e+00 6.019770e-17
1.018598e+00 6.297553e-17
1.020947e+00 6.564834e-17
1.023301e+00 6.864845e-17
1.025661e+00 7.183307e-17
1.028026e+00 7.503024e-17
1.030396e+00 7.728870e-17
1.032773e+00 7.836481e-17
1.035154e+00 7.849514e-17
1.037541e+00 7.796011e-17
1.039934e+00 7.692547e-17
1.042332e+00 7.566587e-17
1.044735e+00 7.420969e-17
1.047145e+00 7.258555e-17
1.049559e+00 6.953977e-17
1.051980e+00 6.582339e-17
1.054406e+00 6.179736e-17
1.056837e+00 5.776714e-17
1.059274e+00 5.426547e-17
1.061717e+00 5.101977e-17
1.064165e+00 4.796111e-17
1.066619e+00 4.503387e-17
1.069079e+00 4.231146e-17
1.071544e+00 3.983257e-17
1.074015e+00 3.756769e-17
1.076492e+00 3.549120e-17
1.078974e+00 3.358199e-17
1.081462e+00 3.181417e-17
1.083956e+00 3.017869e-17
1.086456e+00 2.866712e-17
1.088961e+00 2.728545e-17
1.091472e+00 2.600011e-17
1.093989e+00 2.480301e-17
1.096512e+00 2.368678e-17
1.099040e+00 2.265576e-17
1.101575e+00 2.169104e-17
1.104115e+00 2.078739e-17
1.106661e+00 1.994006e-17
1.109213e+00 1.915199e-17
1.111771e+00 1.840944e-17
1.114335e+00 1.770924e-17
1.116904e+00 1.704838e-17
1.119480e+00 1.643028e-17
1.122062e+00 1.584526e-17
1.124649e+00 1.529087e-17
1.127242e+00 1.476490e-17
1.129842e+00 1.426938e-17
1.132447e+00 1.379850e-17
1.135059e+00 1.335063e-17
1.137676e+00 1.292426e-17
1.140300e+00 1.252076e-17
1.142929e+00 1.213565e-17
1.145565e+00 1.176833e-17
1.148207e+00 1.141871e-17
1.150854e+00 1.109102e-17
1.153508e+00 1.080551e-17
1.156168e+00 4.551406e-17
1.158834e+00 1.020946e-17
1.161507e+00 9.889836e-18
1.164185e+00 9.613318e-18
1.166870e+00 9.351958e-18
1.169560e+00 9.101878e-18
1.172257e+00 8.863036e-18
1.174961e+00 8.633376e-18
1.177670e+00 8.412340e-18
1.180386e+00 8.199451e-18
1.183108e+00 7.995293e-18
1.185836e+00 7.798268e-18
1.188571e+00 7.608105e-18
1.191312e+00 7.424547e-18
1.194059e+00 7.248157e-18
1.196812e+00 7.077634e-18
1.199572e+00 6.912712e-18
1.202338e+00 6.753142e-18
1.205111e+00 6.599495e-18
1.207890e+00 6.450745e-18
1.210675e+00 6.306678e-18
1.213467e+00 6.167095e-18
1.216265e+00 6.032361e-18
1.219070e+00 5.901724e-18
1.221881e+00 5.775027e-18
1.224699e+00 5.652121e-18
1.227523e+00 5.533332e-18
1.230354e+00 5.417975e-18
1.233191e+00 5.305936e-18
1.236035e+00 5.197107e-18
1.238885e+00 5.091792e-18
1.241742e+00 4.989421e-18
1.244605e+00 4.889889e-18
1.247475e+00 4.793093e-18
1.250352e+00 4.699290e-18
1.253235e+00 4.608019e-18
1.256125e+00 4.519199e-18
1.259022e+00 4.432750e-18
1.261925e+00 4.348912e-18
1.264835e+00 4.267259e-18
1.267752e+00 4.187721e-18
1.270676e+00 4.110231e-18
1.273606e+00 4.035012e-18
1.276543e+00 3.961708e-18
1.279486e+00 3.890260e-18
1.282437e+00 3.820610e-18
1.285394e+00 3.752911e-18
1.288358e+00 3.686772e-18
1.291329e+00 3.622086e-18
1.294307e+00 3.558859e-18
1.297292e+00 3.497511e-18
1.300283e+00 3.437565e-18
1.303282e+00 3.378907e-18
1.306287e+00 3.321429e-18
1.309300e+00 3.265033e-18
1.312319e+00 3.209553e-18
1.315345e+00 3.154980e-18
1.318378e+00 3.101302e-18
1.321418e+00 3.048613e-18
1.324466e+00 2.996796e-18
1.327520e+00 2.945781e-18
1.330581e+00 2.895489e-18
1.333649e+00 2.845901e-18
1.336725e+00 2.796900e-18
1.339807e+00 2.748416e-18
1.342897e+00 2.701020e-18
1.345994e+00 2.654736e-18
1.349098e+00 2.608965e-18
1.352209e+00 2.563629e-18
1.355327e+00 2.518644e-18
1.358452e+00 2.474035e-18
1.361585e+00 2.429585e-18
1.364725e+00 2.385193e-18
1.367872e+00 2.340749e-18
1.371026e+00 2.296229e-18
1.374188e+00 2.251404e-18
1.377356e+00 2.206143e-18
1.380533e+00 2.160315e-18
1.383716e+00 2.113865e-18
1.386907e+00 2.066569e-18
1.390105e+00 2.018292e-18
1.393311e+00 1.971724e-18
1.396524e+00 1.924753e-18
1.399744e+00 1.877027e-18
1.402972e+00 1.828489e-18
1.406207e+00 1.779095e-18
1.409450e+00 1.728866e-18
1.412700e+00 1.677738e-18
1.415958e+00 1.625721e-18
1.419223e+00 1.572853e-18
1.422496e+00 1.519231e-18
1.425776e+00 1.464902e-18
1.429064e+00 1.409984e-18
1.432359e+00 1.354614e-18
1.435662e+00 1.298981e-18
1.438973e+00 1.243238e-18
1.442291e+00 1.188447e-18
1.445617e+00 1.137173e-18
1.448951e+00 1.086447e-18
1.452292e+00 1.036400e-18
1.455641e+00 9.871799e-19
1.458998e+00 9.389279e-19
1.462362e+00 8.917850e-19
1.465735e+00 8.458586e-19
1.469115e+00 8.012542e-19
1.472502e+00 7.580621e-19
1.475898e+00 7.163626e-19
1.479301e+00 6.762083e-19
1.482713e+00 6.376427e-19
1.486132e+00 6.006940e-19
1.489559e+00 5.653789e-19
1.492994e+00 5.316948e-19
1.496437e+00 5.006111e-19
1.499888e+00 4.719577e-19
1.503346e+00 4.446965e-19
1.506813e+00 4.187930e-19
1.510288e+00 3.942104e-19
1.513770e+00 3.709085e-19
1.517261e+00 3.488450e-19
1.520760e+00 3.279736e-19
1.524267e+00 3.082476e-19
1.527782e+00 2.896195e-19
1.531305e+00 2.720417e-19
1.534836e+00 2.554660e-19
1.538375e+00 2.398451e-19
1.541923e+00 2.251323e-19
1.545479e+00 2.112822e-19
1.549043e+00 1.982501e-19
1.552615e+00 1.864700e-19
1.556195e+00 1.754852e-19
1.559784e+00 1.651289e-19
1.563380e+00 1.553677e-19
1.566986e+00 1.461699e-19
1.570599e+00 1.375047e-19
1.574221e+00 1.293433e-19
1.577851e+00 1.216578e-19
1.581490e+00 1.144218e-19
1.585137e+00 1.076099e-19
1.588792e+00 1.011982e-19
1.592456e+00 9.516409e-20
1.596128e+00 8.948581e-20
1.599809e+00 8.414304e-20
1.603498e+00 7.911671e-20
1.607195e+00 7.440406e-20
1.610902e+00 7.013533e-20
1.614616e+00 6.610990e-20
1.618340e+00 6.231418e-20
1.622072e+00 5.873526e-20
1.625812e+00 5.536090e-20
1.629561e+00 5.217957e-20
1.633319e+00 4.918035e-20
1.637085e+00 4.635291e-20
1.640861e+00 4.368752e-20
1.644644e+00 4.117478e-20
1.648437e+00 3.880611e-20
1.652238e+00 3.657350e-20
1.656048e+00 3.446915e-20
1.659867e+00 3.248557e-20
1.663695e+00 3.061579e-20
1.667531e+00 2.887575e-20
1.671377e+00 2.727001e-20
1.675231e+00 2.575342e-20
1.679094e+00 2.432108e-20
1.682966e+00 2.296829e-20
1.686847e+00 2.169086e-20
1.690737e+00 2.048446e-20
1.694636e+00 1.934495e-20
1.698544e+00 1.826871e-20
1.702460e+00 1.725245e-20
1.706386e+00 1.629278e-20
1.710321e+00 1.538650e-20
1.714265e+00 1.453063e-20
1.718218e+00 1.372238e-20
1.722181e+00 1.295911e-20
1.726152e+00 1.223822e-20
1.730132e+00 1.157033e-20
1.734122e+00 1.094528e-20
1.738121e+00 1.035423e-20
1.742129e+00 9.795159e-21
1.746147e+00 9.266633e-21
1.750173e+00 8.766730e-21
1.754209e+00 8.293521e-21
1.758254e+00 7.845904e-21
1.762309e+00 7.422972e-21
1.766373e+00 7.023019e-21
1.770446e+00 6.644271e-21
1.774529e+00 6.285984e-21
1.778621e+00 5.947095e-21
1.782722e+00 5.626554e-21
1.786833e+00 5.323375e-21
1.790954e+00 5.036620e-21
1.795084e+00 4.771908e-21
1.799223e+00 4.521514e-21
1.803372e+00 4.284355e-21
1.807531e+00 4.059734e-21
1.811699e+00 3.847746e-21
1.815877e+00 3.647306e-21
1.820064e+00 3.456766e-21
1.824261e+00 3.276137e-21
1.828468e+00 3.105089e-21
1.832684e+00 2.943115e-21
1.836911e+00 2.789745e-21
1.841147e+00 2.644525e-21
1.845392e+00 2.507030e-21
1.849648e+00 2.376854e-21
1.853913e+00 2.253618e-21
1.858188e+00 2.137573e-21
1.862473e+00 2.029541e-21
1.866768e+00 1.927157e-21
1.871073e+00 1.830137e-21
1.875388e+00 1.738203e-21
1.879712e+00 1.651101e-21
1.884047e+00 1.568580e-21
1.888391e+00 1.490413e-21
1.892746e+00 1.416374e-21
1.897111e+00 1.346257e-21
1.901486e+00 1.279862e-21
1.905870e+00 1.217001e-21
1.910265e+00 1.157494e-21
1.914670e+00 1.101174e-21
1.919086e+00 1.047879e-21
1.923511e+00 9.974565e-22
1.927947e+00 9.502498e-22
1.932393e+00 9.059855e-22
1.936849e+00 8.640899e-22
1.941315e+00 8.244406e-22
1.945792e+00 7.869342e-22
1.950279e+00 7.514569e-22
1.954776e+00 7.179175e-22
1.959284e+00 6.862122e-22
1.963802e+00 6.562573e-22
1.968331e+00 6.279612e-22
1.972870e+00 6.012449e-22
1.977419e+00 5.760287e-22
1.981979e+00 5.522370e-22
1.986549e+00 5.298016e-22
1.991130e+00 5.086485e-22
1.995722e+00 4.933043e-22
2.000324e+00 4.796736e-22
2.004937e+00 4.572195e-22
2.009560e+00 4.370309e-22
2.014194e+00 4.218359e-22
2.018839e+00 4.102324e-22
2.023495e+00 4.029024e-22
2.028161e+00 3.970260e-22
2.032838e+00 3.924579e-22
2.037525e+00 3.699671e-22
2.042224e+00 3.474259e-22
2.046933e+00 3.374419e-22
2.051654e+00 3.303745e-22
2.056385e+00 3.284715e-22
2.061127e+00 3.190733e-22
2.065880e+00 3.042426e-22
2.070644e+00 3.016477e-22
2.075419e+00 3.037888e-22
2.080205e+00 3.236787e-22
2.085001e+00 3.263332e-22
2.089810e+00 2.939011e-22
2.094629e+00 2.693956e-22
2.099459e+00 2.498228e-22
2.104300e+00 2.433423e-22
2.109153e+00 2.387428e-22
2.114016e+00 2.344034e-22
2.118891e+00 2.303001e-22
2.123778e+00 2.264183e-22
2.128675e+00 2.178028e-22
2.133584e+00 2.080070e-22
2.138504e+00 2.046879e-22
2.143435e+00 2.015380e-22
2.148378e+00 1.985604e-22
2.153332e+00 1.957464e-22
2.158298e+00 1.930631e-22
2.163275e+00 1.905119e-22
2.168263e+00 1.880727e-22
2.173263e+00 1.857432e-22
2.178275e+00 1.794569e-22
2.183298e+00 1.710762e-22
2.188333e+00 1.690086e-22
2.193379e+00 1.670650e-22
2.198437e+00 1.652001e-22
2.203507e+00 1.634087e-22
2.208588e+00 1.616806e-22
2.213681e+00 1.600197e-22
2.218786e+00 1.584137e-22
2.223902e+00 1.568610e-22
2.229031e+00 1.601823e-22
2.234171e+00 1.639024e-22
2.239323e+00 1.624482e-22
2.244487e+00 1.817570e-22
2.249663e+00 2.188847e-22
2.254850e+00 2.706906e-22
2.260050e+00 2.847874e-22
2.265262e+00 2.195212e-22
2.270485e+00 1.752085e-22
2.275721e+00 1.436106e-22
2.280969e+00 1.424535e-22
2.286229e+00 1.413181e-22
2.291501e+00 1.402018e-22
2.296785e+00 1.391102e-22
2.302082e+00 1.380347e-22
2.307390e+00 1.369769e-22
2.312711e+00 1.359397e-22
2.318044e+00 1.349157e-22
2.323390e+00 1.339080e-22
2.328747e+00 1.329151e-22
2.334117e+00 1.319332e-22
2.339500e+00 1.309668e-22
2.344895e+00 1.300120e-22
2.350302e+00 1.290666e-22
2.355722e+00 1.281359e-22
2.361154e+00 1.272144e-22
2.366599e+00 1.263011e-22
2.372057e+00 1.254016e-22
2.377527e+00 1.245095e-22
2.383009e+00 1.236252e-22
2.388504e+00 1.227530e-22
2.394012e+00 1.218874e-22
2.399533e+00 1.210294e-22
2.405066e+00 1.201822e-22
2.410612e+00 1.193408e-22
2.416171e+00 1.185061e-22
2.421743e+00 1.131427e-22
2.427327e+00 1.094376e-22
2.432925e+00 1.086750e-22
2.438535e+00 1.079215e-22
2.444159e+00 1.071729e-22
2.449795e+00 1.064294e-22
2.455444e+00 1.056947e-22
2.461106e+00 1.049646e-22
2.466782e+00 1.042389e-22
2.472470e+00 1.035218e-22
2.478172e+00 1.028091e-22
2.483886e+00 1.021008e-22
2.489614e+00 1.013998e-22
2.495355e+00 1.037093e-22
2.501110e+00 1.059025e-22
2.506877e+00 1.005120e-22
2.512658e+00 9.864601e-23
2.518452e+00 9.796976e-23
2.524260e+00 9.729848e-23
2.530081e+00 9.293049e-23
2.535915e+00 8.992259e-23
2.541763e+00 8.930730e-23
2.547624e+00 8.869860e-23
2.553499e+00 8.809349e-23
2.559388e+00 8.822837e-23
2.565289e+00 9.176284e-23
2.571205e+00 8.895666e-23
2.577134e+00 8.571516e-23
2.583077e+00 8.513043e-23
2.589034e+00 8.455155e-23
2.595004e+00 8.397596e-23
2.600988e+00 8.406116e-23
2.606986e+00 8.749176e-23
2.612998e+00 8.779836e-23
2.619023e+00 8.719996e-23
2.625063e+00 8.660499e-23
2.631116e+00 8.601604e-23
2.637184e+00 8.543052e-23
2.643265e+00 8.484837e-23
2.649360e+00 8.427032e-23
2.655470e+00 8.369737e-23
2.661593e+00 8.312773e-23
2.667731e+00 8.256140e-23
2.673883e+00 8.199958e-23
2.680049e+00 8.144216e-23
2.686229e+00 8.088799e-23
2.692424e+00 8.033706e-23
2.698632e+00 7.979079e-23
2.704855e+00 7.924849e-23
2.711093e+00 7.870937e-23
2.717345e+00 7.817345e-23
2.723611e+00 7.764209e-23
2.729891e+00 7.711452e-23
2.736187e+00 7.659008e-23
2.742496e+00 7.606878e-23
2.748821e+00 7.555172e-23
2.755159e+00 7.503852e-23
2.761513e+00 7.452839e-23
2.767881e+00 7.402133e-23
2.774264e+00 7.351802e-23
2.780661e+00 7.301881e-23
2.787073e+00 7.252262e-23
2.793500e+00 7.202944e-23
2.799942e+00 7.153933e-23
2.806399e+00 7.105377e-23
2.812870e+00 6.817378e-23
2.819357e+00 6.570594e-23
2.825858e+00 6.525990e-23
2.832375e+00 6.481733e-23
2.838906e+00 6.437812e-23
2.845453e+00 6.394162e-23
2.852014e+00 6.350782e-23
2.858591e+00 6.307672e-23
2.865183e+00 6.264937e-23
2.871790e+00 5.986429e-23
2.878413e+00 5.798180e-23
2.885050e+00 5.758933e-23
2.891703e+00 5.719932e-23
2.898372e+00 5.681278e-23
2.905055e+00 5.642868e-23
2.911754e+00 5.755128e-23
2.918469e+00 5.933116e-23
2.925199e+00 5.884232e-23
2.931944e+00 5.552211e-23
2.938705e+00 5.684903e-23
2.945482e+00 5.773907e-23
2.952274e+00 5.734763e-23
2.959082e+00 5.695869e-23
2.965906e+00 5.657269e-23
2.972745e+00 5.618960e-23
2.979601e+00 5.580896e-23
2.986472e+00 5.414915e-23
2.993358e+00 5.166408e-23
3.000261e+00 5.131451e-23
3.007180e+00 5.096779e-23
3.014114e+00 5.062343e-23
3.021065e+00 5.028130e-23
3.028031e+00 4.994137e-23
3.035014e+00 4.960364e-23
3.042013e+00 4.926812e-23
3.049028e+00 4.893524e-23
3.056059e+00 4.860468e-23
3.063106e+00 4.827627e-23
3.070170e+00 4.795000e-23
3.077250e+00 4.762586e-23
3.084346e+00 4.730384e-23
3.091458e+00 4.698402e-23
3.098587e+00 4.666674e-23
3.105733e+00 4.842879e-23
3.112894e+00 1.575615e-22
3.120073e+00 3.343198e-22
3.127268e+00 4.006030e-22
3.134479e+00 2.169680e-22
3.141707e+00 4.771753e-23
3.148952e+00 4.487058e-23
3.156214e+00 4.420324e-23
3.163492e+00 4.390470e-23
3.170787e+00 4.360813e-23
3.178099e+00 4.331352e-23
3.185427e+00 4.302086e-23
3.192773e+00 4.273015e-23
3.200136e+00 4.244137e-23
3.207515e+00 4.215482e-23
3.214912e+00 4.187021e-23
3.222325e+00 4.158750e-23
3.229756e+00 3.988727e-23
3.237204e+00 3.855382e-23
3.244669e+00 3.829410e-23
3.252151e+00 3.803611e-23
3.259651e+00 3.777984e-23
3.267167e+00 3.752528e-23
3.274702e+00 3.727251e-23
3.282253e+00 3.702159e-23
3.289822e+00 3.677233e-23
3.297408e+00 3.652474e-23
3.305012e+00 3.627880e-23
3.312634e+00 3.603450e-23
3.320272e+00 3.579184e-23
3.327929e+00 3.634394e-23
3.335603e+00 3.756850e-23
3.343295e+00 3.731481e-23
3.351005e+00 3.706283e-23
3.358732e+00 3.681255e-23
3.366478e+00 3.656400e-23
3.374241e+00 3.433754e-23
3.382022e+00 3.390858e-23
3.389821e+00 3.368033e-23
3.397638e+00 3.345362e-23
3.405473e+00 3.322843e-23
3.413326e+00 3.300475e-23
3.421197e+00 3.278257e-23
3.429086e+00 3.256189e-23
3.436994e+00 3.234269e-23
3.444919e+00 3.212497e-23
3.452863e+00 3.190871e-23
3.460826e+00 3.169391e-23
3.468806e+00 3.199035e-23
3.476805e+00 3.325655e-23
3.484823e+00 3.268019e-23
3.492859e+00 3.084910e-23
3.500914e+00 3.064144e-23
3.508987e+00 3.058517e-23
3.517078e+00 3.214930e-23
3.525189e+00 3.188927e-23
3.533318e+00 2.982824e-23
3.541466e+00 2.962405e-23
3.549633e+00 2.942470e-23
3.557818e+00 2.922670e-23
3.566022e+00 3.072578e-23
3.574246e+00 2.900045e-23
3.582488e+00 2.864064e-23
3.590749e+00 2.844791e-23
3.599029e+00 2.825648e-23
3.607329e+00 2.806634e-23
3.615647e+00 2.787748e-23
3.623985e+00 2.768990e-23
3.632342e+00 2.750357e-23
3.640718e+00 2.731850e-23
3.649114e+00 2.713468e-23
3.657529e+00 2.695209e-23
3.665963e+00 2.677073e-23
3.674417e+00 2.659060e-23
3.682890e+00 2.641167e-23
3.691383e+00 2.623395e-23
3.699895e+00 2.605742e-23
3.708427e+00 2.588210e-23
3.716979e+00 2.570798e-23
3.725550e+00 2.553503e-23
3.734141e+00 2.551654e-23
3.742752e+00 2.657248e-23
3.751383e+00 2.502313e-23
3.760034e+00 2.485479e-23
3.768704e+00 2.468758e-23
3.777395e+00 2.452149e-23
3.786106e+00 2.435652e-23
3.794836e+00 2.419266e-23
3.803587e+00 2.402990e-23
3.812358e+00 2.386823e-23
3.821150e+00 2.370765e-23
3.829961e+00 2.354814e-23
3.838793e+00 2.338971e-23
3.847646e+00 2.323233e-23
3.856518e+00 2.307601e-23
3.865411e+00 2.292073e-23
3.874325e+00 2.276650e-23
3.883259e+00 2.261329e-23
3.892214e+00 2.237588e-23
3.901190e+00 2.101905e-23
3.910186e+00 2.087808e-23
3.919203e+00 2.073805e-23
3.928240e+00 2.059896e-23
3.937299e+00 2.046079e-23
3.946378e+00 2.032354e-23
3.955479e+00 2.018720e-23
3.964600e+00 2.005176e-23
3.973743e+00 1.991723e-23
3.982906e+00 1.978358e-23
3.992091e+00 1.965087e-23
4.001296e+00 1.951908e-23
4.010524e+00 1.938817e-23
4.019772e+00 1.925812e-23
4.029041e+00 1.912893e-23
4.038332e+00 1.835791e-23
4.047645e+00 1.780916e-23
4.056979e+00 1.769005e-23
4.066334e+00 1.757172e-23
4.075711e+00 1.849575e-23
4.085110e+00 1.837170e-23
4.094530e+00 1.789572e-23
4.103972e+00 1.710647e-23
4.113436e+00 1.699206e-23
4.122922e+00 1.687841e-23
4.132429e+00 1.676550e-23
4.141958e+00 1.764435e-23
4.151510e+00 1.752599e-23
4.161083e+00 1.775519e-23
4.170679e+00 1.783701e-23
4.180296e+00 1.717557e-23
4.189936e+00 1.706028e-23
4.199598e+00 1.604190e-23
4.209282e+00 1.588912e-23
4.218989e+00 1.578286e-23
4.228718e+00 1.608936e-23
4.238470e+00 1.649546e-23
4.248244e+00 1.566137e-23
4.258040e+00 1.536469e-23
4.267859e+00 1.538989e-23
4.277701e+00 1.636982e-23
4.287565e+00 1.691489e-23
4.297452e+00 1.680099e-23
4.307362e+00 1.584673e-23
4.317295e+00 1.563010e-23
4.327251e+00 1.552520e-23
4.337230e+00 1.542097e-23
4.347231e+00 1.474735e-23
4.357256e+00 1.436696e-23
4.367304e+00 1.433442e-23
4.377375e+00 1.477272e-23
4.387469e+00 1.408041e-23
4.397587e+00 1.398614e-23
4.407728e+00 1.465032e-23
4.417892e+00 1.461163e-23
4.428079e+00 1.421543e-23
4.438291e+00 1.361532e-23
4.448525e+00 1.352412e-23
4.458784e+00 1.343353e-23
4.469066e+00 1.334359e-23
4.479371e+00 1.325423e-23
4.489701e+00 1.316543e-23
4.500054e+00 1.307720e-23
4.510431e+00 1.298963e-23
4.520832e+00 1.290261e-23
4.531257e+00 1.281614e-23
4.541707e+00 1.273022e-23
4.552180e+00 1.264495e-23
4.562677e+00 1.256021e-23
4.573199e+00 1.247600e-23
4.583745e+00 1.239234e-23
4.594315e+00 1.230929e-23
4.604909e+00 1.222676e-23
4.615528e+00 1.275617e-23
4.626172e+00 1.206329e-23
4.636840e+00 1.198240e-23
4.647532e+00 1.190201e-23
4.658249e+00 1.182212e-23
4.668991e+00 1.174283e-23
4.679758e+00 1.166403e-23
4.690550e+00 1.158571e-23
4.701366e+00 1.150794e-23
4.712208e+00 1.143069e-23
4.723074e+00 1.135392e-23
4.733965e+00 1.067418e-23
4.744882e+00 1.060277e-23
4.755824e+00 1.053179e-23
4.766791e+00 1.046126e-23
4.777783e+00 1.039124e-23
4.788800e+00 1.032165e-23
4.799843e+00 1.025248e-23
4.810912e+00 1.018381e-23
4.822006e+00 1.011557e-23
4.833126e+00 1.004774e-23
4.844271e+00 9.464454e-24
4.855442e+00 9.401253e-24
4.866638e+00 9.338430e-24
4.877861e+00 9.276067e-24
4.889109e+00 9.214077e-24
4.900384e+00 9.152467e-24
4.911684e+00 9.091296e-24
4.923010e+00 9.030487e-24
4.934363e+00 8.970066e-24
4.945741e+00 8.910057e-24
4.957146e+00 8.850400e-24
4.968578e+00 8.791144e-24
4.980035e+00 8.732266e-24
4.991519e+00 9.636213e-24
5.003030e+00 1.072708e-23
5.014567e+00 8.799287e-24
5.026130e+00 8.500426e-24
5.037721e+00 8.443396e-24
5.049338e+00 8.386693e-24
5.060981e+00 8.199149e-24
5.072652e+00 8.158072e-24
5.084350e+00 8.169105e-24
5.096074e+00 7.760707e-24
5.107826e+00 7.708737e-24
5.119605e+00 8.368362e-24
5.131410e+00 8.896676e-24
5.143243e+00 8.216009e-24
5.155104e+00 7.504148e-24
5.166991e+00 7.823864e-24
5.178907e+00 7.239246e-24
5.190849e+00 7.006692e-24
5.202819e+00 6.959867e-24
5.214817e+00 6.913316e-24
5.226842e+00 6.941245e-24
5.238896e+00 7.402618e-24
5.250977e+00 7.109769e-24
5.263085e+00 7.061824e-24
5.275222e+00 7.005320e-24
5.287387e+00 6.639936e-24
5.299580e+00 6.595320e-24
5.311800e+00 6.872863e-24
5.324049e+00 6.826317e-24
5.336327e+00 6.780067e-24
5.348632e+00 6.734076e-24
5.360966e+00 6.376303e-24
5.373329e+00 6.333276e-24
5.385720e+00 6.597750e-24
5.398139e+00 6.315774e-24
5.410587e+00 6.286671e-24
5.423064e+00 6.233137e-24
5.435570e+00 6.121958e-24
5.448104e+00 6.080441e-24
5.460668e+00 5.963831e-24
5.473260e+00 5.732522e-24
5.485881e+00 5.773544e-24
5.498532e+00 6.151919e-24
5.511212e+00 6.061965e-24
5.523920e+00 5.836439e-24
5.536659e+00 5.796617e-24
5.549426e+00 6.014696e-24
5.562223e+00 5.863818e-24
5.575050e+00 5.429476e-24
5.587906e+00 5.392625e-24
5.600792e+00 5.355979e-24
5.613707e+00 5.319570e-24
5.626652e+00 5.283374e-24
5.639627e+00 5.247407e-24
5.652632e+00 5.211662e-24
5.665668e+00 5.176135e-24
5.678733e+00 5.374030e-24
5.691828e+00 5.589926e-24
5.704953e+00 5.263828e-24
5.718109e+00 5.075148e-24
5.731295e+00 5.227405e-24
5.744511e+00 4.897738e-24
5.757758e+00 4.731466e-24
5.771036e+00 4.900043e-24
5.784344e+00 5.084589e-24
5.797682e+00 5.049493e-24
5.811052e+00 5.014637e-24
5.824452e+00 4.781335e-24
5.837883e+00 4.542557e-24
5.851346e+00 4.483611e-24
5.864839e+00 4.309251e-24
5.878363e+00 4.451073e-24
5.891919e+00 4.251804e-24
5.905506e+00 4.223407e-24
5.919124e+00 4.195218e-24
5.932773e+00 4.167240e-24
5.946454e+00 4.303081e-24
5.960167e+00 4.274159e-24
5.973911e+00 4.105460e-24
5.987687e+00 4.217004e-24
6.001495e+00 4.188765e-24
6.015334e+00 4.305140e-24
6.029206e+00 4.054148e-24
6.043109e+00 3.951199e-24
6.057044e+00 3.925166e-24
6.071012e+00 3.899351e-24
6.085012e+00 3.873746e-24
6.099044e+00 3.980131e-24
6.113108e+00 3.886020e-24
6.127205e+00 3.836549e-24
6.141335e+00 4.240038e-24
6.155496e+00 4.927531e-24
6.169691e+00 5.763846e-24
6.183918e+00 5.775371e-24
6.198179e+00 4.930523e-24
6.212472e+00 5.619822e-24
6.226798e+00 4.732853e-24
6.241157e+00 4.059331e-24
6.255549e+00 4.114219e-24
6.269974e+00 3.437607e-24
6.284433e+00 3.415928e-24
6.298925e+00 3.394439e-24
6.313450e+00 3.373141e-24
6.328009e+00 3.312979e-24
6.342601e+00 3.224651e-24
6.357228e+00 3.204774e-24
6.371887e+00 3.185071e-24
6.386581e+00 3.165538e-24
6.401308e+00 3.146174e-24
6.416070e+00 3.126978e-24
6.430865e+00 3.107952e-24
6.445695e+00 3.089090e-24
6.460559e+00 3.070390e-24
6.475457e+00 3.051851e-24
6.490389e+00 3.033474e-24
6.505356e+00 3.015257e-24
6.520358e+00 2.997196e-24
6.535394e+00 2.979288e-24
6.550464e+00 2.961534e-24
6.565570e+00 2.943934e-24
6.580710e+00 2.926486e-24
6.595885e+00 2.909185e-24
6.611095e+00 2.892031e-24
6.626341e+00 2.875022e-24
6.641621e+00 2.858157e-24
6.656937e+00 2.915817e-24
6.672288e+00 2.913787e-24
6.687674e+00 2.808420e-24
6.703096e+00 2.792118e-24
6.718553e+00 2.775953e-24
6.734046e+00 2.682385e-24
6.749575e+00 2.667127e-24
6.765140e+00 2.714039e-24
6.780740e+00 2.660294e-24
6.796376e+00 2.664106e-24
6.812049e+00 2.648314e-24
6.827758e+00 2.592727e-24
6.843502e+00 2.578213e-24
6.859284e+00 2.627997e-24
6.875101e+00 2.621499e-24
6.890955e+00 2.606743e-24
6.906846e+00 2.521340e-24
6.922773e+00 2.507410e-24
6.938737e+00 2.493592e-24
6.954738e+00 2.479886e-24
6.970775e+00 2.466290e-24
6.986850e+00 2.452802e-24
7.002962e+00 2.506717e-24
7.019111e+00 2.492878e-24
7.035297e+00 2.479147e-24
7.051520e+00 2.465524e-24
7.067781e+00 2.386942e-24
7.084080e+00 2.385821e-24
7.100415e+00 2.763954e-24
7.116789e+00 2.481580e-24
7.133200e+00 2.935716e-24
7.149650e+00 3.230089e-24
7.166137e+00 2.315093e-24
7.182662e+00 2.298934e-24
7.199225e+00 2.286739e-24
7.215827e+00 2.274634e-24
7.232466e+00 2.322380e-24
7.249145e+00 2.250690e-24
7.265861e+00 2.238850e-24
7.282616e+00 2.174916e-24
7.299410e+00 2.211680e-24
7.316243e+00 2.391970e-24
7.333114e+00 2.249097e-24
7.350024e+00 2.299683e-24
7.366973e+00 2.169564e-24
7.383962e+00 2.154505e-24
7.400989e+00 2.098017e-24
7.418056e+00 2.095279e-24
7.435162e+00 2.124968e-24
7.452307e+00 2.114009e-24
7.469493e+00 2.175829e-24
7.486717e+00 2.123292e-24
7.503982e+00 2.081571e-24
7.521286e+00 2.070903e-24
7.538630e+00 2.014531e-24
7.556014e+00 2.004403e-24
7.573438e+00 2.039316e-24
7.590903e+00 1.984344e-24
7.608407e+00 1.974411e-24
7.625953e+00 1.964544e-24
7.643538e+00 1.954739e-24
7.661164e+00 1.959372e-24
7.678831e+00 2.003555e-24
7.696538e+00 1.925701e-24
7.714287e+00 1.916145e-24
7.732076e+00 1.906651e-24
7.749906e+00 1.897217e-24
7.767777e+00 1.923129e-24
7.785690e+00 1.878534e-24
7.803644e+00 1.891658e-24
7.821639e+00 1.860093e-24
7.839676e+00 1.890349e-24
7.857754e+00 1.880930e-24
7.875874e+00 1.871574e-24
7.894036e+00 1.823933e-24
7.912240e+00 1.832617e-24
7.930485e+00 1.901817e-24
7.948773e+00 2.087994e-24
7.967103e+00 1.911086e-24
7.985475e+00 1.816768e-24
8.003890e+00 1.829390e-24
8.022347e+00 1.787337e-24
8.040846e+00 1.790226e-24
8.059389e+00 1.776950e-24
8.077974e+00 1.737791e-24
8.096602e+00 1.729518e-24
8.115272e+00 1.749856e-24
8.133986e+00 1.876161e-24
8.152743e+00 1.919355e-24
8.171544e+00 1.762840e-24
8.190387e+00 1.664023e-24
8.209274e+00 1.681218e-24
8.228205e+00 1.673396e-24
8.247179e+00 1.636909e-24
8.266197e+00 1.657950e-24
8.285259e+00 1.803309e-24
8.304365e+00 1.792655e-24
8.323515e+00 1.748279e-24
8.342709e+00 1.631640e-24
8.361947e+00 1.593344e-24
8.381230e+00 1.586316e-24
8.400557e+00 1.606030e-24
8.419929e+00 1.563167e-24
8.439346e+00 1.542441e-24
8.458807e+00 1.535908e-24
8.478313e+00 1.529444e-24
8.497864e+00 1.523048e-24
8.517460e+00 1.516721e-24
8.537101e+00 1.510464e-24
8.556788e+00 1.504278e-24
8.576520e+00 1.498162e-24
8.596298e+00 1.492117e-24
8.616121e+00 1.484876e-24
8.635989e+00 1.480243e-24
8.655904e+00 1.474415e-24
8.675865e+00 1.468659e-24
8.695871e+00 1.462978e-24
8.715924e+00 1.457370e-24
8.736023e+00 1.439705e-24
8.756168e+00 1.446381e-24
8.776360e+00 1.438101e-24
8.796599e+00 1.418472e-24
8.816884e+00 1.413414e-24
8.837215e+00 1.408432e-24
8.857594e+00 1.403528e-24
8.878020e+00 1.398701e-24
8.898493e+00 1.393953e-24
8.919012e+00 1.389285e-24
8.939580e+00 1.384697e-24
8.960195e+00 1.380190e-24
8.980857e+00 1.375766e-24
9.001567e+00 1.371426e-24
9.022324e+00 1.367171e-24
9.043130e+00 1.363002e-24
9.063984e+00 1.358921e-24
9.084885e+00 1.354929e-24
9.105835e+00 1.361320e-24
9.126833e+00 1.347219e-24
9.147880e+00 1.343505e-24
9.168975e+00 1.339887e-24
9.190118e+00 1.336368e-24
9.211311e+00 1.347081e-24
9.232552e+00 1.343628e-24
9.253843e+00 1.326415e-24
9.275182e+00 1.323306e-24
9.296571e+00 1.320302e-24
9.318009e+00 1.317406e-24
9.339496e+00 1.314617e-24
9.361033e+00 1.311934e-24
9.382620e+00 1.309356e-24
9.404256e+00 1.295451e-24
9.425942e+00 1.293175e-24
9.447679e+00 1.290990e-24
9.469465e+00 1.288885e-24
9.491302e+00 1.286852e-24
9.513189e+00 1.284878e-24
9.535126e+00 1.293778e-24
9.557114e+00 1.282572e-24
9.579153e+00 1.279138e-24
9.601243e+00 1.277220e-24
9.623383e+00 1.275264e-24
9.645575e+00 1.273247e-24
9.667817e+00 1.271148e-24
9.690112e+00 1.268948e-24
9.712457e+00 1.276645e-24
9.734854e+00 1.264193e-24
9.757303e+00 1.261621e-24
9.779803e+00 1.258919e-24
9.802355e+00 1.256092e-24
9.824960e+00 1.253150e-24
9.847616e+00 1.250107e-24
9.870325e+00 1.256138e-24
9.893086e+00 1.284841e-24
9.915899e+00 1.288631e-24
9.938766e+00 1.246050e-24
9.961684e+00 1.239110e-24
9.984656e+00 1.232046e-24
1.000768e+01 1.228121e-24
1.003076e+01 1.217025e-24
1.005389e+01 1.213957e-24
1.007707e+01 1.210937e-24
1.010031e+01 1.207971e-24
1.012360e+01 1.205065e-24
1.014695e+01 1.202220e-24
1.017035e+01 1.199438e-24
1.019380e+01 1.196722e-24
1.021731e+01 1.188453e-24
1.024087e+01 1.190935e-24
1.026448e+01 1.184901e-24
1.028815e+01 1.181121e-24
1.031188e+01 1.184090e-24
1.033566e+01 1.181745e-24
1.035949e+01 1.180249e-24
1.038338e+01 1.177221e-24
1.040732e+01 1.175039e-24
1.043132e+01 1.167985e-24
1.045538e+01 1.170822e-24
1.047949e+01 1.164002e-24
1.050365e+01 1.164686e-24
1.052788e+01 1.160190e-24
1.055215e+01 1.158343e-24
1.057649e+01 1.156534e-24
1.060088e+01 1.154761e-24
1.062532e+01 1.153021e-24
1.064982e+01 1.155638e-24
1.067438e+01 1.153901e-24
1.069900e+01 1.152194e-24
1.072367e+01 1.151253e-24
1.074840e+01 1.148867e-24
1.077318e+01 1.147243e-24
1.079803e+01 1.141676e-24
1.082293e+01 1.140159e-24
1.084789e+01 1.142520e-24
1.087290e+01 1.137189e-24
1.089797e+01 1.135735e-24
1.092311e+01 1.134300e-24
1.094829e+01 1.132884e-24
1.097354e+01 1.131485e-24
1.099885e+01 1.133643e-24
1.102421e+01 1.129058e-24
1.104963e+01 1.127532e-24
1.107511e+01 1.126047e-24
1.110065e+01 1.124723e-24
1.112625e+01 1.123412e-24
1.115191e+01 1.122113e-24
1.117762e+01 1.119926e-24
1.120340e+01 1.116791e-24
1.122923e+01 1.118282e-24
1.125513e+01 1.114346e-24
1.128108e+01 1.113136e-24
1.130710e+01 1.111935e-24
1.133317e+01 1.110740e-24
1.135931e+01 1.109553e-24
1.138550e+01 1.109004e-24
1.141176e+01 1.109656e-24
1.143807e+01 1.107055e-24
1.146445e+01 1.104864e-24
1.149088e+01 1.103704e-24
1.151738e+01 1.102741e-24
1.154394e+01 1.126297e-24
1.157056e+01 1.101431e-24
1.159724e+01 1.099103e-24
1.162399e+01 1.099876e-24
1.165079e+01 1.101210e-24
1.167766e+01 1.096343e-24
1.170459e+01 1.099044e-24
1.173158e+01 1.093831e-24
1.175863e+01 1.092271e-24
1.178575e+01 1.091136e-24
1.181293e+01 1.090002e-24
1.184017e+01 1.088867e-24
1.186747e+01 1.087732e-24
1.189484e+01 1.086597e-24
1.192227e+01 1.085460e-24
1.194976e+01 1.084322e-24
1.197731e+01 1.084998e-24
1.200493e+01 1.084652e-24
1.203262e+01 1.080900e-24
1.206037e+01 1.079755e-24
1.208818e+01 1.078607e-24
1.211605e+01 1.077457e-24
1.214399e+01 1.075891e-24
1.217200e+01 1.073719e-24
1.220006e+01 1.073990e-24
1.222820e+01 1.072828e-24
1.225640e+01 1.071662e-24
1.228466e+01 1.070492e-24
1.231299e+01 1.070844e-24
1.234138e+01 1.069644e-24
1.236984e+01 1.067865e-24
1.239837e+01 1.066939e-24
1.242696e+01 1.069563e-24
1.245561e+01 1.066431e-24
1.248434e+01 1.065187e-24
1.251313e+01 1.062359e-24
1.254198e+01 1.058587e-24
1.257090e+01 1.057389e-24
1.259989e+01 1.056199e-24
1.262895e+01 1.054975e-24
1.265807e+01 1.053760e-24
1.268726e+01 1.052539e-24
1.271652e+01 1.051311e-24
1.274584e+01 1.050078e-24
1.277523e+01 1.048839e-24
1.280469e+01 1.047594e-24
1.283422e+01 1.046342e-24
1.286382e+01 1.045084e-24
1.289348e+01 1.043820e-24
1.292321e+01 1.042549e-24
1.295301e+01 1.041272e-24
1.298288e+01 1.039989e-24
1.301282e+01 1.038699e-24
1.304283e+01 1.037402e-24
1.307291e+01 1.036099e-24
1.310305e+01 1.034789e-24
1.313327e+01 1.035365e-24
1.316355e+01 1.037043e-24
1.319391e+01 1.030820e-24
1.322433e+01 1.029483e-24
1.325483e+01 1.028140e-24
1.328539e+01 1.026790e-24
1.331603e+01 1.025434e-24
1.334674e+01 1.025223e-24
1.337752e+01 1.022014e-24
1.340836e+01 1.020648e-24
1.343928e+01 1.019274e-24
1.347027e+01 1.017895e-24
1.350134e+01 1.016508e-24
1.353247e+01 1.015115e-24
1.356368e+01 1.013715e-24
1.359496e+01 1.012308e-24
1.362631e+01 1.010895e-24
1.365773e+01 1.009476e-24
1.368922e+01 1.008050e-24
1.372079e+01 1.006618e-24
1.375243e+01 1.005179e-24
1.378414e+01 1.003735e-24
1.381593e+01 1.002284e-24
1.384779e+01 1.000827e-24
1.387972e+01 9.993635e-25
1.391173e+01 9.977000e-25
1.394381e+01 9.959582e-25
1.397596e+01 9.944842e-25
1.400819e+01 9.934527e-25
1.404050e+01 9.915189e-25
1.407287e+01 9.903493e-25
1.410533e+01 9.885312e-25
1.413785e+01 9.870292e-25
1.417045e+01 9.855220e-25
1.420313e+01 9.845944e-25
1.423588e+01 9.824921e-25
1.426871e+01 9.809697e-25
1.430162e+01 9.793742e-25
1.433460e+01 9.775723e-25
1.436765e+01 9.760407e-25
1.440078e+01 9.745045e-25
1.443399e+01 9.729639e-25
1.446728e+01 9.714191e-25
1.450064e+01 9.698702e-25
1.453408e+01 9.683174e-25
1.456759e+01 9.667607e-25
1.460119e+01 9.652004e-25
1.463486e+01 9.636365e-25
1.466860e+01 9.620693e-25
1.470243e+01 9.604989e-25
1.473633e+01 9.589255e-25
1.477032e+01 9.573491e-25
1.480438e+01 9.557701e-25
1.483852e+01 9.541884e-25
1.487273e+01 9.526044e-25
1.490703e+01 9.510182e-25
1.494141e+01 9.492022e-25
1.497586e+01 9.478399e-25
1.501040e+01 9.484644e-25
1.504501e+01 9.444366e-25
1.507970e+01 9.428452e-25
1.511448e+01 9.412525e-25
1.514933e+01 9.396589e-25
1.518427e+01 9.380645e-25
1.521928e+01 9.364695e-25
1.525438e+01 9.348742e-25
1.528955e+01 9.332786e-25
1.532481e+01 9.316831e-25
1.536015e+01 9.300504e-25
1.539557e+01 9.283281e-25
1.543107e+01 9.267362e-25
1.546666e+01 9.251451e-25
1.550232e+01 9.235551e-25
1.553807e+01 9.219663e-25
1.557390e+01 9.203789e-25
1.560982e+01 9.188194e-25
1.564581e+01 9.172832e-25
1.568189e+01 9.156278e-25
1.571805e+01 9.140485e-25
1.575430e+01 9.124718e-25
1.579063e+01 9.108979e-25
1.582704e+01 9.093270e-25
1.586354e+01 9.077594e-25
1.590012e+01 9.061953e-25
1.593679e+01 9.046348e-25
1.597354e+01 9.030784e-25
1.601037e+01 9.015261e-25
1.604729e+01 8.999783e-25
1.608430e+01 8.984351e-25
1.612139e+01 8.968491e-25
1.615857e+01 8.952572e-25
1.619583e+01 8.937824e-25
1.623317e+01 8.923137e-25
1.627061e+01 8.907974e-25
1.630813e+01 8.892872e-25
1.634574e+01 8.877341e-25
1.638343e+01 8.862860e-25
1.642121e+01 8.847955e-25
1.645908e+01 8.834212e-25
1.649703e+01 8.819435e-25
1.653507e+01 8.807350e-25
1.657320e+01 8.793921e-25
1.661142e+01 8.779670e-25
1.664973e+01 8.762314e-25
1.668812e+01 8.745728e-25
1.672661e+01 8.731284e-25
1.676518e+01 8.716422e-25
1.680384e+01 8.702341e-25
1.684259e+01 8.688354e-25
1.688143e+01 8.674463e-25
1.692035e+01 8.660670e-25
1.695937e+01 8.646978e-25
1.699848e+01 8.633389e-25
1.703768e+01 8.619905e-25
1.707697e+01 8.606370e-25
1.711635e+01 8.592615e-25
1.715582e+01 8.579469e-25
1.719538e+01 8.566437e-25
1.723503e+01 8.553520e-25
1.727478e+01 8.540721e-25
1.731461e+01 8.528042e-25
1.735454e+01 8.515485e-25
1.739456e+01 8.503051e-25
1.743467e+01 8.490743e-25
1.747488e+01 8.478562e-25
1.751517e+01 8.466511e-25
1.755556e+01 8.454591e-25
1.759605e+01 8.442804e-25
1.763662e+01 8.431151e-25
1.767729e+01 8.419635e-25
1.771806e+01 8.408256e-25
1.775892e+01 8.397017e-25
1.779987e+01 8.385919e-25
1.784092e+01 8.374963e-25
1.788206e+01 8.364151e-25
1.792329e+01 8.353485e-25
1.796462e+01 8.342965e-25
1.800605e+01 8.332593e-25
1.804757e+01 8.322371e-25
1.808919e+01 8.311903e-25
1.813090e+01 8.301988e-25
1.817271e+01 8.292225e-25
1.821462e+01 8.282616e-25
1.825662e+01 8.273162e-25
1.829872e+01 8.264230e-25
1.834092e+01 8.254720e-25
1.838322e+01 8.245735e-25
1.842561e+01 8.236907e-25
1.846810e+01 8.228238e-25
1.851068e+01 8.219728e-25
1.855337e+01 8.211378e-25
1.859615e+01 8.203189e-25
1.863904e+01 8.195160e-25
1.868202e+01 8.187293e-25
1.872510e+01 8.179588e-25
1.876828e+01 8.171992e-25
1.881156e+01 8.164400e-25
1.885494e+01 8.157186e-25
1.889842e+01 8.150136e-25
1.894200e+01 8.143249e-25
1.898568e+01 8.136525e-25
1.902946e+01 8.129965e-25
1.907334e+01 8.123568e-25
1.911733e+01 8.117353e-25
1.916141e+01 8.111265e-25
1.920560e+01 8.105358e-25
1.924989e+01 8.099614e-25
1.929428e+01 8.094033e-25
1.933877e+01 8.088615e-25
1.938336e+01 8.083359e-25
1.942806e+01 8.078265e-25
1.947286e+01 8.073332e-25
1.951777e+01 8.068560e-25
1.956278e+01 8.063949e-25
1.960789e+01 8.059918e-25
1.965310e+01 8.055205e-25
1.969842e+01 8.051071e-25
1.974385e+01 8.047095e-25
1.978938e+01 8.043862e-25
1.983501e+01 8.039612e-25
1.988075e+01 8.036229e-25
1.992660e+01 8.032748e-25
1.997255e+01 8.029546e-25
2.001861e+01 8.026495e-25
2.006477e+01 8.023444e-25
2.011104e+01 8.020694e-25
2.015741e+01 8.018092e-25
2.020390e+01 8.015635e-25
2.025049e+01 8.013322e-25
2.029719e+01 8.011151e-25
2.034399e+01 8.009120e-25
2.039090e+01 8.007227e-25
2.043793e+01 8.005687e-25
2.048506e+01 8.003979e-25
2.053229e+01 8.002357e-25
2.057964e+01 8.000995e-25
2.062710e+01 7.999760e-25
2.067466e+01 7.998648e-25
2.072234e+01 7.997658e-25
2.077013e+01 7.996785e-25
2.081802e+01 7.995941e-25
2.086603e+01 7.995383e-25
2.091415e+01 7.994846e-25
2.096237e+01 7.994415e-25
2.101071e+01 7.993988e-25
2.105916e+01 7.993758e-25
2.110773e+01 7.993622e-25
2.115640e+01 7.993576e-25
2.120519e+01 7.993616e-25
2.125409e+01 7.993739e-25
2.130310e+01 7.993939e-25
2.135223e+01 7.994213e-25
2.140146e+01 7.994556e-25
2.145082e+01 7.994963e-25
2.150028e+01 7.995430e-25
2.154986e+01 7.995952e-25
2.159956e+01 7.996524e-25
2.164936e+01 7.997141e-25
2.169929e+01 7.997798e-25
2.174933e+01 7.998490e-25
2.179948e+01 7.999212e-25
2.184975e+01 7.999959e-25
2.190014e+01 8.000725e-25
2.195064e+01 8.001504e-25
2.200126e+01 8.002293e-25
2.205199e+01 8.003084e-25
2.210284e+01 8.003874e-25
2.215381e+01 8.004656e-25
2.220490e+01 8.005424e-25
2.225610e+01 8.006174e-25
2.230743e+01 8.006900e-25
2.235887e+01 8.007601e-25
2.241043e+01 8.008258e-25
2.246211e+01 8.008880e-25
2.251390e+01 8.009455e-25
2.256582e+01 8.009980e-25
2.261786e+01 8.010449e-25
2.267002e+01 8.010856e-25
2.272229e+01 8.011197e-25
2.277469e+01 8.011467e-25
2.282721e+01 8.011660e-25
2.287985e+01 8.011772e-25
2.293261e+01 8.011797e-25
2.298549e+01 8.011747e-25
2.303850e+01 8.011631e-25
2.309162e+01 8.011370e-25
2.314487e+01 8.011005e-25
2.319825e+01 8.010531e-25
2.325174e+01 8.009946e-25
2.330536e+01 8.009244e-25
2.335910e+01 8.008421e-25
2.341297e+01 8.007475e-25
2.346696e+01 8.006402e-25
2.352107e+01 8.005198e-25
2.357531e+01 8.003859e-25
2.362968e+01 8.002384e-25
2.368417e+01 8.000769e-25
2.373878e+01 7.999011e-25
2.379353e+01 7.997108e-25
2.384839e+01 7.995057e-25
2.390339e+01 7.992856e-25
2.395851e+01 7.990502e-25
2.401376e+01 7.987995e-25
2.406914e+01 7.985331e-25
2.412464e+01 7.982510e-25
2.418027e+01 7.979530e-25
2.423603e+01 7.976389e-25
2.429192e+01 7.973087e-25
2.434794e+01 7.969622e-25
2.440408e+01 7.965994e-25
2.446036e+01 7.962201e-25
2.451676e+01 7.958244e-25
2.457330e+01 7.954121e-25
2.462997e+01 7.949833e-25
2.468676e+01 7.945380e-25
2.474369e+01 7.940761e-25
2.480075e+01 7.935976e-25
2.485794e+01 7.931078e-25
2.491526e+01 7.925963e-25
2.497272e+01 7.920684e-25
2.503031e+01 7.915192e-25
2.508803e+01 7.909587e-25
2.514588e+01 7.903820e-25
2.520387e+01 7.897892e-25
2.526199e+01 7.891804e-25
2.532024e+01 7.885558e-25
2.537863e+01 7.879113e-25
2.543715e+01 7.872553e-25
2.549581e+01 7.865840e-25
2.555460e+01 7.858973e-25
2.561353e+01 7.851955e-25
2.567260e+01 7.844788e-25
2.573180e+01 7.837473e-25
2.579114e+01 7.830012e-25
2.585061e+01 7.822407e-25
2.591022e+01 7.814661e-25
2.596997e+01 7.806774e-25
2.602986e+01 7.798750e-25
2.608988e+01 7.790590e-25
2.615005e+01 7.782297e-25
2.621035e+01 7.773872e-25
2.627079e+01 7.765319e-25
2.633137e+01 7.756639e-25
2.639209e+01 7.747835e-25
2.645295e+01 7.738909e-25
2.651395e+01 7.729864e-25
2.657509e+01 7.720702e-25
2.663638e+01 7.711426e-25
2.669780e+01 7.702037e-25
2.675937e+01 7.692539e-25
2.682107e+01 7.682934e-25
2.688292e+01 7.673225e-25
2.694492e+01 7.663413e-25
2.700705e+01 7.653502e-25
2.706933e+01 7.643494e-25
2.713175e+01 7.633392e-25
2.719432e+01 7.623198e-25
2.725703e+01 7.612914e-25
2.731988e+01 7.602543e-25
2.738288e+01 7.592088e-25
2.744603e+01 7.581551e-25
2.750932e+01 7.570935e-25
2.757275e+01 7.560242e-25
2.763634e+01 7.549474e-25
2.770007e+01 7.538634e-25
2.776394e+01 7.527724e-25
2.782797e+01 7.516747e-25
2.789214e+01 7.505705e-25
2.795646e+01 7.494600e-25
2.802093e+01 7.483435e-25
2.808554e+01 7.472212e-25
2.815031e+01 7.460933e-25
2.821522e+01 7.449596e-25
2.828029e+01 7.438217e-25
2.834550e+01 7.426785e-25
2.841087e+01 7.415305e-25
2.847638e+01 7.403781e-25
2.854205e+01 7.392214e-25
2.860787e+01 7.380606e-25
2.867384e+01 7.368960e-25
2.873996e+01 7.357277e-25
2.880623e+01 7.345560e-25
2.887266e+01 7.333810e-25
2.893924e+01 7.322029e-25
2.900598e+01 7.310219e-25
2.907286e+01 7.298383e-25
2.913991e+01 7.286521e-25
2.920710e+01 7.274636e-25
2.927446e+01 7.262729e-25
2.934196e+01 7.250803e-25
2.940963e+01 7.238858e-25
2.947744e+01 7.226897e-25
2.954542e+01 7.214920e-25
2.961355e+01 7.202931e-25
2.968184e+01 7.190930e-25
2.975029e+01 7.178918e-25
2.981889e+01 7.166898e-25
2.988765e+01 7.154871e-25
2.995658e+01 7.142838e-25
3.002566e+01 7.130800e-25
3.009489e+01 7.118760e-25
3.016429e+01 7.106718e-25
3.023385e+01 7.094675e-25
3.030357e+01 7.082634e-25
3.037345e+01 7.070594e-25
3.044349e+01 7.058558e-25
3.051370e+01 7.046527e-25
3.058406e+01 7.034501e-25
3.065459e+01 7.022483e-25
3.072528e+01 7.010472e-25
3.079613e+01 6.998471e-25
3.086715e+01 6.986480e-25
3.093833e+01 6.974500e-25
3.100967e+01 6.962532e-25
3.108118e+01 6.950577e-25
3.115285e+01 6.938637e-25
3.122469e+01 6.926711e-25
3.129670e+01 6.914802e-25
3.136887e+01 6.902910e-25
3.144120e+01 6.891035e-25
3.151371e+01 6.879179e-25
3.158638e+01 6.867342e-25
3.165922e+01 6.855525e-25
3.173222e+01 6.843729e-25
3.180540e+01 6.831955e-25
3.187874e+01 6.820203e-25
3.195225e+01 6.808475e-25
3.202594e+01 6.796770e-25
3.209979e+01 6.785089e-25
3.217381e+01 6.773433e-25
3.224800e+01 6.761804e-25
3.232237e+01 6.750200e-25
3.239690e+01 6.738623e-25
3.247161e+01 6.727073e-25
3.254649e+01 6.715551e-25
3.262154e+01 6.704058e-25
3.269677e+01 6.692594e-25
3.277217e+01 6.681159e-25
3.284774e+01 6.669754e-25
3.292349e+01 6.658379e-25
3.299941e+01 6.647035e-25
3.307551e+01 6.635722e-25
3.315178e+01 6.624441e-25
3.322823e+01 6.613191e-25
3.330485e+01 6.601974e-25
3.338165e+01 6.590790e-25
3.345863e+01 6.579639e-25
3.353579e+01 6.568521e-25
3.361312e+01 6.557436e-25
3.369063e+01 6.546386e-25
3.376832e+01 6.535370e-25
3.384619e+01 6.524389e-25
3.392424e+01 6.513442e-25
3.400247e+01 6.502531e-25
3.408088e+01 6.491654e-25
3.415947e+01 6.480814e-25
3.423825e+01 6.470009e-25
3.431720e+01 6.459240e-25
3.439634e+01 6.448507e-25
3.447565e+01 6.437810e-25
3.455515e+01 6.427150e-25
3.463484e+01 6.416527e-25
3.471471e+01 6.405941e-25
3.479476e+01 6.395391e-25
3.487500e+01 6.384879e-25
3.495542e+01 6.374404e-25
3.503603e+01 6.363966e-25
3.511682e+01 6.353566e-25
3.519780e+01 6.343203e-25
3.527897e+01 6.332878e-25
3.536032e+01 6.322591e-25
3.544186e+01 6.312341e-25
3.552359e+01 6.302129e-25
3.560551e+01 6.291956e-25
3.568761e+01 6.281820e-25
3.576991e+01 6.271723e-25
3.585240e+01 6.261663e-25
3.593507e+01 6.251642e-25
3.601794e+01 6.241659e-25
3.610100e+01 6.231713e-25
3.618424e+01 6.221807e-25
3.626769e+01 6.211938e-25
3.635132e+01 6.202107e-25
3.643515e+01 6.192315e-25
3.651917e+01 6.182561e-25
3.660338e+01 6.172845e-25
3.668779e+01 6.163167e-25
3.677239e+01 6.153528e-25
3.685719e+01 6.143926e-25
3.694218e+01 6.134363e-25
3.702737e+01 6.124837e-25
3.711275e+01 6.115350e-25
3.719834e+01 6.105900e-25
3.728412e+01 6.096488e-25
3.737009e+01 6.087115e-25
3.745627e+01 6.077779e-25
3.754264e+01 6.068488e-25
3.762922e+01 6.059227e-25
3.771599e+01 6.050004e-25
3.780296e+01 6.040818e-25
3.789014e+01 6.031670e-25
3.797751e+01 6.022559e-25
3.806509e+01 6.013485e-25
3.815287e+01 6.004448e-25
3.824085e+01 5.995449e-25
3.832903e+01 5.986486e-25
3.841742e+01 5.977560e-25
3.850601e+01 5.968671e-25
3.859480e+01 5.959819e-25
3.868380e+01 5.951004e-25
3.877301e+01 5.942225e-25
3.886242e+01 5.933482e-25
3.895204e+01 5.924775e-25
3.904186e+01 5.916105e-25
3.913189e+01 5.907471e-25
3.922213e+01 5.898874e-25
3.931258e+01 5.890312e-25
3.940323e+01 5.881786e-25
3.949410e+01 5.873297e-25
3.958517e+01 5.864845e-25
3.967645e+01 5.856432e-25
3.976795e+01 5.848061e-25
3.985965e+01 5.839748e-25
3.995157e+01 5.831573e-25
4.004370e+01 5.825433e-25
4.013604e+01 5.815936e-25
4.022859e+01 5.806768e-25
4.032136e+01 5.798493e-25
4.041434e+01 5.790321e-25
4.050754e+01 5.782200e-25
4.060095e+01 5.774119e-25
4.069457e+01 5.766074e-25
4.078842e+01 5.758063e-25
4.088247e+01 5.750087e-25
4.097675e+01 5.742145e-25
4.107124e+01 5.734236e-25
4.116595e+01 5.726361e-25
4.126088e+01 5.718518e-25
4.135603e+01 5.710708e-25
4.145140e+01 5.702931e-25
4.154698e+01 5.695186e-25
4.164279e+01 5.687474e-25
4.173882e+01 5.679794e-25
4.183507e+01 5.672145e-25
4.193154e+01 5.664529e-25
4.202824e+01 5.656944e-25
4.212516e+01 5.649391e-25
4.222230e+01 5.641870e-25
4.231966e+01 5.634379e-25
4.241725e+01 5.626920e-25
4.251507e+01 5.619491e-25
4.261311e+01 5.612093e-25
4.271137e+01 5.604726e-25
4.280986e+01 5.597390e-25
4.290858e+01 5.590083e-25
4.300753e+01 5.582807e-25
4.310671e+01 5.575561e-25
4.320611e+01 5.568344e-25
4.330575e+01 5.561158e-25
4.340561e+01 5.554001e-25
4.350570e+01 5.546873e-25
4.360603e+01 5.539774e-25
4.370658e+01 5.532705e-25
4.380737e+01 5.525664e-25
4.390839e+01 5.518652e-25
4.400964e+01 5.511669e-25
4.411113e+01 5.504714e-25
4.421285e+01 5.497788e-25
4.431481e+01 5.490890e-25
4.441700e+01 5.484019e-25
4.451942e+01 5.477177e-25
4.462208e+01 5.470362e-25
4.472498e+01 5.463575e-25
4.482812e+01 5.456815e-25
4.493149e+01 5.450082e-25
4.503511e+01 5.443377e-25
4.513896e+01 5.436698e-25
4.524305e+01 5.430046e-25
4.534738e+01 5.423421e-25
4.545195e+01 5.416822e-25
4.555676e+01 5.410250e-25
4.566182e+01 5.403704e-25
4.576711e+01 5.397184e-25
4.587265e+01 5.390689e-25
4.597843e+01 5.384221e-25
4.608446e+01 5.377778e-25
4.619073e+01 5.371360e-25
4.629725e+01 5.364968e-25
4.640401e+01 5.358601e-25
4.651102e+01 5.352259e-25
4.661827e+01 5.345942e-25
4.672578e+01 5.339649e-25
4.683353e+01 5.333381e-25
4.694152e+01 5.327138e-25
4.704977e+01 5.320919e-25
4.715827e+01 5.314724e-25
4.726702e+01 5.308553e-25
4.737601e+01 5.302405e-25
4.748526e+01 5.296282e-25
4.759476e+01 5.290182e-25
4.770452e+01 5.284106e-25
4.781453e+01 5.278053e-25
4.792479e+01 5.272023e-25
4.803530e+01 5.266016e-25
4.814607e+01 5.260032e-25
4.825710e+01 5.254071e-25
4.836838e+01 5.248132e-25
4.847992e+01 5.242216e-25
4.859171e+01 5.236323e-25
4.870376e+01 5.230451e-25
4.881607e+01 5.224602e-25
4.892864e+01 5.218774e-25
4.904147e+01 5.212969e-25
4.915456e+01 5.207185e-25
4.926792e+01 5.201422e-25
4.938153e+01 5.195682e-25
4.949540e+01 5.189962e-25
4.960954e+01 5.184264e-25
4.972394e+01 5.178586e-25
4.983860e+01 5.172930e-25
4.995353e+01 5.167294e-25
5.006872e+01 5.161680e-25
5.018418e+01 5.156085e-25
5.029991e+01 5.150511e-25
5.041590e+01 5.144958e-25
5.053216e+01 5.139425e-25
5.064869e+01 5.133911e-25
5.076548e+01 5.128418e-25
5.088255e+01 5.122944e-25
5.099988e+01 5.117491e-25
5.111749e+01 5.112056e-25
5.123537e+01 5.106642e-25
5.135352e+01 5.101246e-25
5.147194e+01 5.095870e-25
5.159063e+01 5.090513e-25
5.170960e+01 5.085175e-25
5.182884e+01 5.079856e-25
5.194836e+01 5.074555e-25
5.206816e+01 5.069274e-25
5.218822e+01 5.064011e-25
5.230857e+01 5.058766e-25
5.242920e+01 5.053540e-25
5.255010e+01 5.048331e-25
5.267128e+01 5.043141e-25
5.279274e+01 5.037969e-25
5.291448e+01 5.032815e-25
5.303650e+01 5.027679e-25
5.315880e+01 5.022560e-25
5.328139e+01 5.017459e-25
5.340425e+01 5.012375e-25
5.352741e+01 5.007309e-25
5.365084e+01 5.002260e-25
5.377456e+01 4.997228e-25
5.389856e+01 4.992214e-25
5.402285e+01 4.987216e-25
5.414743e+01 4.982235e-25
5.427230e+01 4.977270e-25
5.439745e+01 4.972323e-25
5.452289e+01 4.967392e-25
5.464862e+01 4.962477e-25
5.477464e+01 4.957579e-25
5.490095e+01 4.952697e-25
5.502755e+01 4.947831e-25
5.515445e+01 4.942981e-25
5.528163e+01 4.938148e-25
5.540911e+01 4.933330e-25
5.553689e+01 4.928527e-25
5.566495e+01 4.923741e-25
5.579332e+01 4.918970e-25
5.592198e+01 4.914215e-25
5.605093e+01 4.909475e-25
5.618019e+01 4.904750e-25
5.630974e+01 4.900041e-25
5.643959e+01 4.895345e-25
5.656974e+01 4.890669e-25
5.670019e+01 4.886004e-25
5.683094e+01 4.881355e-25
5.696200e+01 4.876721e-25
5.709335e+01 4.872102e-25
5.722501e+01 4.867499e-25
5.735697e+01 4.862912e-25
5.748923e+01 4.858349e-25
5.762181e+01 4.853866e-25
5.775468e+01 4.850689e-25
5.788786e+01 4.844735e-25
5.802135e+01 4.840178e-25
5.815515e+01 4.835665e-25
5.828926e+01 4.831171e-25
5.842367e+01 4.826692e-25
5.855840e+01 4.822227e-25
5.869344e+01 4.817777e-25
5.882878e+01 4.813340e-25
5.896444e+01 4.808917e-25
5.910041e+01 4.804508e-25
5.923670e+01 4.800112e-25
5.937330e+01 4.795729e-25
5.951022e+01 4.791360e-25
5.964745e+01 4.787003e-25
5.978500e+01 4.782660e-25
5.992286e+01 4.778330e-25
6.006104e+01 4.774013e-25
6.019954e+01 4.769709e-25
6.033836e+01 4.765418e-25
6.047750e+01 4.761139e-25
6.061697e+01 4.756873e-25
6.075675e+01 4.752619e-25
6.089686e+01 4.748379e-25
6.103728e+01 4.744150e-25
6.117804e+01 4.739934e-25
6.131911e+01 4.735730e-25
6.146052e+01 4.731539e-25
6.160224e+01 4.727360e-25
6.174430e+01 4.723193e-25
6.188668e+01 4.719038e-25
6.202939e+01 4.714894e-25
6.217243e+01 4.710763e-25
6.231580e+01 4.706644e-25
6.245950e+01 4.702536e-25
6.260354e+01 4.698441e-25
6.274790e+01 4.694356e-25
6.289260e+01 4.690284e-25
6.303763e+01 4.686223e-25
6.318299e+01 4.682173e-25
6.332869e+01 4.678135e-25
6.347473e+01 4.674109e-25
6.362110e+01 4.670093e-25
6.376781e+01 4.666089e-25
6.391486e+01 4.662096e-25
6.406225e+01 4.658114e-25
6.420998e+01 4.654143e-25
6.435805e+01 4.650183e-25
6.450646e+01 4.646234e-25
6.465521e+01 4.642296e-25
6.480431e+01 4.638369e-25
6.495375e+01 4.634453e-25
6.510353e+01 4.630547e-25
6.525366e+01 4.626652e-25
6.540413e+01 4.622768e-25
6.555496e+01 4.618894e-25
6.570613e+01 4.615030e-25
6.585765e+01 4.611177e-25
6.600951e+01 4.607335e-25
6.616173e+01 4.603503e-25
6.631430e+01 4.599681e-25
6.646722e+01 4.595869e-25
6.662050e+01 4.592067e-25
6.677412e+01 4.588276e-25
6.692811e+01 4.584495e-25
6.708244e+01 4.580724e-25
6.723714e+01 4.576962e-25
6.739218e+01 4.573211e-25
6.754759e+01 4.569470e-25
6.770336e+01 4.565738e-25
6.785948e+01 4.562016e-25
6.801597e+01 4.558304e-25
6.817281e+01 4.554602e-25
6.833002e+01 4.550909e-25
6.848759e+01 4.547226e-25
6.864552e+01 4.543552e-25
6.880382e+01 4.539888e-25
6.896248e+01 4.536233e-25
6.912151e+01 4.532588e-25
6.928090e+01 4.528952e-25
6.944067e+01 4.525326e-25
6.960080e+01 4.521708e-25
6.976130e+01 4.518100e-25
6.992217e+01 4.514502e-25
7.008341e+01 4.510912e-25
7.024502e+01 4.507331e-25
7.040701e+01 4.503760e-25
7.056936e+01 4.500197e-25
7.073210e+01 4.496644e-25
7.089521e+01 4.493099e-25
7.105869e+01 4.489564e-25
7.122255e+01 4.486037e-25
7.138679e+01 4.482519e-25
7.155141e+01 4.479010e-25
7.171641e+01 4.475509e-25
7.188179e+01 4.472017e-25
7.204755e+01 4.468534e-25
7.221369e+01 4.465060e-25
7.238022e+01 4.461594e-25
7.254713e+01 4.458137e-25
7.271442e+01 4.454688e-25
7.288210e+01 4.451247e-25
7.305017e+01 4.447815e-25
7.321862e+01 4.444392e-25
7.338746e+01 4.440977e-25
7.355669e+01 4.437570e-25
7.372632e+01 4.434171e-25
7.389633e+01 4.430781e-25
7.406674e+01 4.427399e-25
7.423753e+01 4.424025e-25
7.440873e+01 4.420659e-25
7.458031e+01 4.417301e-25
7.475230e+01 4.413952e-25
7.492468e+01 4.410610e-25
7.509745e+01 4.407277e-25
7.527063e+01 4.403951e-25
7.544420e+01 4.400634e-25
7.561818e+01 4.397324e-25
7.579255e+01 4.394022e-25
7.596733e+01 4.390728e-25
7.614251e+01 4.387442e-25
7.631810e+01 4.384164e-25
7.649409e+01 4.380893e-25
7.667048e+01 4.377630e-25
7.684729e+01 4.374375e-25
7.702450e+01 4.371127e-25
7.720212e+01 4.367887e-25
7.738015e+01 4.364655e-25
7.755858e+01 4.361430e-25
7.773744e+01 4.358213e-25
7.791670e+01 4.355003e-25
7.809638e+01 4.351801e-25
7.827647e+01 4.348606e-25
7.845697e+01 4.345419e-25
7.863789e+01 4.342239e-25
7.881923e+01 4.339066e-25
7.900099e+01 4.335901e-25
7.918317e+01 4.332743e-25
7.936577e+01 4.329592e-25
7.954878e+01 4.326449e-25
7.973222e+01 4.323313e-25
7.991609e+01 4.320184e-25
8.010037e+01 4.317062e-25
8.028509e+01 4.313947e-25
8.047022e+01 4.310840e-25
8.065579e+01 4.307739e-25
8.084178e+01 4.304646e-25
8.102820e+01 4.301559e-25
8.121506e+01 4.298480e-25
8.140234e+01 4.295408e-25
8.159005e+01 4.292342e-25
8.177820e+01 4.289284e-25
8.196678e+01 4.286232e-25
8.215580e+01 4.283188e-25
8.234525e+01 4.280150e-25
8.253514e+01 4.277119e-25
8.272546e+01 4.274095e-25
8.291623e+01 4.271078e-25
8.310744e+01 4.268067e-25
8.329908e+01 4.265064e-25
8.349117e+01 4.262067e-25
8.368370e+01 4.259076e-25
8.387668e+01 4.256093e-25
8.407010e+01 4.253116e-25
8.426396e+01 4.250145e-25
8.445828e+01 4.247182e-25
8.465304e+01 4.244225e-25
8.484825e+01 4.241274e-25
8.504391e+01 4.238330e-25
8.524002e+01 4.235393e-25
8.543659e+01 4.232462e-25
8.563360e+01 4.229537e-25
8.583107e+01 4.226619e-25
8.602900e+01 4.223708e-25
8.622738e+01 4.220803e-25
8.642623e+01 4.217904e-25
8.662553e+01 4.215012e-25
8.682528e+01 4.212126e-25
8.702550e+01 4.209246e-25
8.722619e+01 4.206373e-25
8.742733e+01 4.203506e-25
8.762894e+01 4.200646e-25
8.783101e+01 4.197791e-25
8.803355e+01 4.194943e-25
8.823656e+01 4.192101e-25
8.844003e+01 4.189266e-25
8.864397e+01 4.186436e-25
8.884839e+01 4.183613e-25
8.905327e+01 4.180796e-25
8.925863e+01 4.177985e-25
8.946446e+01 4.175180e-25
8.967077e+01 4.172381e-25
8.987755e+01 4.169589e-25
9.008481e+01 4.166802e-25
9.029254e+01 4.164022e-25
9.050076e+01 4.161247e-25
9.070945e+01 4.158479e-25
9.091863e+01 4.155717e-25
9.112829e+01 4.152960e-25
9.133843e+01 4.150210e-25
9.154906e+01 4.147465e-25
9.176017e+01 4.144727e-25
9.197177e+01 4.141994e-25
9.218386e+01 4.139267e-25
9.239644e+01 4.136547e-25
9.260950e+01 4.133832e-25
9.282306e+01 4.131123e-25
9.303711e+01 4.128419e-25
9.325166e+01 4.125722e-25
9.346669e+01 4.123030e-25
9.368223e+01 4.120345e-25
9.389826e+01 4.117665e-25
9.411479e+01 4.114991e-25
9.433182e+01 4.112322e-25
9.454935e+01 4.109659e-25
9.476738e+01 4.107003e-25
9.498592e+01 4.104351e-25
9.520496e+01 4.101706e-25
9.542450e+01 4.099066e-25
9.564455e+01 4.096432e-25
9.586511e+01 4.093803e-25
9.608617e+01 4.091181e-25
9.630775e+01 4.088563e-25
9.652983e+01 4.085952e-25
9.675243e+01 4.083346e-25
9.697554e+01 4.080745e-25
9.719917e+01 4.078151e-25
9.742331e+01 4.075561e-25
9.764797e+01 4.072978e-25
9.787315e+01 4.070400e-25
9.809884e+01 4.067827e-25
9.832506e+01 4.065260e-25
9.855180e+01 4.062699e-25
9.877906e+01 4.060142e-25
9.900685e+01 4.057592e-25
9.923516e+01 4.055047e-25
9.946399e+01 4.052507e-25
9.969336e+01 4.049973e-25
9.992325e+01 4.047444e-25
1.001537e+02 4.044921e-25
1.003846e+02 4.042403e-25
1.006161e+02 4.039891e-25
1.008481e+02 4.037384e-25
1.010807e+02 4.034882e-25
1.013138e+02 4.032386e-25
1.015474e+02 4.029895e-25
1.017816e+02 4.027409e-25
1.020163e+02 4.024929e-25
1.022515e+02 4.022454e-25
1.024873e+02 4.019984e-25
1.027237e+02 4.017520e-25
1.029606e+02 4.015061e-25
1.031980e+02 4.012607e-25
1.034360e+02 4.010159e-25
1.036745e+02 4.007716e-25
1.039136e+02 4.005278e-25
1.041532e+02 4.002845e-25
1.043934e+02 4.000418e-25
1.046341e+02 3.997995e-25
1.048754e+02 3.995579e-25
1.051172e+02 3.993167e-25
1.053596e+02 3.990760e-25
1.056026e+02 3.988359e-25
1.058461e+02 3.985963e-25
1.060902e+02 3.983572e-25
1.063348e+02 3.981186e-25
1.065800e+02 3.978805e-25
1.068258e+02 3.976430e-25
1.070722e+02 3.974059e-25
1.073191e+02 3.971694e-25
1.075665e+02 3.969334e-25
1.078146e+02 3.966979e-25
1.080632e+02 3.964629e-25
1.083124e+02 3.962284e-25
1.085622e+02 3.959945e-25
1.088125e+02 3.957610e-25
1.090634e+02 3.955281e-25
1.093149e+02 3.952956e-25
1.095670e+02 3.950637e-25
1.098197e+02 3.948323e-25
1.100729e+02 3.946013e-25
1.103268e+02 3.943709e-25
1.105812e+02 3.941410e-25
1.108362e+02 3.939116e-25
1.110918e+02 3.936826e-25
1.113480e+02 3.934542e-25
1.116047e+02 3.932263e-25
1.118621e+02 3.929989e-25
1.121200e+02 3.927720e-25
1.123786e+02 3.925456e-25
1.126377e+02 3.923196e-25
1.128975e+02 3.920942e-25
1.131578e+02 3.918693e-25
1.134188e+02 3.916449e-25
1.136803e+02 3.914209e-25
1.139425e+02 3.911975e-25
1.142052e+02 3.909745e-25
1.144686e+02 3.907521e-25
1.147325e+02 3.905301e-25
1.149971e+02 3.903087e-25
1.152623e+02 3.900877e-25
1.155281e+02 3.898672e-25
1.157945e+02 3.896472e-25
1.160615e+02 3.894277e-25
1.163292e+02 3.892087e-25
1.165974e+02 3.889901e-25
1.168663e+02 3.887721e-25
1.171358e+02 3.885545e-25
1.174059e+02 3.883375e-25
1.176766e+02 3.881209e-25
1.179480e+02 3.879048e-25
1.182200e+02 3.876892e-25
1.184926e+02 3.874741e-25
1.187658e+02 3.872594e-25
1.190397e+02 3.870453e-25
1.193142e+02 3.868316e-25
1.195894e+02 3.866184e-25
1.198651e+02 3.864057e-25
1.201416e+02 3.861935e-25
1.204186e+02 3.859817e-25
1.206963e+02 3.857705e-25
1.209746e+02 3.855597e-25
1.212536e+02 3.853494e-25
1.215332e+02 3.851396e-25
1.218134e+02 3.849302e-25
1.220943e+02 3.847214e-25
1.223759e+02 3.845130e-25
1.226581e+02 3.843051e-25
1.229410e+02 3.840977e-25
1.232245e+02 3.838907e-25
1.235086e+02 3.836842e-25
1.237934e+02 3.834782e-25
1.240789e+02 3.832727e-25
1.243650e+02 3.830677e-25
1.246518e+02 3.828631e-25
1.249393e+02 3.826590e-25
1.252274e+02 3.824554e-25
1.255161e+02 3.822523e-25
1.258056e+02 3.820496e-25
1.260957e+02 3.818474e-25
1.263865e+02 3.816457e-25
1.266779e+02 3.814444e-25
1.269700e+02 3.812437e-25
1.272628e+02 3.810434e-25
1.275563e+02 3.808435e-25
1.278504e+02 3.806442e-25
1.281453e+02 3.804453e-25
1.284408e+02 3.802469e-25
1.287370e+02 3.800489e-25
1.290338e+02 3.798515e-25
1.293314e+02 3.796545e-25
1.296296e+02 3.794579e-25
1.299285e+02 3.792619e-25
1.302282e+02 3.790663e-25
1.305285e+02 3.788712e-25
1.308295e+02 3.786765e-25
1.311312e+02 3.784823e-25
1.314335e+02 3.782886e-25
1.317366e+02 3.780954e-25
1.320404e+02 3.779026e-25
1.323449e+02 3.777103e-25
1.326501e+02 3.775185e-25
1.329560e+02 3.773271e-25
1.332626e+02 3.771362e-25
1.335699e+02 3.769458e-25
1.338779e+02 3.767558e-25
1.341866e+02 3.765663e-25
1.344961e+02 3.763773e-25
1.348062e+02 3.761887e-25
1.351171e+02 3.760006e-25
1.354287e+02 3.758130e-25
1.357410e+02 3.756259e-25
1.360540e+02 3.754392e-25
1.363677e+02 3.752529e-25
1.366822e+02 3.750672e-25
1.369974e+02 3.748819e-25
1.373133e+02 3.746971e-25
1.376299e+02 3.745127e-25
1.379473e+02 3.743288e-25
1.382654e+02 3.741454e-25
1.385843e+02 3.739624e-25
1.389038e+02 3.737799e-25
1.392241e+02 3.735979e-25
1.395452e+02 3.734163e-25
1.398670e+02 3.732353e-25
1.401895e+02 3.730546e-25
1.405128e+02 3.728745e-25
1.408368e+02 3.726948e-25
1.411616e+02 3.725155e-25
1.414871e+02 3.723368e-25
1.418134e+02 3.721585e-25
1.421404e+02 3.719806e-25
1.424682e+02 3.718033e-25
1.427967e+02 3.716264e-25
1.431260e+02 3.714499e-25
1.434561e+02 3.712739e-25
1.437869e+02 3.710984e-25
1.441184e+02 3.709234e-25
1.444508e+02 3.707488e-25
1.447839e+02 3.705747e-25
1.451178e+02 3.704011e-25
1.454524e+02 3.702279e-25
1.457878e+02 3.700552e-25
1.461240e+02 3.698829e-25
1.464610e+02 3.697111e-25
1.467987e+02 3.695398e-25
1.471372e+02 3.693690e-25
1.474765e+02 3.691986e-25
1.478166e+02 3.690287e-25
1.481575e+02 3.688592e-25
1.484991e+02 3.686903e-25
1.488416e+02 3.685217e-25
1.491848e+02 3.683537e-25
1.495288e+02 3.681861e-25
1.498736e+02 3.680190e-25
1.502192e+02 3.678524e-25
1.505657e+02 3.676862e-25
1.509129e+02 3.675205e-25
1.512609e+02 3.673552e-25
1.516097e+02 3.671904e-25
1.519593e+02 3.670261e-25
1.523097e+02 3.668623e-25
1.526609e+02 3.666989e-25
1.530130e+02 3.665360e-25
1.533658e+02 3.663736e-25
1.537195e+02 3.662116e-25
1.540740e+02 3.660501e-25
1.544293e+02 3.658891e-25
1.547854e+02 3.657285e-25
1.551423e+02 3.655684e-25
1.555001e+02 3.654088e-25
1.558587e+02 3.652497e-25
1.562181e+02 3.650910e-25
1.565783e+02 3.649328e-25
1.569394e+02 3.647750e-25
1.573013e+02 3.646177e-25
1.576640e+02 3.644609e-25
1.580276e+02 3.643046e-25
1.583920e+02 3.641488e-25
1.587573e+02 3.639934e-25
1.591233e+02 3.638385e-25
1.594903e+02 3.636840e-25
1.598581e+02 3.635300e-25
1.602267e+02 3.633765e-25
1.605962e+02 3.632235e-25
1.609665e+02 3.630710e-25
1.613377e+02 3.629189e-25
1.617098e+02 3.627673e-25
1.620827e+02 3.626162e-25
1.624564e+02 3.624655e-25
1.628311e+02 3.623153e-25
1.632065e+02 3.621656e-25
1.635829e+02 3.620164e-25
1.639601e+02 3.618676e-25
1.643382e+02 3.617194e-25
1.647172e+02 3.615716e-25
1.650970e+02 3.614242e-25
1.654777e+02 3.612774e-25
1.658593e+02 3.611310e-25
1.662418e+02 3.609851e-25
1.666252e+02 3.608397e-25
1.670094e+02 3.606948e-25
1.673945e+02 3.605503e-25
1.677805e+02 3.604064e-25
1.681674e+02 3.602629e-25
1.685552e+02 3.601199e-25
1.689439e+02 3.599773e-25
1.693335e+02 3.598353e-25
1.697240e+02 3.596937e-25
1.701154e+02 3.595526e-25
1.705077e+02 3.594120e-25
1.709009e+02 3.592719e-25
1.712950e+02 3.591322e-25
1.716900e+02 3.589931e-25
1.720859e+02 3.588544e-25
1.724827e+02 3.587162e-25
1.728805e+02 3.585785e-25
1.732791e+02 3.584413e-25
1.736787e+02 3.583045e-25
1.740792e+02 3.581683e-25
1.744806e+02 3.580325e-25
1.748830e+02 3.578972e-25
1.752863e+02 3.577624e-25
1.756905e+02 3.576281e-25
1.760956e+02 3.574943e-25
1.765017e+02 3.573610e-25
1.769087e+02 3.572282e-25
1.773167e+02 3.570958e-25
1.777256e+02 3.569640e-25
1.781354e+02 3.568326e-25
1.785462e+02 3.567018e-25
1.789579e+02 3.565714e-25
1.793706e+02 3.564415e-25
1.797842e+02 3.563121e-25
1.801988e+02 3.561832e-25
1.806143e+02 3.560548e-25
1.810308e+02 3.559269e-25
1.814483e+02 3.557995e-25
1.818667e+02 3.556726e-25
1.822861e+02 3.555462e-25
1.827065e+02 3.554203e-25
1.831278e+02 3.552948e-25
1.835501e+02 3.551699e-25
1.839734e+02 3.550455e-25
1.843976e+02 3.549216e-25
1.848228e+02 3.547981e-25
1.852490e+02 3.546752e-25
1.856762e+02 3.545528e-25
1.861044e+02 3.544309e-25
1.865335e+02 3.543095e-25
1.869637e+02 3.541885e-25
1.873948e+02 3.540681e-25
1.878270e+02 3.539482e-25
1.882601e+02 3.538288e-25
1.886942e+02 3.537100e-25
1.891293e+02 3.535916e-25
1.895655e+02 3.534737e-25
1.900026e+02 3.533563e-25
1.904408e+02 3.532395e-25
1.908799e+02 3.531231e-25
1.913201e+02 3.530073e-25
1.917613e+02 3.528920e-25
1.922035e+02 3.527771e-25
1.926467e+02 3.526628e-25
1.930910e+02 3.525490e-25
1.935362e+02 3.524358e-25
1.939825e+02 3.523230e-25
1.944298e+02 3.522108e-25
1.948782e+02 3.520990e-25
1.953276e+02 3.519878e-25
1.957780e+02 3.518771e-25
1.962295e+02 3.517670e-25
1.966820e+02 3.516573e-25
1.971355e+02 3.515482e-25
1.975901e+02 3.514396e-25
1.980458e+02 3.513315e-25
1.985025e+02 3.512239e-25
1.989602e+02 3.511168e-25
1.994190e+02 3.510103e-25
1.998789e+02 3.509043e-25
2.003398e+02 3.507989e-25
2.008018e+02 3.506939e-25
2.012648e+02 3.505895e-25
2.017290e+02 3.504856e-25
2.021942e+02 3.503822e-25
2.026604e+02 3.502794e-25
2.031277e+02 3.501771e-25
2.035962e+02 3.500753e-25
2.040657e+02 3.499741e-25
2.045362e+02 3.498734e-25
2.050079e+02 3.497732e-25
2.054806e+02 3.496736e-25
2.059545e+02 3.495745e-25
2.064294e+02 3.494759e-25
2.069054e+02 3.493779e-25
2.073826e+02 3.492804e-25
2.078608e+02 3.491835e-25
2.083401e+02 3.490871e-25
2.088206e+02 3.489912e-25
2.093021e+02 3.488959e-25
2.097848e+02 3.488012e-25
2.102685e+02 3.487069e-25
2.107534e+02 3.486132e-25
2.112394e+02 3.485201e-25
2.117265e+02 3.484275e-25
2.122148e+02 3.483355e-25
2.127041e+02 3.482440e-25
2.131946e+02 3.481530e-25
2.136863e+02 3.480626e-25
2.141790e+02 3.479728e-25
2.146729e+02 3.478835e-25
2.151680e+02 3.477948e-25
2.156641e+02 3.477066e-25
2.161615e+02 3.476190e-25
2.166599e+02 3.475319e-25
2.171595e+02 3.474454e-25
2.176603e+02 3.473595e-25
2.181622e+02 3.472741e-25
2.186653e+02 3.471893e-25
2.191696e+02 3.471050e-25
2.196750e+02 3.470213e-25
2.201816e+02 3.469382e-25
2.206893e+02 3.468556e-25
2.211982e+02 3.467736e-25
2.217083e+02 3.466922e-25
2.222195e+02 3.466114e-25
2.227320e+02 3.465311e-25
2.232456e+02 3.464514e-25
2.237604e+02 3.463722e-25
2.242764e+02 3.462936e-25
2.247936e+02 3.462156e-25
2.253120e+02 3.461382e-25
2.258315e+02 3.460614e-25
2.263523e+02 3.459851e-25
2.268743e+02 3.459094e-25
2.273975e+02 3.458343e-25
2.279218e+02 3.457598e-25
2.284474e+02 3.456859e-25
2.289742e+02 3.456125e-25
2.295022e+02 3.455398e-25
2.300315e+02 3.454676e-25
2.305619e+02 3.453960e-25
2.310936e+02 3.453250e-25
2.316265e+02 3.452546e-25
2.321606e+02 3.451847e-25
2.326960e+02 3.451155e-25
2.332326e+02 3.450469e-25
2.337704e+02 3.449788e-25
2.343095e+02 3.449114e-25
2.348498e+02 3.448445e-25
2.353914e+02 3.447783e-25
2.359342e+02 3.447126e-25
2.364783e+02 3.446476e-25
2.370236e+02 3.445832e-25
2.375702e+02 3.445193e-25
2.381180e+02 3.444561e-25
2.386671e+02 3.443935e-25
2.392175e+02 3.443314e-25
2.397691e+02 3.442700e-25
2.403220e+02 3.442092e-25
2.408762e+02 3.441491e-25
2.414317e+02 3.440895e-25
2.419884e+02 3.440305e-25
2.425465e+02 3.439722e-25
2.431058e+02 3.439145e-25
2.436664e+02 3.438574e-25
2.442283e+02 3.438009e-25
2.447915e+02 3.437450e-25
2.453560e+02 3.436898e-25
2.459217e+02 3.436352e-25
2.464888e+02 3.435812e-25
2.470572e+02 3.435278e-25
2.476270e+02 3.434751e-25
2.481980e+02 3.434230e-25
2.487703e+02 3.433715e-25
2.493440e+02 3.433207e-25
2.499190e+02 3.432705e-25
2.504953e+02 3.432209e-25
2.510730e+02 3.431720e-25
2.516519e+02 3.431237e-25
2.522322e+02 3.430761e-25
2.528139e+02 3.430291e-25
2.533969e+02 3.429827e-25
2.539812e+02 3.429370e-25
2.545669e+02 3.428919e-25
2.551539e+02 3.428475e-25
2.557423e+02 3.428038e-25
2.563321e+02 3.427606e-25
2.569232e+02 3.427182e-25
2.575156e+02 3.426764e-25
2.581095e+02 3.426352e-25
2.587047e+02 3.425947e-25
2.593012e+02 3.425549e-25
2.598992e+02 3.425157e-25
2.604985e+02 3.424772e-25
2.610992e+02 3.424393e-25
2.617013e+02 3.424021e-25
2.623048e+02 3.423656e-25
2.629097e+02 3.423297e-25
2.635160e+02 3.422946e-25
2.641236e+02 3.422600e-25
2.647327e+02 3.422262e-25
2.653432e+02 3.421930e-25
2.659551e+02 3.421606e-25
2.665684e+02 3.421288e-25
2.671831e+02 3.420976e-25
2.677992e+02 3.420672e-25
2.684167e+02 3.420374e-25
2.690357e+02 3.420083e-25
2.696561e+02 3.419800e-25
2.702779e+02 3.419523e-25
2.709012e+02 3.419252e-25
2.715259e+02 3.418989e-25
2.721520e+02 3.418733e-25
2.727796e+02 3.418484e-25
2.734087e+02 3.418241e-25
2.740391e+02 3.418006e-25
2.746711e+02 3.417778e-25
2.753045e+02 3.417556e-25
2.759393e+02 3.417342e-25
2.765756e+02 3.417135e-25
2.772134e+02 3.416935e-25
2.778527e+02 3.416742e-25
2.784934e+02 3.416556e-25
2.791356e+02 3.416377e-25
2.797793e+02 3.416206e-25
2.804245e+02 3.416041e-25
2.810712e+02 3.415884e-25
2.817193e+02 3.415734e-25
2.823690e+02 3.415591e-25
2.830201e+02 3.415455e-25
2.836727e+02 3.415327e-25
2.843269e+02 3.415206e-25
2.849826e+02 3.415092e-25
2.856397e+02 3.414986e-25
2.862984e+02 3.414887e-25
2.869586e+02 3.414795e-25
2.876203e+02 3.414710e-25
2.882836e+02 3.414633e-25
2.889484e+02 3.414564e-25
2.896147e+02 3.414502e-25
2.902826e+02 3.414447e-25
2.909520e+02 3.414400e-25
2.916229e+02 3.414360e-25
2.922954e+02 3.414328e-25
2.929694e+02 3.414303e-25
2.936450e+02 3.414286e-25
2.943221e+02 3.414277e-25
2.950009e+02 3.414275e-25
2.956811e+02 3.414280e-25
2.963630e+02 3.414294e-25
2.970464e+02 3.414315e-25
2.977314e+02 3.414343e-25
2.984179e+02 3.414379e-25
2.991061e+02 3.414423e-25
2.997958e+02 3.414475e-25
3.004872e+02 3.414535e-25
3.011801e+02 3.414602e-25
3.018746e+02 3.414677e-25
3.025708e+02 3.414760e-25
3.032685e+02 3.414851e-25
3.039678e+02 3.414949e-25
3.046688e+02 3.415056e-25
3.053713e+02 3.415170e-25
3.060755e+02 3.415292e-25
3.067813e+02 3.415423e-25
3.074888e+02 3.415561e-25
3.081979e+02 3.415707e-25
3.089086e+02 3.415861e-25
3.096209e+02 3.416023e-25
3.103349e+02 3.416194e-25
3.110505e+02 3.416372e-25
3.117678e+02 3.416558e-25
3.124868e+02 3.416753e-25
3.132073e+02 3.416956e-25
3.139296e+02 3.417167e-25
3.146535e+02 3.417386e-25
3.153791e+02 3.417613e-25
3.161064e+02 3.417848e-25
3.168353e+02 3.418092e-25
3.175660e+02 3.418344e-25
3.182983e+02 3.418604e-25
3.190323e+02 3.418873e-25
3.197680e+02 3.419150e-25
3.205053e+02 3.419435e-25
3.212444e+02 3.419729e-25
3.219852e+02 3.420031e-25
3.227277e+02 3.420342e-25
3.234719e+02 3.420661e-25
3.242179e+02 3.420989e-25
3.249655e+02 3.421325e-25
3.257149e+02 3.421669e-25
3.264660e+02 3.422022e-25
3.272188e+02 3.422384e-25
3.279734e+02 3.422754e-25
3.287297e+02 3.423133e-25
3.294878e+02 3.423521e-25
3.302476e+02 3.423917e-25
3.310091e+02 3.424322e-25
3.317724e+02 3.424736e-25
3.325375e+02 3.425158e-25
3.333043e+02 3.425589e-25
3.340729e+02 3.426029e-25
3.348433e+02 3.426478e-25
3.356155e+02 3.426936e-25
3.363894e+02 3.427402e-25
3.371651e+02 3.427878e-25
3.379426e+02 3.428362e-25
3.387219e+02 3.428856e-25
3.395030e+02 3.429358e-25
3.402859e+02 3.429869e-25
3.410706e+02 3.430390e-25
3.418571e+02 3.430919e-25
3.426454e+02 3.431457e-25
3.434356e+02 3.432005e-25
3.442275e+02 3.432562e-25
3.450213e+02 3.433128e-25
3.458170e+02 3.433703e-25
3.466144e+02 3.434287e-25
3.474137e+02 3.434880e-25
3.482148e+02 3.435483e-25
3.490178e+02 3.436095e-25
3.498227e+02 3.436716e-25
3.506294e+02 3.437347e-25
3.514379e+02 3.437987e-25
3.522483e+02 3.438637e-25
3.530606e+02 3.439296e-25
3.538748e+02 3.439964e-25
3.546908e+02 3.440642e-25
3.555087e+02 3.441329e-25
3.563285e+02 3.442026e-25
3.571502e+02 3.442733e-25
3.579738e+02 3.443449e-25
3.587993e+02 3.444175e-25
3.596267e+02 3.444910e-25
3.604560e+02 3.445655e-25
3.612872e+02 3.446410e-25
3.621204e+02 3.447175e-25
3.629554e+02 3.447949e-25
3.637924e+02 3.448733e-25
3.646313e+02 3.449527e-25
3.654721e+02 3.450331e-25
3.663149e+02 3.451145e-25
3.671597e+02 3.451969e-25
3.680063e+02 3.452803e-25
3.688550e+02 3.453646e-25
3.697055e+02 3.454500e-25
3.705581e+02 3.455364e-25
3.714126e+02 3.456238e-25
3.722691e+02 3.457122e-25
3.731275e+02 3.458017e-25
3.739880e+02 3.458921e-25
3.748504e+02 3.459836e-25
3.757148e+02 3.460762e-25
3.765812e+02 3.461697e-25
3.774496e+02 3.462643e-25
3.783200e+02 3.463599e-25
3.791924e+02 3.464566e-25
3.800668e+02 3.465544e-25
3.809433e+02 3.466532e-25
3.818217e+02 3.467530e-25
3.827022e+02 3.468539e-25
3.835847e+02 3.469559e-25
3.844693e+02 3.470590e-25
3.853558e+02 3.471632e-25
3.862445e+02 3.472684e-25
3.871352e+02 3.473748e-25
3.880279e+02 3.474822e-25
3.889227e+02 3.475908e-25
3.898196e+02 3.477005e-25
3.907185e+02 3.478113e-25
3.916195e+02 3.479232e-25
3.925226e+02 3.480363e-25
3.934277e+02 3.481506e-25
3.943350e+02 3.482660e-25
3.952443e+02 3.483826e-25
3.961557e+02 3.485004e-25
3.970693e+02 3.486194e-25
3.979849e+02 3.487396e-25
3.989027e+02 3.488611e-25
3.998226e+02 3.489839e-25
4.007445e+02 3.491080e-25
4.016687e+02 3.492333e-25
4.025949e+02 3.493601e-25
4.035233e+02 3.494882e-25
4.044538e+02 3.496178e-25
4.053865e+02 3.497488e-25
4.063213e+02 3.498815e-25
4.072583e+02 3.500157e-25
4.081975e+02 3.501517e-25
4.091388e+02 3.502894e-25
4.100822e+02 3.504291e-25
4.110279e+02 3.505710e-25
4.119757e+02 3.507151e-25
4.129257e+02 3.508617e-25
4.138780e+02 3.510113e-25
4.148324e+02 3.511641e-25
4.157890e+02 3.513207e-25
4.167478e+02 3.514818e-25
4.177088e+02 3.516484e-25
4.186720e+02 3.518219e-25
4.196375e+02 3.520041e-25
4.206052e+02 3.521978e-25
4.215751e+02 3.524073e-25
4.225473e+02 3.526392e-25
4.235217e+02 3.529043e-25
4.244983e+02 3.532213e-25
4.254772e+02 3.536252e-25
4.264584e+02 3.541872e-25
4.274418e+02 3.550718e-25
4.284275e+02 3.567338e-25
4.294154e+02 3.608493e-25
4.304056e+02 3.781719e-25
4.313982e+02 8.879950e-25
4.323930e+02 4.055512e-25
4.333901e+02 3.646170e-25
4.343895e+02 3.584641e-25
4.353912e+02 3.565798e-25
4.363952e+02 3.558373e-25
4.374015e+02 3.555247e-25
4.384102e+02 3.554096e-25
4.394212e+02 3.553979e-25
4.404345e+02 3.554458e-25
4.414501e+02 3.555306e-25
4.424681e+02 3.556396e-25
4.434884e+02 3.557654e-25
4.445111e+02 3.559032e-25
4.455362e+02 3.560501e-25
4.465636e+02 3.562039e-25
4.475934e+02 3.563632e-25
4.486255e+02 3.565271e-25
4.496600e+02 3.566948e-25
4.506970e+02 3.568658e-25
4.517363e+02 3.570397e-25
4.527780e+02 3.572162e-25
4.538221e+02 3.573950e-25
4.548686e+02 3.575760e-25
4.559175e+02 3.577590e-25
4.569689e+02 3.579438e-25
4.580227e+02 3.581305e-25
4.590789e+02 3.583189e-25
4.601375e+02 3.585090e-25
4.611986e+02 3.587007e-25
4.622621e+02 3.588940e-25
4.633281e+02 3.590888e-25
4.643965e+02 3.592852e-25
4.654674e+02 3.594830e-25
4.665408e+02 3.596823e-25
4.676166e+02 3.598831e-25
4.686950e+02 3.600853e-25
4.697758e+02 3.602890e-25
4.708591e+02 3.604940e-25
4.719449e+02 3.607005e-25
4.730332e+02 3.609085e-25
4.741240e+02 3.611178e-25
4.752174e+02 3.613285e-25
4.763132e+02 3.615407e-25
4.774116e+02 3.617542e-25
4.785125e+02 3.619691e-25
4.796160e+02 3.621855e-25
4.807220e+02 3.624032e-25
4.818305e+02 3.626223e-25
4.829416e+02 3.628429e-25
4.840553e+02 3.630648e-25
4.851715e+02 3.632881e-25
4.862903e+02 3.635129e-25
4.874117e+02 3.637390e-25
4.885357e+02 3.639666e-25
4.896623e+02 3.641955e-25
4.907914e+02 3.644259e-25
4.919232e+02 3.646577e-25
4.930576e+02 3.648909e-25
4.941946e+02 3.651256e-25
4.953342e+02 3.653619e-25
4.964764e+02 3.655980e-25
4.976213e+02 3.658375e-25
4.987688e+02 3.660779e-25
4.999190e+02 3.663197e-25
5.010718e+02 3.665629e-25
5.022273e+02 3.668075e-25
5.033854e+02 3.670535e-25
5.045462e+02 3.673010e-25
5.057097e+02 3.675499e-25
5.068759e+02 3.678003e-25
5.080447e+02 3.680522e-25
5.092163e+02 3.683054e-25
5.103906e+02 3.685602e-25
5.115675e+02 3.688164e-25
5.127472e+02 3.690741e-25
5.139296e+02 3.693332e-25
5.151147e+02 3.695939e-25
5.163026e+02 3.698560e-25
5.174932e+02 3.701196e-25
5.186865e+02 3.703846e-25
5.198826e+02 3.706512e-25
5.210815e+02 3.709192e-25
5.222831e+02 3.711888e-25
5.234875e+02 3.714598e-25
5.246946e+02 3.717324e-25
5.259046e+02 3.720064e-25
5.271173e+02 3.722820e-25
5.283329e+02 3.725591e-25
5.295512e+02 3.728377e-25
5.307724e+02 3.731178e-25
5.319963e+02 3.733994e-25
5.332231e+02 3.736826e-25
5.344527e+02 3.739673e-25
5.356852e+02 3.742535e-25
5.369205e+02 3.745413e-25
5.381586e+02 3.748307e-25
5.393996e+02 3.751215e-25
5.406435e+02 3.754140e-25
5.418902e+02 3.757079e-25
5.431398e+02 3.760035e-25
5.443923e+02 3.763006e-25
5.456477e+02 3.765993e-25
5.469059e+02 3.768995e-25
5.481671e+02 3.772014e-25
5.494312e+02 3.775048e-25
5.506982e+02 3.778098e-25
5.519681e+02 3.781163e-25
5.532409e+02 3.784245e-25
5.545167e+02 3.787343e-25
5.557954e+02 3.790456e-25
5.570771e+02 3.793586e-25
5.583617e+02 3.796732e-25
5.596493e+02 3.799894e-25
5.609399e+02 3.803072e-25
5.622334e+02 3.806266e-25
5.635299e+02 3.809477e-25
5.648294e+02 3.812703e-25
5.661319e+02 3.815947e-25
5.674374e+02 3.819206e-25
5.687459e+02 3.822482e-25
5.700575e+02 3.825774e-25
5.713720e+02 3.829083e-25
5.726896e+02 3.832408e-25
5.740102e+02 3.835750e-25
5.753339e+02 3.839109e-25
5.766606e+02 3.842484e-25
5.779904e+02 3.845876e-25
5.793233e+02 3.849284e-25
5.806592e+02 3.852710e-25
5.819982e+02 3.856152e-25
5.833403e+02 3.859611e-25
5.846855e+02 3.863087e-25
5.860338e+02 3.866579e-25
5.873852e+02 3.870089e-25
5.887397e+02 3.873616e-25
5.900973e+02 3.877160e-25
5.914581e+02 3.880721e-25
5.928220e+02 3.884299e-25
5.941890e+02 3.887894e-25
5.955593e+02 3.891507e-25
5.969326e+02 3.895137e-25
5.983091e+02 3.898784e-25
5.996889e+02 3.902449e-25
6.010717e+02 3.906130e-25
6.024578e+02 3.909830e-25
6.038471e+02 3.913547e-25
6.052396e+02 3.917281e-25
6.066353e+02 3.921033e-25
6.080342e+02 3.924802e-25
6.094363e+02 3.928590e-25
6.108417e+02 3.932395e-25
6.122503e+02 3.936217e-25
6.136621e+02 3.940058e-25
6.150772e+02 3.943916e-25
6.164956e+02 3.947792e-25
6.179172e+02 3.951686e-25
6.193422e+02 3.955598e-25
6.207704e+02 3.959528e-25
6.222019e+02 3.963476e-25
6.236367e+02 3.967442e-25
6.250748e+02 3.971427e-25
6.265162e+02 3.975429e-25
6.279610e+02 3.979450e-25
6.294090e+02 3.983489e-25
6.308605e+02 3.987546e-25
6.323152e+02 3.991622e-25
6.337734e+02 3.995716e-25
6.352348e+02 3.999828e-25
6.366997e+02 4.003959e-25
6.381679e+02 4.008108e-25
6.396396e+02 4.012276e-25
6.411146e+02 4.016463e-25
6.425930e+02 4.020668e-25
6.440748e+02 4.024892e-25
6.455600e+02 4.029135e-25
6.470487e+02 4.033396e-25
6.485408e+02 4.037677e-25
6.500364e+02 4.041976e-25
6.515353e+02 4.046294e-25
6.530378e+02 4.050631e-25
6.545437e+02 4.054988e-25
6.560531e+02 4.059363e-25
6.575659e+02 4.063757e-25
6.590823e+02 4.068171e-25
6.606021e+02 4.072603e-25
6.621255e+02 4.077055e-25
6.636524e+02 4.081527e-25
6.651828e+02 4.086017e-25
6.667167e+02 4.090527e-25
6.682541e+02 4.095056e-25
6.697951e+02 4.099605e-25
6.713397e+02 4.104174e-25
6.728878e+02 4.108761e-25
6.744395e+02 4.113369e-25
6.759947e+02 4.117996e-25
6.775536e+02 4.122643e-25
6.791160e+02 4.127310e-25
6.806821e+02 4.131996e-25
6.822517e+02 4.136702e-25
6.838250e+02 4.141429e-25
6.854019e+02 4.146175e-25
6.869825e+02 4.150941e-25
6.885666e+02 4.155727e-25
6.901545e+02 4.160533e-25
6.917460e+02 4.165359e-25
6.933412e+02 4.170206e-25
6.949400e+02 4.175072e-25
6.965425e+02 4.179959e-25
6.981488e+02 4.184866e-25
6.997587e+02 4.189794e-25
7.013724e+02 4.194742e-25
7.029897e+02 4.199710e-25
7.046108e+02 4.204699e-25
7.062357e+02 4.209709e-25
7.078643e+02 4.214739e-25
7.094966e+02 4.219789e-25
7.111327e+02 4.224861e-25
7.127726e+02 4.229953e-25
7.144162e+02 4.235066e-25
7.160637e+02 4.240200e-25
7.177149e+02 4.245354e-25
7.193700e+02 4.250530e-25
7.210289e+02 4.255726e-25
7.226916e+02 4.260944e-25
7.243581e+02 4.266182e-25
7.260285e+02 4.271442e-25
7.277027e+02 4.276723e-25
7.293808e+02 4.282025e-25
7.310627e+02 4.287348e-25
7.327486e+02 4.292693e-25
7.344383e+02 4.298059e-25
7.361319e+02 4.303446e-25
7.378294e+02 4.308855e-25
7.395309e+02 4.314286e-25
7.412363e+02 4.319738e-25
7.429455e+02 4.325211e-25
7.446588e+02 4.330707e-25
7.463760e+02 4.336224e-25
7.480971e+02 4.341762e-25
7.498222e+02 4.347323e-25
7.515513e+02 4.352905e-25
7.532844e+02 4.358510e-25
7.550215e+02 4.364136e-25
7.567626e+02 4.369784e-25
7.585077e+02 4.375455e-25
7.602568e+02 4.381147e-25
7.620100e+02 4.386862e-25
7.637672e+02 4.392599e-25
7.655284e+02 4.398358e-25
7.672937e+02 4.404140e-25
7.690631e+02 4.409943e-25
7.708366e+02 4.415770e-25
7.726141e+02 4.421619e-25
7.743958e+02 4.427490e-25
7.761816e+02 4.433384e-25
7.779714e+02 4.439300e-25
7.797654e+02 4.445240e-25
7.815636e+02 4.451202e-25
7.833659e+02 4.457187e-25
7.851723e+02 4.463194e-25
7.869829e+02 4.469225e-25
7.887977e+02 4.475279e-25
7.906167e+02 4.481355e-25
7.924399e+02 4.487455e-25
7.942672e+02 4.493578e-25
7.960988e+02 4.499725e-25
7.979346e+02 4.505894e-25
7.997747e+02 4.512087e-25
8.016190e+02 4.518304e-25
8.034675e+02 4.524544e-25
8.053203e+02 4.530808e-25
8.071774e+02 4.537096e-25
8.090387e+02 4.543407e-25
8.109044e+02 4.549743e-25
8.127744e+02 4.556102e-25
8.146486e+02 4.562486e-25
8.165272e+02 4.568895e-25
8.184101e+02 4.575328e-25
8.202974e+02 4.581787e-25
8.221890e+02 4.588271e-25
8.240850e+02 4.594781e-25
8.259853e+02 4.601318e-25
8.278900e+02 4.607883e-25
8.297992e+02 4.614478e-25
8.317127e+02 4.621104e-25
8.336306e+02 4.627766e-25
8.355530e+02 4.634470e-25
8.374798e+02 4.641227e-25
8.394110e+02 4.648058e-25
8.413467e+02 4.655011e-25
8.432868e+02 4.662200e-25
8.452315e+02 4.669988e-25
8.471806e+02 4.680044e-25
8.491342e+02 4.712023e-25
8.510923e+02 4.891828e-25
8.530549e+02 4.704631e-25
8.550221e+02 4.704904e-25
8.569938e+02 4.710260e-25
8.589700e+02 4.716602e-25
8.609508e+02 4.723276e-25
8.629361e+02 4.730104e-25
8.649261e+02 4.737018e-25
8.669206e+02 4.743992e-25
8.689197e+02 4.751010e-25
8.709235e+02 4.758067e-25
8.729318e+02 4.765156e-25
8.749448e+02 4.772277e-25
8.769624e+02 4.779428e-25
8.789847e+02 4.786606e-25
8.810117e+02 4.793813e-25
8.830433e+02 4.801046e-25
8.850796e+02 4.808306e-25
8.871206e+02 4.815593e-25
8.891663e+02 4.822907e-25
8.912167e+02 4.830247e-25
8.932719e+02 4.837613e-25
8.953318e+02 4.845006e-25
8.973964e+02 4.852425e-25
8.994658e+02 4.859870e-25
9.015400e+02 4.867342e-25
9.036189e+02 4.874840e-25
9.057027e+02 4.882364e-25
9.077913e+02 4.889915e-25
9.098846e+02 4.897492e-25
9.119828e+02 4.905096e-25
9.140859e+02 4.912726e-25
9.161938e+02 4.920383e-25
9.183065e+02 4.928066e-25
9.204241e+02 4.935776e-25
9.225466e+02 4.943513e-25
9.246740e+02 4.951277e-25
9.268063e+02 4.959067e-25
9.289436e+02 4.966885e-25
9.310857e+02 4.974729e-25
9.332328e+02 4.982601e-25
9.353848e+02 4.990499e-25
9.375419e+02 4.998425e-25
9.397038e+02 5.006377e-25
9.418708e+02 5.014357e-25
9.440428e+02 5.022365e-25
9.462197e+02 5.030399e-25
9.484017e+02 5.038461e-25
9.505887e+02 5.046551e-25
9.527808e+02 5.054668e-25
9.549779e+02 5.062813e-25
9.571801e+02 5.070985e-25
9.593874e+02 5.079185e-25
9.615997e+02 5.087413e-25
9.638172e+02 5.095669e-25
9.660398e+02 5.103952e-25
9.682674e+02 5.112264e-25
9.705003e+02 5.120604e-25
9.727383e+02 5.128971e-25
9.749814e+02 5.137367e-25
9.772297e+02 5.145792e-25
9.794832e+02 5.154244e-25
9.817419e+02 5.162725e-25
9.840058e+02 5.171234e-25
9.862749e+02 5.179772e-25
9.885493e+02 5.188338e-25
9.908289e+02 5.196933e-25
9.931138e+02 5.205556e-25
9.954039e+02 5.214208e-25
9.976993e+02 5.222889e-25
1.000000e+03 nan
