1.000000e+00 4.456561e-17
1.002306e+00 4.633447e-17
1.004617e+00 4.822452e-17
1.006934e+00 5.024345e-17
1.009256e+00 5.239952e-17
1.011583e+00 5.485165e-17
1.013916e+00 5.746851e-17
1.016254e+00 6.019770e-17
1.018598e+00 6.297553e-17
1.020947e+00 6.564834e-17
1.023301e+00 6.864845e-17
1.025661e+00 7.183307e-17
1.028026e+00 7.503024e-17
1.030396e+00 7.728870e-17
1.032773e+00 7.836481e-17
1.035154e+00 7.849514e-17
1.037541e+00 7.796011e-17
1.039934e+00 7.692547e-17
1.042332e+00 7.566587e-17
1.044735e+00 7.420969e-17
1.047145e+00 7.258555e-17
1.049559e+00 6.953977e-17
1.051980e+00 6.582339e-17
1.054406e+00 6.179736e-17
1.056837e+00 5.776714e-17
1.059274e+00 5.426547e-17
1.061717e+00 5.101977e-17
1.064165e+00 4.796111e-17
1.066619e+00 4.503387e-17
1.069079e+00 4.231146e-17
1.071544e+00 3.983257e-17
1.074015e+00 3.756769e-17
1.076492e+00 3.549120e-17
1.078974e+00 3.358199e-17
1.081462e+00 3.181416e-17
1.083956e+00 3.017869e-17
1.086456e+00 2.866712e-17
1.088961e+00 2.728544e-17
1.091472e+00 2.600011e-17
1.093989e+00 2.480301e-17
1.096512e+00 2.368678e-17
1.099040e+00 2.265576e-17
1.101575e+00 2.169104e-17
1.104115e+00 2.078739e-17
1.106661e+00 1.994006e-17
1.109213e+00 1.915199e-17
1.111771e+00 1.840944e-17
1.114335e+00 1.770924e-17
1.116904e+00 1.704838e-17
1.119480e+00 1.643028e-17
1.122062e+00 1.584526e-17
1.124649e+00 1.529087e-17
1.127242e+00 1.476490e-17
1.129842e+00 1.426938e-17
1.132447e+00 1.379850e-17
1.135059e+00 1.335063e-17
1.137676e+00 1.292426e-17
1.140300e+00 1.252076e-17
1.142929e+00 1.213565e-17
1.145565e+00 1.176833e-17
1.148207e+00 1.141871e-17
1.150854e+00 1.109102e-17
1.153508e+00 1.080551e-17
1.156168e+00 4.551406e-17
1.158834e+00 1.020946e-17
1.161507e+00 9.889835e-18
1.164185e+00 9.613318e-18
1.166870e+00 9.351957e-18
1.169560e+00 9.101877e-18
1.172257e+00 8.863035e-18
1.174961e+00 8.633376e-18
1.177670e+00 8.412339e-18
1.180386e+00 8.199450e-18
1.183108e+00 7.995292e-18
1.185836e+00 7.798268e-18
1.188571e+00 7.608105e-18
1.191312e+00 7.424547e-18
1.194059e+00 7.248157e-18
1.196812e+00 7.077633e-18
1.199572e+00 6.912712e-18
1.202338e+00 6.753142e-18
1.205111e+00 6.599494e-18
1.207890e+00 6.450744e-18
1.210675e+00 6.306678e-18
1.213467e+00 6.167094e-18
1.216265e+00 6.032361e-18
1.219070e+00 5.901724e-18
1.221881e+00 5.775027e-18
1.224699e+00 5.652121e-18
1.227523e+00 5.533332e-18
1.230354e+00 5.417975e-18
1.233191e+00 5.305936e-18
1.236035e+00 5.197106e-18
1.238885e+00 5.091791e-18
1.241742e+00 4.989420e-18
1.244605e+00 4.889888e-18
1.247475e+00 4.793092e-18
1.250352e+00 4.699289e-18
1.253235e+00 4.608018e-18
1.256125e+00 4.519198e-18
1.259022e+00 4.432750e-18
1.261925e+00 4.348911e-18
1.264835e+00 4.267258e-18
1.267752e+00 4.187721e-18
1.270676e+00 4.110231e-18
1.273606e+00 4.035012e-18
1.276543e+00 3.961707e-18
1.279486e+00 3.890260e-18
1.282437e+00 3.820609e-18
1.285394e+00 3.752911e-18
1.288358e+00 3.686772e-18
1.291329e+00 3.622086e-18
1.294307e+00 3.558859e-18
1.297292e+00 3.497511e-18
1.300283e+00 3.437564e-18
1.303282e+00 3.378907e-18
1.306287e+00 3.321428e-18
1.309300e+00 3.265033e-18
1.312319e+00 3.209552e-18
1.315345e+00 3.154980e-18
1.318378e+00 3.101302e-18
1.321418e+00 3.048612e-18
1.324466e+00 2.996796e-18
1.327520e+00 2.945781e-18
1.330581e+00 2.895488e-18
1.333649e+00 2.845901e-18
1.336725e+00 2.796899e-18
1.339807e+00 2.748415e-18
1.342897e+00 2.701020e-18
1.345994e+00 2.654735e-18
1.349098e+00 2.608964e-18
1.352209e+00 2.563629e-18
1.355327e+00 2.518644e-18
1.358452e+00 2.474035e-18
1.361585e+00 2.429585e-18
1.364725e+00 2.385193e-18
1.367872e+00 2.340749e-18
1.371026e+00 2.296229e-18
1.374188e+00 2.251403e-18
1.377356e+00 2.206143e-18
1.380533e+00 2.160315e-18
1.383716e+00 2.113865e-18
1.386907e+00 2.066569e-18
1.390105e+00 2.018291e-18
1.393311e+00 1.971724e-18
1.396524e+00 1.924752e-18
1.399744e+00 1.877026e-18
1.402972e+00 1.828488e-18
1.406207e+00 1.779094e-18
1.409450e+00 1.728866e-18
1.412700e+00 1.677738e-18
1.415958e+00 1.625721e-18
1.419223e+00 1.572852e-18
1.422496e+00 1.519230e-18
1.425776e+00 1.464902e-18
1.429064e+00 1.409983e-18
1.432359e+00 1.354614e-18
1.435662e+00 1.298981e-18
1.438973e+00 1.243237e-18
1.442291e+00 1.188447e-18
1.445617e+00 1.137173e-18
1.448951e+00 1.086447e-18
1.452292e+00 1.036400e-18
1.455641e+00 9.871797e-19
1.458998e+00 9.389277e-19
1.462362e+00 8.917848e-19
1.465735e+00 8.458584e-19
1.469115e+00 8.012540e-19
1.472502e+00 7.580619e-19
1.475898e+00 7.163624e-19
1.479301e+00 6.762080e-19
1.482713e+00 6.376423e-19
1.486132e+00 6.006936e-19
1.489559e+00 5.653785e-19
1.492994e+00 5.316944e-19
1.496437e+00 5.006107e-19
1.499888e+00 4.719573e-19
1.503346e+00 4.446960e-19
1.506813e+00 4.187925e-19
1.510288e+00 3.942099e-19
1.513770e+00 3.709080e-19
1.517261e+00 3.488444e-19
1.520760e+00 3.279730e-19
1.524267e+00 3.082469e-19
1.527782e+00 2.896187e-19
1.531305e+00 2.720409e-19
1.534836e+00 2.554652e-19
1.538375e+00 2.398442e-19
1.541923e+00 2.251314e-19
1.545479e+00 2.112813e-19
1.549043e+00 1.982491e-19
1.552615e+00 1.864689e-19
1.556195e+00 1.754840e-19
1.559784e+00 1.651276e-19
1.563380e+00 1.553664e-19
1.566986e+00 1.461685e-19
1.570599e+00 1.375034e-19
1.574221e+00 1.293420e-19
1.577851e+00 1.216564e-19
1.581490e+00 1.144203e-19
1.585137e+00 1.076083e-19
1.588792e+00 1.011966e-19
1.592456e+00 9.516243e-20
1.596128e+00 8.948417e-20
1.599809e+00 8.414144e-20
1.603498e+00 7.911492e-20
1.607195e+00 7.440204e-20
1.610902e+00 7.013317e-20
1.614616e+00 6.610764e-20
1.618340e+00 6.231182e-20
1.622072e+00 5.873278e-20
1.625812e+00 5.535831e-20
1.629561e+00 5.217685e-20
1.633319e+00 4.917750e-20
1.637085e+00 4.634993e-20
1.640861e+00 4.368440e-20
1.644644e+00 4.117169e-20
1.648437e+00 3.880311e-20
1.652238e+00 3.657043e-20
1.656048e+00 3.446591e-20
1.659867e+00 3.248224e-20
1.663695e+00 3.061252e-20
1.667531e+00 2.887254e-20
1.671377e+00 2.726686e-20
1.675231e+00 2.575035e-20
1.679094e+00 2.431809e-20
1.682966e+00 2.296540e-20
1.686847e+00 2.168784e-20
1.690737e+00 2.048127e-20
1.694636e+00 1.934176e-20
1.698544e+00 1.826560e-20
1.702460e+00 1.724927e-20
1.706386e+00 1.628947e-20
1.710321e+00 1.538304e-20
1.714265e+00 1.452702e-20
1.718218e+00 1.371861e-20
1.722181e+00 1.295516e-20
1.726152e+00 1.223419e-20
1.730132e+00 1.156643e-20
1.734122e+00 1.094145e-20
1.738121e+00 1.035020e-20
1.742129e+00 9.790889e-21
1.746147e+00 9.261870e-21
1.750173e+00 8.761441e-21
1.754209e+00 8.288062e-21
1.758254e+00 7.840273e-21
1.762309e+00 7.416628e-21
1.766373e+00 7.015876e-21
1.770446e+00 6.636782e-21
1.774529e+00 6.278177e-21
1.778621e+00 5.938955e-21
1.782722e+00 5.618068e-21
1.786833e+00 5.314528e-21
1.790954e+00 5.027397e-21
1.795084e+00 4.762387e-21
1.799223e+00 4.511710e-21
1.803372e+00 4.274170e-21
1.807531e+00 4.049132e-21
1.811699e+00 3.835958e-21
1.815877e+00 3.634022e-21
1.820064e+00 3.442733e-21
1.824261e+00 3.261531e-21
1.828468e+00 3.089885e-21
1.832684e+00 2.927293e-21
1.836911e+00 2.773277e-21
1.841147e+00 2.627386e-21
1.845392e+00 2.489193e-21
1.849648e+00 2.358293e-21
1.853913e+00 2.234301e-21
1.858188e+00 2.117480e-21
1.862473e+00 2.008659e-21
1.866768e+00 1.905458e-21
1.871073e+00 1.807588e-21
1.875388e+00 1.714774e-21
1.879712e+00 1.626758e-21
1.884047e+00 1.543292e-21
1.888391e+00 1.464143e-21
1.892746e+00 1.389088e-21
1.897111e+00 1.317918e-21
1.901486e+00 1.250433e-21
1.905870e+00 1.186444e-21
1.910265e+00 1.125771e-21
1.914670e+00 1.068244e-21
1.919086e+00 1.013702e-21
1.923511e+00 9.619919e-22
1.927947e+00 9.134747e-22
1.932393e+00 8.678788e-22
1.936849e+00 8.246095e-22
1.941315e+00 7.835495e-22
1.945792e+00 7.445887e-22
1.950279e+00 7.076211e-22
1.954776e+00 6.725478e-22
1.959284e+00 6.392731e-22
1.963802e+00 6.077078e-22
1.968331e+00 5.777659e-22
1.972870e+00 5.493669e-22
1.977419e+00 5.227685e-22
1.981979e+00 4.979207e-22
1.986549e+00 4.739577e-22
1.991130e+00 4.510442e-22
1.995722e+00 4.293280e-22
2.000324e+00 4.090659e-22
2.004937e+00 3.902591e-22
2.009560e+00 3.721774e-22
2.014194e+00 3.543466e-22
2.018839e+00 3.386121e-22
2.023495e+00 3.253555e-22
2.028161e+00 3.116385e-22
2.032838e+00 2.979780e-22
2.037525e+00 2.839611e-22
2.042224e+00 2.705897e-22
2.046933e+00 2.589039e-22
2.051654e+00 2.478328e-22
2.056385e+00 2.373481e-22
2.061127e+00 2.266927e-22
2.065880e+00 2.160196e-22
2.070644e+00 2.091122e-22
2.075419e+00 2.038271e-22
2.080205e+00 1.997581e-22
2.085001e+00 1.931303e-22
2.089810e+00 1.806715e-22
2.094629e+00 1.710612e-22
2.099459e+00 1.632473e-22
2.104300e+00 1.571018e-22
2.109153e+00 1.512106e-22
2.114016e+00 1.444035e-22
2.118891e+00 1.385243e-22
2.123778e+00 1.337203e-22
2.128675e+00 1.291874e-22
2.133584e+00 1.249100e-22
2.138504e+00 1.208777e-22
2.143435e+00 1.170755e-22
2.148378e+00 1.135109e-22
2.153332e+00 1.091295e-22
2.158298e+00 1.043999e-22
2.163275e+00 1.013870e-22
2.168263e+00 9.855644e-23
2.173263e+00 9.588890e-23
2.178275e+00 9.337530e-23
2.183298e+00 9.100574e-23
2.188333e+00 8.723341e-23
2.193379e+00 8.408379e-23
2.198437e+00 8.207626e-23
2.203507e+00 8.018493e-23
2.208588e+00 7.840162e-23
2.213681e+00 7.672194e-23
2.218786e+00 7.580843e-23
2.223902e+00 7.598826e-23
2.229031e+00 7.496738e-23
2.234171e+00 7.365916e-23
2.239323e+00 7.242192e-23
2.244487e+00 7.871647e-23
2.249663e+00 9.240889e-23
2.254850e+00 1.100202e-22
2.260050e+00 1.146369e-22
2.265262e+00 9.139627e-23
2.270485e+00 7.465956e-23
2.275721e+00 6.259395e-23
2.280969e+00 6.177340e-23
2.286229e+00 6.099068e-23
2.291501e+00 6.024274e-23
2.296785e+00 5.952902e-23
2.302082e+00 5.884510e-23
2.307390e+00 5.818951e-23
2.312711e+00 5.756430e-23
2.318044e+00 5.696237e-23
2.323390e+00 5.638310e-23
2.328747e+00 5.582475e-23
2.334117e+00 5.528493e-23
2.339500e+00 5.476378e-23
2.344895e+00 5.425911e-23
2.350302e+00 5.368157e-23
2.355722e+00 5.164318e-23
2.361154e+00 5.044093e-23
2.366599e+00 5.000395e-23
2.372057e+00 4.958002e-23
2.377527e+00 4.986962e-23
2.383009e+00 5.101150e-23
2.388504e+00 5.069837e-23
2.394012e+00 5.030079e-23
2.399533e+00 4.991180e-23
2.405066e+00 4.953133e-23
2.410612e+00 4.853598e-23
2.416171e+00 4.666685e-23
2.421743e+00 4.618700e-23
2.427327e+00 4.584685e-23
2.432925e+00 4.551221e-23
2.438535e+00 4.518372e-23
2.444159e+00 4.485991e-23
2.449795e+00 4.454062e-23
2.455444e+00 4.422673e-23
2.461106e+00 4.391676e-23
2.466782e+00 4.361054e-23
2.472470e+00 4.330907e-23
2.478172e+00 4.301101e-23
2.483886e+00 4.271627e-23
2.489614e+00 4.242560e-23
2.495355e+00 4.303670e-23
2.501110e+00 4.362131e-23
2.506877e+00 4.192541e-23
2.512658e+00 4.034077e-23
2.518452e+00 3.919662e-23
2.524260e+00 3.893628e-23
2.530081e+00 3.867887e-23
2.535915e+00 3.842363e-23
2.541763e+00 3.817049e-23
2.547624e+00 3.792027e-23
2.553499e+00 3.767204e-23
2.559388e+00 3.742571e-23
2.565289e+00 3.718175e-23
2.571205e+00 3.693996e-23
2.577134e+00 3.669996e-23
2.583077e+00 3.646177e-23
2.589034e+00 3.622599e-23
2.595004e+00 3.599183e-23
2.600988e+00 3.575927e-23
2.606986e+00 3.552873e-23
2.612998e+00 3.530005e-23
2.619023e+00 3.507287e-23
2.625063e+00 3.485899e-23
2.631116e+00 3.578077e-23
2.637184e+00 3.597569e-23
2.643265e+00 3.574348e-23
2.649360e+00 3.551295e-23
2.655470e+00 3.528439e-23
2.661593e+00 3.505724e-23
2.667731e+00 3.483151e-23
2.673883e+00 3.460754e-23
2.680049e+00 3.438528e-23
2.686229e+00 3.416438e-23
2.692424e+00 3.394483e-23
2.698632e+00 3.372704e-23
2.704855e+00 3.351080e-23
2.711093e+00 3.329587e-23
2.717345e+00 3.308225e-23
2.723611e+00 3.287032e-23
2.729891e+00 3.265988e-23
2.736187e+00 3.245070e-23
2.742496e+00 3.224279e-23
2.748821e+00 3.203646e-23
2.755159e+00 3.183160e-23
2.761513e+00 3.162798e-23
2.767881e+00 3.142559e-23
2.774264e+00 3.122462e-23
2.780661e+00 3.012219e-23
2.787073e+00 2.950920e-23
2.793500e+00 2.932192e-23
2.799942e+00 2.913579e-23
2.806399e+00 2.895119e-23
2.812870e+00 2.876771e-23
2.819357e+00 2.858533e-23
2.825858e+00 2.840406e-23
2.832375e+00 2.822409e-23
2.838906e+00 2.804539e-23
2.845453e+00 2.786776e-23
2.852014e+00 2.769122e-23
2.858591e+00 2.751574e-23
2.865183e+00 2.734164e-23
2.871790e+00 2.649959e-23
2.878413e+00 2.591900e-23
2.885050e+00 2.575614e-23
2.891703e+00 2.559428e-23
2.898372e+00 2.543368e-23
2.905055e+00 2.527405e-23
2.911754e+00 2.511540e-23
2.918469e+00 2.495771e-23
2.925199e+00 2.480097e-23
2.931944e+00 2.464542e-23
2.938705e+00 2.449085e-23
2.945482e+00 2.433721e-23
2.952274e+00 2.445080e-23
2.959082e+00 2.501767e-23
2.965906e+00 2.485959e-23
2.972745e+00 2.470260e-23
2.979601e+00 2.401341e-23
2.986472e+00 2.343569e-23
2.993358e+00 2.328873e-23
3.000261e+00 2.314267e-23
3.007180e+00 2.299767e-23
3.014114e+00 2.227012e-23
3.021065e+00 2.187765e-23
3.028031e+00 2.203761e-23
3.035014e+00 2.242664e-23
3.042013e+00 2.228607e-23
3.049028e+00 2.214650e-23
3.056059e+00 2.200783e-23
3.063106e+00 2.187000e-23
3.070170e+00 2.173303e-23
3.077250e+00 2.159690e-23
3.084346e+00 2.146161e-23
3.091458e+00 2.132719e-23
3.098587e+00 2.119371e-23
3.105733e+00 2.163556e-23
3.112894e+00 7.656037e-23
3.120073e+00 1.813417e-22
3.127268e+00 2.230507e-22
3.134479e+00 1.011391e-22
3.141707e+00 2.121619e-23
3.148952e+00 2.038275e-23
3.156214e+00 2.015541e-23
3.163492e+00 2.002930e-23
3.170787e+00 1.990398e-23
3.178099e+00 1.977943e-23
3.185427e+00 1.965565e-23
3.192773e+00 1.953264e-23
3.200136e+00 1.941040e-23
3.207515e+00 1.928900e-23
3.214912e+00 1.916837e-23
3.222325e+00 1.858961e-23
3.229756e+00 1.826062e-23
3.237204e+00 1.814726e-23
3.244669e+00 1.803460e-23
3.252151e+00 1.792263e-23
3.259651e+00 1.781136e-23
3.267167e+00 1.770078e-23
3.274702e+00 1.759090e-23
3.282253e+00 1.748174e-23
3.289822e+00 1.737325e-23
3.297408e+00 1.726544e-23
3.305012e+00 1.715828e-23
3.312634e+00 1.705179e-23
3.320272e+00 1.694596e-23
3.327929e+00 1.705040e-23
3.335603e+00 1.733773e-23
3.343295e+00 1.722931e-23
3.351005e+00 1.712156e-23
3.358732e+00 1.701449e-23
3.366478e+00 1.690810e-23
3.374241e+00 1.680240e-23
3.382022e+00 1.621229e-23
3.389821e+00 1.602255e-23
3.397638e+00 1.592311e-23
3.405473e+00 1.582429e-23
3.413326e+00 1.572608e-23
3.421197e+00 1.562848e-23
3.429086e+00 1.553148e-23
3.436994e+00 1.543508e-23
3.444919e+00 1.533927e-23
3.452863e+00 1.524406e-23
3.460826e+00 1.530605e-23
3.468806e+00 1.558424e-23
3.476805e+00 1.548679e-23
3.484823e+00 1.538995e-23
3.492859e+00 1.529371e-23
3.500914e+00 1.514132e-23
3.508987e+00 1.463285e-23
3.517078e+00 1.500858e-23
3.525189e+00 1.490324e-23
3.533318e+00 1.432459e-23
3.541466e+00 1.423476e-23
3.549633e+00 1.414638e-23
3.557818e+00 1.405854e-23
3.566022e+00 1.441598e-23
3.574246e+00 1.436376e-23
3.582488e+00 1.384604e-23
3.590749e+00 1.371257e-23
3.599029e+00 1.362740e-23
3.607329e+00 1.354276e-23
3.615647e+00 1.345864e-23
3.623985e+00 1.337503e-23
3.632342e+00 1.329195e-23
3.640718e+00 1.320937e-23
3.649114e+00 1.312730e-23
3.657529e+00 1.304573e-23
3.665963e+00 1.296467e-23
3.674417e+00 1.288410e-23
3.682890e+00 1.280403e-23
3.691383e+00 1.272445e-23
3.699895e+00 1.264536e-23
3.708427e+00 1.256676e-23
3.716979e+00 1.248864e-23
3.725550e+00 1.241101e-23
3.734141e+00 1.237318e-23
3.742752e+00 1.261497e-23
3.751383e+00 1.218095e-23
3.760034e+00 1.210521e-23
3.768704e+00 1.202992e-23
3.777395e+00 1.195510e-23
3.786106e+00 1.188074e-23
3.794836e+00 1.180684e-23
3.803587e+00 1.173338e-23
3.812358e+00 1.166038e-23
3.821150e+00 1.158782e-23
3.829961e+00 1.151571e-23
3.838793e+00 1.144403e-23
3.847646e+00 1.137280e-23
3.856518e+00 1.130200e-23
3.865411e+00 1.123163e-23
3.874325e+00 1.116169e-23
3.883259e+00 1.109218e-23
3.892214e+00 1.102311e-23
3.901190e+00 1.095447e-23
3.910186e+00 1.081428e-23
3.919203e+00 1.050043e-23
3.928240e+00 1.043543e-23
3.937299e+00 1.037083e-23
3.946378e+00 1.030662e-23
3.955479e+00 1.024280e-23
3.964600e+00 1.017936e-23
3.973743e+00 1.011630e-23
3.982906e+00 1.005363e-23
3.992091e+00 9.991341e-24
4.001296e+00 9.929440e-24
4.010524e+00 9.867911e-24
4.019772e+00 9.806753e-24
4.029041e+00 9.745963e-24
4.038332e+00 9.685539e-24
4.047645e+00 9.625478e-24
4.056979e+00 9.565778e-24
4.066334e+00 9.506436e-24
4.075711e+00 9.447468e-24
4.085110e+00 9.388861e-24
4.094530e+00 9.330606e-24
4.103972e+00 9.155202e-24
4.113436e+00 9.119470e-24
4.122922e+00 9.157930e-24
4.132429e+00 9.101061e-24
4.141958e+00 9.053583e-24
4.151510e+00 9.251472e-24
4.161083e+00 9.193660e-24
4.170679e+00 9.010507e-24
4.180296e+00 8.821890e-24
4.189936e+00 8.767058e-24
4.199598e+00 8.496680e-24
4.209282e+00 8.433474e-24
4.218989e+00 8.381349e-24
4.228718e+00 8.329533e-24
4.238470e+00 8.412102e-24
4.248244e+00 8.272232e-24
4.258040e+00 8.175922e-24
4.267859e+00 8.340238e-24
4.277701e+00 8.364238e-24
4.287565e+00 8.605804e-24
4.297452e+00 8.499678e-24
4.307362e+00 8.367590e-24
4.317295e+00 8.083824e-24
4.327251e+00 8.033480e-24
4.337230e+00 7.983436e-24
4.347231e+00 7.797929e-24
4.357256e+00 7.683544e-24
4.367304e+00 7.650756e-24
4.377375e+00 7.786261e-24
4.387469e+00 7.639561e-24
4.397587e+00 7.494763e-24
4.407728e+00 7.627087e-24
4.417892e+00 7.593827e-24
4.428079e+00 7.546454e-24
4.438291e+00 7.499363e-24
4.448525e+00 7.452552e-24
4.458784e+00 7.219992e-24
4.469066e+00 7.175167e-24
4.479371e+00 7.130607e-24
4.489701e+00 7.086309e-24
4.500054e+00 7.042274e-24
4.510431e+00 7.042682e-24
4.520832e+00 7.043195e-24
4.531257e+00 6.911792e-24
4.541707e+00 6.868810e-24
4.552180e+00 6.826106e-24
4.562677e+00 6.783653e-24
4.573199e+00 6.741451e-24
4.583745e+00 6.699502e-24
4.594315e+00 6.657820e-24
4.604909e+00 6.616383e-24
4.615528e+00 6.718009e-24
4.626172e+00 6.534253e-24
4.636840e+00 6.493569e-24
4.647532e+00 6.453124e-24
4.658249e+00 6.412918e-24
4.668991e+00 6.372971e-24
4.679758e+00 6.333261e-24
4.690550e+00 6.293784e-24
4.701366e+00 6.254553e-24
4.712208e+00 6.215564e-24
4.723074e+00 6.176804e-24
4.733965e+00 6.002152e-24
4.744882e+00 5.964901e-24
4.755824e+00 6.020753e-24
4.766791e+00 5.891056e-24
4.777783e+00 5.854477e-24
4.788800e+00 5.818114e-24
4.799843e+00 5.781963e-24
4.810912e+00 5.746044e-24
4.822006e+00 5.710336e-24
4.833126e+00 5.674838e-24
4.844271e+00 5.604057e-24
4.855442e+00 5.493215e-24
4.866638e+00 5.459206e-24
4.877861e+00 5.425414e-24
4.889109e+00 5.391819e-24
4.900384e+00 5.358423e-24
4.911684e+00 5.325238e-24
4.923010e+00 5.292246e-24
4.934363e+00 5.364938e-24
4.945741e+00 5.279844e-24
4.957146e+00 5.194466e-24
4.968578e+00 5.185363e-24
4.980035e+00 5.232566e-24
4.991519e+00 5.312126e-24
5.003030e+00 5.548426e-24
5.014567e+00 5.087180e-24
5.026130e+00 5.004169e-24
5.037721e+00 4.973124e-24
5.049338e+00 4.942261e-24
5.060981e+00 4.911592e-24
5.072652e+00 4.881106e-24
5.084350e+00 4.840291e-24
5.096074e+00 4.736686e-24
5.107826e+00 4.707395e-24
5.119605e+00 4.793251e-24
5.131410e+00 4.823993e-24
5.143243e+00 4.776228e-24
5.155104e+00 4.622921e-24
5.166991e+00 4.640593e-24
5.178907e+00 4.535356e-24
5.190849e+00 4.507284e-24
5.202819e+00 4.479388e-24
5.214817e+00 4.397873e-24
5.226842e+00 4.424095e-24
5.238896e+00 4.447262e-24
5.250977e+00 4.436343e-24
5.263085e+00 4.342410e-24
5.275222e+00 4.315508e-24
5.287387e+00 4.288775e-24
5.299580e+00 4.262199e-24
5.311800e+00 4.235789e-24
5.324049e+00 4.209536e-24
5.336327e+00 4.183446e-24
5.348632e+00 4.157511e-24
5.360966e+00 4.069140e-24
5.373329e+00 4.044014e-24
5.385720e+00 4.080655e-24
5.398139e+00 4.007632e-24
5.410587e+00 3.985578e-24
5.423064e+00 3.958768e-24
5.435570e+00 3.920667e-24
5.448104e+00 3.896448e-24
5.460668e+00 3.872377e-24
5.473260e+00 3.848452e-24
5.485881e+00 3.824676e-24
5.498532e+00 3.900659e-24
5.511212e+00 3.876210e-24
5.523920e+00 3.761383e-24
5.536659e+00 3.752932e-24
5.549426e+00 3.763480e-24
5.562223e+00 3.714115e-24
5.575050e+00 3.614076e-24
5.587906e+00 3.591848e-24
5.600792e+00 3.612595e-24
5.613707e+00 3.547806e-24
5.626652e+00 3.525994e-24
5.639627e+00 3.504321e-24
5.652632e+00 3.482787e-24
5.665668e+00 3.501304e-24
5.678733e+00 3.485287e-24
5.691828e+00 3.570729e-24
5.704953e+00 3.435288e-24
5.718109e+00 3.384607e-24
5.731295e+00 3.437240e-24
5.744511e+00 3.322676e-24
5.757758e+00 3.277626e-24
5.771036e+00 3.317184e-24
5.784344e+00 3.317280e-24
5.797682e+00 3.296913e-24
5.811052e+00 3.276686e-24
5.824452e+00 3.256599e-24
5.837883e+00 3.175947e-24
5.851346e+00 3.140668e-24
5.864839e+00 3.121650e-24
5.878363e+00 3.102769e-24
5.891919e+00 3.084024e-24
5.905506e+00 3.065419e-24
5.919124e+00 3.046951e-24
5.932773e+00 3.028619e-24
5.946454e+00 3.010428e-24
5.960167e+00 2.992374e-24
5.973911e+00 2.974458e-24
5.987687e+00 2.956681e-24
6.001495e+00 2.939042e-24
6.015334e+00 2.921541e-24
6.029206e+00 2.889814e-24
6.043109e+00 2.886955e-24
6.057044e+00 2.846418e-24
6.071012e+00 2.825526e-24
6.085012e+00 2.814275e-24
6.099044e+00 2.819441e-24
6.113108e+00 2.787443e-24
6.127205e+00 2.766871e-24
6.141335e+00 2.798845e-24
6.155496e+00 2.914546e-24
6.169691e+00 3.191214e-24
6.183918e+00 3.320603e-24
6.198179e+00 2.994461e-24
6.212472e+00 3.214987e-24
6.226798e+00 2.880745e-24
6.241157e+00 2.756282e-24
6.255549e+00 2.758595e-24
6.269974e+00 2.584359e-24
6.284433e+00 2.569830e-24
6.298925e+00 2.555427e-24
6.313450e+00 2.541151e-24
6.328009e+00 2.526999e-24
6.342601e+00 2.510913e-24
6.357228e+00 2.481295e-24
6.371887e+00 2.467669e-24
6.386581e+00 2.454164e-24
6.401308e+00 2.440778e-24
6.416070e+00 2.427510e-24
6.430865e+00 2.414361e-24
6.445695e+00 2.401329e-24
6.460559e+00 2.405132e-24
6.475457e+00 2.391252e-24
6.490389e+00 2.362924e-24
6.505356e+00 2.356067e-24
6.520358e+00 2.337889e-24
6.535394e+00 2.325538e-24
6.550464e+00 2.313297e-24
6.565570e+00 2.301166e-24
6.580710e+00 2.289143e-24
6.595885e+00 2.277227e-24
6.611095e+00 2.265417e-24
6.626341e+00 2.253712e-24
6.641621e+00 2.242111e-24
6.656937e+00 2.242947e-24
6.672288e+00 2.233990e-24
6.687674e+00 2.207922e-24
6.703096e+00 2.196726e-24
6.718553e+00 2.185630e-24
6.734046e+00 2.174630e-24
6.749575e+00 2.163728e-24
6.765140e+00 2.152921e-24
6.780740e+00 2.142209e-24
6.796376e+00 2.131590e-24
6.812049e+00 2.121063e-24
6.827758e+00 2.110627e-24
6.843502e+00 2.091069e-24
6.859284e+00 2.090024e-24
6.875101e+00 2.079855e-24
6.890955e+00 2.069773e-24
6.906846e+00 2.050444e-24
6.922773e+00 2.038663e-24
6.938737e+00 2.028936e-24
6.954738e+00 2.019290e-24
6.970775e+00 2.009725e-24
6.986850e+00 2.004701e-24
7.002962e+00 2.001524e-24
7.019111e+00 1.995554e-24
7.035297e+00 1.994726e-24
7.051520e+00 1.973459e-24
7.067781e+00 1.964253e-24
7.084080e+00 1.956130e-24
7.100415e+00 2.022357e-24
7.116789e+00 1.961367e-24
7.133200e+00 2.023178e-24
7.149650e+00 2.110934e-24
7.166137e+00 1.901360e-24
7.182662e+00 1.892126e-24
7.199225e+00 1.883558e-24
7.215827e+00 1.883540e-24
7.232466e+00 1.875993e-24
7.249145e+00 1.859155e-24
7.265861e+00 1.849901e-24
7.282616e+00 1.841635e-24
7.299410e+00 1.841800e-24
7.316243e+00 1.868720e-24
7.333114e+00 1.826298e-24
7.350024e+00 1.827942e-24
7.366973e+00 1.809835e-24
7.383962e+00 1.801146e-24
7.400989e+00 1.785308e-24
7.418056e+00 1.777469e-24
7.435162e+00 1.769678e-24
7.452307e+00 1.761937e-24
7.469493e+00 1.768973e-24
7.486717e+00 1.756694e-24
7.503982e+00 1.738992e-24
7.521286e+00 1.734936e-24
7.538630e+00 1.723923e-24
7.556014e+00 1.716454e-24
7.573438e+00 1.709029e-24
7.590903e+00 1.695529e-24
7.608407e+00 1.694307e-24
7.625953e+00 1.680420e-24
7.643538e+00 1.673226e-24
7.661164e+00 1.668217e-24
7.678831e+00 1.672682e-24
7.696538e+00 1.658227e-24
7.714287e+00 1.646611e-24
7.732076e+00 1.637862e-24
7.749906e+00 1.636995e-24
7.767777e+00 1.630093e-24
7.785690e+00 1.623160e-24
7.803644e+00 1.616267e-24
7.821639e+00 1.609414e-24
7.839676e+00 1.602602e-24
7.857754e+00 1.595830e-24
7.875874e+00 1.589098e-24
7.894036e+00 1.582408e-24
7.912240e+00 1.575759e-24
7.930485e+00 1.573309e-24
7.948773e+00 1.575060e-24
7.967103e+00 1.561997e-24
7.985475e+00 1.551138e-24
8.003890e+00 1.546381e-24
8.022347e+00 1.535018e-24
8.040846e+00 1.530406e-24
8.059389e+00 1.523424e-24
8.077974e+00 1.512676e-24
8.096602e+00 1.506514e-24
8.115272e+00 1.504592e-24
8.133986e+00 1.519162e-24
8.152743e+00 1.512897e-24
8.171544e+00 1.492079e-24
8.190387e+00 1.476409e-24
8.209274e+00 1.470533e-24
8.228205e+00 1.464707e-24
8.247179e+00 1.458932e-24
8.266197e+00 1.457616e-24
8.285259e+00 1.478624e-24
8.304365e+00 1.472872e-24
8.323515e+00 1.453224e-24
8.342709e+00 1.435957e-24
8.361947e+00 1.423661e-24
8.381230e+00 1.416123e-24
8.400557e+00 1.414625e-24
8.419929e+00 1.404247e-24
8.439346e+00 1.397104e-24
8.458807e+00 1.395034e-24
8.478313e+00 1.386947e-24
8.497864e+00 1.381955e-24
8.517460e+00 1.377022e-24
8.537101e+00 1.375244e-24
8.556788e+00 1.367886e-24
8.576520e+00 1.362577e-24
8.596298e+00 1.357883e-24
8.616121e+00 1.350657e-24
8.635989e+00 1.347843e-24
8.655904e+00 1.344168e-24
8.675865e+00 1.339721e-24
8.695871e+00 1.335337e-24
8.715924e+00 1.331016e-24
8.736023e+00 1.324326e-24
8.756168e+00 1.320160e-24
8.776360e+00 1.318043e-24
8.796599e+00 1.312023e-24
8.816884e+00 1.308053e-24
8.837215e+00 1.304150e-24
8.857594e+00 1.300315e-24
8.878020e+00 1.296547e-24
8.898493e+00 1.292849e-24
8.919012e+00 1.289219e-24
8.939580e+00 1.285660e-24
8.960195e+00 1.282172e-24
8.980857e+00 1.278756e-24
9.001567e+00 1.275414e-24
9.022324e+00 1.272145e-24
9.043130e+00 1.268951e-24
9.063984e+00 1.264608e-24
9.084885e+00 1.262795e-24
9.105835e+00 1.261226e-24
9.126833e+00 1.256955e-24
9.147880e+00 1.254157e-24
9.168975e+00 1.251443e-24
9.190118e+00 1.248814e-24
9.211311e+00 1.248178e-24
9.232552e+00 1.245704e-24
9.253843e+00 1.241453e-24
9.275182e+00 1.239180e-24
9.296571e+00 1.236999e-24
9.318009e+00 1.234911e-24
9.339496e+00 1.232916e-24
9.361033e+00 1.231014e-24
9.382620e+00 1.229203e-24
9.404256e+00 1.225964e-24
9.425942e+00 1.224343e-24
9.447679e+00 1.222801e-24
9.469465e+00 1.221332e-24
9.491302e+00 1.219927e-24
9.513189e+00 1.218575e-24
9.535126e+00 1.218693e-24
9.557114e+00 1.216177e-24
9.579153e+00 1.214695e-24
9.601243e+00 1.213403e-24
9.623383e+00 1.212080e-24
9.645575e+00 1.210706e-24
9.667817e+00 1.209264e-24
9.690112e+00 1.207737e-24
9.712457e+00 1.207425e-24
9.734854e+00 1.204376e-24
9.757303e+00 1.202528e-24
9.779803e+00 1.200566e-24
9.802355e+00 1.198494e-24
9.824960e+00 1.196319e-24
9.847616e+00 1.194054e-24
9.870325e+00 1.192911e-24
9.893086e+00 1.195152e-24
9.915899e+00 1.193711e-24
9.938766e+00 1.186378e-24
9.961684e+00 1.183306e-24
9.984656e+00 1.179574e-24
1.000768e+01 1.177097e-24
1.003076e+01 1.173529e-24
1.005389e+01 1.171119e-24
1.007707e+01 1.168748e-24
1.010031e+01 1.166421e-24
1.012360e+01 1.164142e-24
1.014695e+01 1.161155e-24
1.017035e+01 1.159402e-24
1.019380e+01 1.156880e-24
1.021731e+01 1.154823e-24
1.024087e+01 1.152819e-24
1.026448e+01 1.150868e-24
1.028815e+01 1.148968e-24
1.031188e+01 1.147800e-24
1.033566e+01 1.145988e-24
1.035949e+01 1.144325e-24
1.038338e+01 1.142503e-24
1.040732e+01 1.140184e-24
1.043132e+01 1.138558e-24
1.045538e+01 1.137369e-24
1.047949e+01 1.135423e-24
1.050365e+01 1.134246e-24
1.052788e+01 1.132432e-24
1.055215e+01 1.130987e-24
1.057649e+01 1.129572e-24
1.060088e+01 1.128187e-24
1.062532e+01 1.126830e-24
1.064982e+01 1.126054e-24
1.067438e+01 1.124740e-24
1.069900e+01 1.123451e-24
1.072367e+01 1.122382e-24
1.074840e+01 1.120941e-24
1.077318e+01 1.119717e-24
1.079803e+01 1.118004e-24
1.082293e+01 1.116825e-24
1.084789e+01 1.116158e-24
1.087290e+01 1.114519e-24
1.089797e+01 1.113390e-24
1.092311e+01 1.112275e-24
1.094829e+01 1.111174e-24
1.097354e+01 1.110086e-24
1.099885e+01 1.109462e-24
1.102421e+01 1.107986e-24
1.104963e+01 1.106910e-24
1.107511e+01 1.105848e-24
1.110065e+01 1.104813e-24
1.112625e+01 1.103731e-24
1.115191e+01 1.102770e-24
1.117762e+01 1.101645e-24
1.120340e+01 1.100406e-24
1.122923e+01 1.099760e-24
1.125513e+01 1.098428e-24
1.128108e+01 1.097448e-24
1.130710e+01 1.096472e-24
1.133317e+01 1.095500e-24
1.135931e+01 1.094532e-24
1.138550e+01 1.093648e-24
1.141176e+01 1.092918e-24
1.143807e+01 1.091777e-24
1.146445e+01 1.090690e-24
1.149088e+01 1.089734e-24
1.151738e+01 1.088805e-24
1.154394e+01 1.091222e-24
1.157056e+01 1.087024e-24
1.159724e+01 1.085922e-24
1.162399e+01 1.085212e-24
1.165079e+01 1.084573e-24
1.167766e+01 1.083146e-24
1.170459e+01 1.082677e-24
1.173158e+01 1.081204e-24
1.175863e+01 1.080192e-24
1.178575e+01 1.079232e-24
1.181293e+01 1.078269e-24
1.184017e+01 1.077305e-24
1.186747e+01 1.076337e-24
1.189484e+01 1.075366e-24
1.192227e+01 1.074392e-24
1.194976e+01 1.073414e-24
1.197731e+01 1.072663e-24
1.200493e+01 1.071934e-24
1.203262e+01 1.070459e-24
1.206037e+01 1.069417e-24
1.208818e+01 1.068467e-24
1.211605e+01 1.067278e-24
1.214399e+01 1.066273e-24
1.217200e+01 1.065263e-24
1.220006e+01 1.064424e-24
1.222820e+01 1.063401e-24
1.225640e+01 1.062371e-24
1.228466e+01 1.061337e-24
1.231299e+01 1.060488e-24
1.234138e+01 1.059438e-24
1.236984e+01 1.058310e-24
1.239837e+01 1.057321e-24
1.242696e+01 1.056700e-24
1.245561e+01 1.055540e-24
1.248434e+01 1.054298e-24
1.251313e+01 1.052907e-24
1.254198e+01 1.051593e-24
1.257090e+01 1.050496e-24
1.259989e+01 1.049394e-24
1.262895e+01 1.048281e-24
1.265807e+01 1.047162e-24
1.268726e+01 1.046037e-24
1.271652e+01 1.044904e-24
1.274584e+01 1.043763e-24
1.277523e+01 1.042616e-24
1.280469e+01 1.041460e-24
1.283422e+01 1.040298e-24
1.286382e+01 1.039127e-24
1.289348e+01 1.037863e-24
1.292321e+01 1.036763e-24
1.295301e+01 1.035570e-24
1.298288e+01 1.034369e-24
1.301282e+01 1.033160e-24
1.304283e+01 1.031944e-24
1.307291e+01 1.030719e-24
1.310305e+01 1.029487e-24
1.313327e+01 1.028485e-24
1.316355e+01 1.027440e-24
1.319391e+01 1.025718e-24
1.322433e+01 1.024388e-24
1.325483e+01 1.023210e-24
1.328539e+01 1.021863e-24
1.331603e+01 1.020563e-24
1.334674e+01 1.019451e-24
1.337752e+01 1.017963e-24
1.340836e+01 1.016655e-24
1.343928e+01 1.015339e-24
1.347027e+01 1.014016e-24
1.350134e+01 1.012685e-24
1.353247e+01 1.011347e-24
1.356368e+01 1.010001e-24
1.359496e+01 1.008648e-24
1.362631e+01 1.007288e-24
1.365773e+01 1.005920e-24
1.368922e+01 1.004546e-24
1.372079e+01 1.003164e-24
1.375243e+01 1.001775e-24
1.378414e+01 1.000379e-24
1.381593e+01 9.989760e-25
1.384779e+01 9.975664e-25
1.387972e+01 9.961500e-25
1.391173e+01 9.946685e-25
1.394381e+01 9.932398e-25
1.397596e+01 9.918047e-25
1.400819e+01 9.903632e-25
1.404050e+01 9.889155e-25
1.407287e+01 9.874616e-25
1.410533e+01 9.860017e-25
1.413785e+01 9.845359e-25
1.417045e+01 9.830642e-25
1.420313e+01 9.816600e-25
1.423588e+01 9.801040e-25
1.426871e+01 9.786156e-25
1.430162e+01 9.771134e-25
1.433460e+01 9.755808e-25
1.436765e+01 9.740775e-25
1.440078e+01 9.725693e-25
1.443399e+01 9.710563e-25
1.446728e+01 9.695386e-25
1.450064e+01 9.680165e-25
1.453408e+01 9.664900e-25
1.456759e+01 9.649593e-25
1.460119e+01 9.634245e-25
1.463486e+01 9.618859e-25
1.466860e+01 9.603435e-25
1.470243e+01 9.587976e-25
1.473633e+01 9.572483e-25
1.477032e+01 9.556957e-25
1.480438e+01 9.541401e-25
1.483852e+01 9.525816e-25
1.487273e+01 9.510203e-25
1.490703e+01 9.494566e-25
1.494141e+01 9.478620e-25
1.497586e+01 9.463221e-25
1.501040e+01 9.448979e-25
1.504501e+01 9.431525e-25
1.507970e+01 9.415792e-25
1.511448e+01 9.400044e-25
1.514933e+01 9.384284e-25
1.518427e+01 9.368514e-25
1.521928e+01 9.352736e-25
1.525438e+01 9.336951e-25
1.528955e+01 9.321163e-25
1.532481e+01 9.305371e-25
1.536015e+01 9.289580e-25
1.539557e+01 9.273585e-25
1.543107e+01 9.257803e-25
1.546666e+01 9.242027e-25
1.550232e+01 9.226260e-25
1.553807e+01 9.210503e-25
1.557390e+01 9.194759e-25
1.560982e+01 9.179062e-25
1.564581e+01 9.163409e-25
1.568189e+01 9.147625e-25
1.571805e+01 9.131954e-25
1.575430e+01 9.116307e-25
1.579063e+01 9.100687e-25
1.582704e+01 9.085095e-25
1.586354e+01 9.069534e-25
1.590012e+01 9.054007e-25
1.593679e+01 9.038515e-25
1.597354e+01 9.023061e-25
1.601037e+01 9.007648e-25
1.604729e+01 8.992277e-25
1.608430e+01 8.976951e-25
1.612139e+01 8.961673e-25
1.615857e+01 8.946445e-25
1.619583e+01 8.931269e-25
1.623317e+01 8.916148e-25
1.627061e+01 8.901084e-25
1.630813e+01 8.886080e-25
1.634574e+01 8.871137e-25
1.638343e+01 8.856259e-25
1.642121e+01 8.841448e-25
1.645908e+01 8.826842e-25
1.649703e+01 8.812268e-25
1.653507e+01 8.797898e-25
1.657320e+01 8.783746e-25
1.661142e+01 8.769342e-25
1.664973e+01 8.754564e-25
1.668812e+01 8.739913e-25
1.672661e+01 8.725750e-25
1.676518e+01 8.711444e-25
1.680384e+01 8.697434e-25
1.684259e+01 8.683517e-25
1.688143e+01 8.669695e-25
1.692035e+01 8.655971e-25
1.695937e+01 8.642347e-25
1.699848e+01 8.628824e-25
1.703768e+01 8.615406e-25
1.707697e+01 8.602094e-25
1.711635e+01 8.588891e-25
1.715582e+01 8.575799e-25
1.719538e+01 8.562820e-25
1.723503e+01 8.549955e-25
1.727478e+01 8.537208e-25
1.731461e+01 8.524580e-25
1.735454e+01 8.512073e-25
1.739456e+01 8.499689e-25
1.743467e+01 8.487418e-25
1.747488e+01 8.475297e-25
1.751517e+01 8.463294e-25
1.755556e+01 8.451420e-25
1.759605e+01 8.439643e-25
1.763662e+01 8.428073e-25
1.767729e+01 8.416601e-25
1.771806e+01 8.405267e-25
1.775892e+01 8.394008e-25
1.779987e+01 8.382955e-25
1.784092e+01 8.372099e-25
1.788206e+01 8.361274e-25
1.792329e+01 8.350650e-25
1.796462e+01 8.340172e-25
1.800605e+01 8.329842e-25
1.804757e+01 8.319660e-25
1.808919e+01 8.309628e-25
1.813090e+01 8.299747e-25
1.817271e+01 8.290018e-25
1.821462e+01 8.280442e-25
1.825662e+01 8.271020e-25
1.829872e+01 8.261761e-25
1.834092e+01 8.252642e-25
1.838322e+01 8.243687e-25
1.842561e+01 8.234890e-25
1.846810e+01 8.226244e-25
1.851068e+01 8.217741e-25
1.855337e+01 8.209409e-25
1.859615e+01 8.201250e-25
1.863904e+01 8.193251e-25
1.868202e+01 8.185413e-25
1.872510e+01 8.177736e-25
1.876828e+01 8.170222e-25
1.881156e+01 8.162869e-25
1.885494e+01 8.155679e-25
1.889842e+01 8.148652e-25
1.894200e+01 8.141788e-25
1.898568e+01 8.135086e-25
1.902946e+01 8.128548e-25
1.907334e+01 8.122173e-25
1.911733e+01 8.115963e-25
1.916141e+01 8.109911e-25
1.920560e+01 8.104016e-25
1.924989e+01 8.098302e-25
1.929428e+01 8.092741e-25
1.933877e+01 8.087342e-25
1.938336e+01 8.082106e-25
1.942806e+01 8.077031e-25
1.947286e+01 8.072117e-25
1.951777e+01 8.067364e-25
1.956278e+01 8.062771e-25
1.960789e+01 8.058396e-25
1.965310e+01 8.054053e-25
1.969842e+01 8.049946e-25
1.974385e+01 8.045987e-25
1.978938e+01 8.042269e-25
1.983501e+01 8.038538e-25
1.988075e+01 8.035046e-25
1.992660e+01 8.031684e-25
1.997255e+01 8.028499e-25
2.001861e+01 8.025486e-25
2.006477e+01 8.022579e-25
2.011104e+01 8.019842e-25
2.015741e+01 8.017252e-25
2.020390e+01 8.014808e-25
2.025049e+01 8.012508e-25
2.029719e+01 8.010349e-25
2.034399e+01 8.008330e-25
2.039090e+01 8.006449e-25
2.043793e+01 8.004723e-25
2.048506e+01 8.003108e-25
2.053229e+01 8.001613e-25
2.057964e+01 8.000262e-25
2.062710e+01 7.999038e-25
2.067466e+01 7.997937e-25
2.072234e+01 7.996942e-25
2.077013e+01 7.996080e-25
2.081802e+01 7.995333e-25
2.086603e+01 7.994698e-25
2.091415e+01 7.994171e-25
2.096237e+01 7.993750e-25
2.101071e+01 7.993430e-25
2.105916e+01 7.993207e-25
2.110773e+01 7.993079e-25
2.115640e+01 7.993041e-25
2.120519e+01 7.993089e-25
2.125409e+01 7.993219e-25
2.130310e+01 7.993426e-25
2.135223e+01 7.993707e-25
2.140146e+01 7.994057e-25
2.145082e+01 7.994471e-25
2.150028e+01 7.994945e-25
2.154986e+01 7.995473e-25
2.159956e+01 7.996051e-25
2.164936e+01 7.996675e-25
2.169929e+01 7.997338e-25
2.174933e+01 7.998036e-25
2.179948e+01 7.998764e-25
2.184975e+01 7.999516e-25
2.190014e+01 8.000288e-25
2.195064e+01 8.001073e-25
2.200126e+01 8.001867e-25
2.205199e+01 8.002664e-25
2.210284e+01 8.003458e-25
2.215381e+01 8.004245e-25
2.220490e+01 8.005018e-25
2.225610e+01 8.005773e-25
2.230743e+01 8.006504e-25
2.235887e+01 8.007205e-25
2.241043e+01 8.007871e-25
2.246211e+01 8.008497e-25
2.251390e+01 8.009077e-25
2.256582e+01 8.009606e-25
2.261786e+01 8.010079e-25
2.267002e+01 8.010490e-25
2.272229e+01 8.010835e-25
2.277469e+01 8.011108e-25
2.282721e+01 8.011305e-25
2.287985e+01 8.011420e-25
2.293261e+01 8.011450e-25
2.298549e+01 8.011388e-25
2.303850e+01 8.011231e-25
2.309162e+01 8.010974e-25
2.314487e+01 8.010621e-25
2.319825e+01 8.010151e-25
2.325174e+01 8.009569e-25
2.330536e+01 8.008871e-25
2.335910e+01 8.008052e-25
2.341297e+01 8.007109e-25
2.346696e+01 8.006039e-25
2.352107e+01 8.004838e-25
2.357531e+01 8.003503e-25
2.362968e+01 8.002031e-25
2.368417e+01 8.000419e-25
2.373878e+01 7.998664e-25
2.379353e+01 7.996764e-25
2.384839e+01 7.994716e-25
2.390339e+01 7.992518e-25
2.395851e+01 7.990167e-25
2.401376e+01 7.987662e-25
2.406914e+01 7.985001e-25
2.412464e+01 7.982183e-25
2.418027e+01 7.979205e-25
2.423603e+01 7.976067e-25
2.429192e+01 7.972768e-25
2.434794e+01 7.969305e-25
2.440408e+01 7.965679e-25
2.446036e+01 7.961889e-25
2.451676e+01 7.957934e-25
2.457330e+01 7.953814e-25
2.462997e+01 7.949529e-25
2.468676e+01 7.945078e-25
2.474369e+01 7.940461e-25
2.480075e+01 7.935679e-25
2.485794e+01 7.930738e-25
2.491526e+01 7.925626e-25
2.497272e+01 7.920350e-25
2.503031e+01 7.914903e-25
2.508803e+01 7.909300e-25
2.514588e+01 7.903535e-25
2.520387e+01 7.897609e-25
2.526199e+01 7.891518e-25
2.532024e+01 7.885274e-25
2.537863e+01 7.878872e-25
2.543715e+01 7.872315e-25
2.549581e+01 7.865603e-25
2.555460e+01 7.858738e-25
2.561353e+01 7.851722e-25
2.567260e+01 7.844556e-25
2.573180e+01 7.837243e-25
2.579114e+01 7.829784e-25
2.585061e+01 7.822181e-25
2.591022e+01 7.814436e-25
2.596997e+01 7.806551e-25
2.602986e+01 7.798529e-25
2.608988e+01 7.790370e-25
2.615005e+01 7.782079e-25
2.621035e+01 7.773656e-25
2.627079e+01 7.765104e-25
2.633137e+01 7.756426e-25
2.639209e+01 7.747624e-25
2.645295e+01 7.738700e-25
2.651395e+01 7.729656e-25
2.657509e+01 7.720496e-25
2.663638e+01 7.711221e-25
2.669780e+01 7.701834e-25
2.675937e+01 7.692338e-25
2.682107e+01 7.682734e-25
2.688292e+01 7.673026e-25
2.694492e+01 7.663217e-25
2.700705e+01 7.653307e-25
2.706933e+01 7.643301e-25
2.713175e+01 7.633200e-25
2.719432e+01 7.623007e-25
2.725703e+01 7.612725e-25
2.731988e+01 7.602356e-25
2.738288e+01 7.591903e-25
2.744603e+01 7.581367e-25
2.750932e+01 7.570753e-25
2.757275e+01 7.560061e-25
2.763634e+01 7.549294e-25
2.770007e+01 7.538456e-25
2.776394e+01 7.527548e-25
2.782797e+01 7.516572e-25
2.789214e+01 7.505531e-25
2.795646e+01 7.494428e-25
2.802093e+01 7.483265e-25
2.808554e+01 7.472043e-25
2.815031e+01 7.460766e-25
2.821522e+01 7.449435e-25
2.828029e+01 7.438053e-25
2.834550e+01 7.426622e-25
2.841087e+01 7.415144e-25
2.847638e+01 7.403621e-25
2.854205e+01 7.392055e-25
2.860787e+01 7.380449e-25
2.867384e+01 7.368804e-25
2.873996e+01 7.357123e-25
2.880623e+01 7.345407e-25
2.887266e+01 7.333658e-25
2.893924e+01 7.321879e-25
2.900598e+01 7.310071e-25
2.907286e+01 7.298235e-25
2.913991e+01 7.286375e-25
2.920710e+01 7.274491e-25
2.927446e+01 7.262586e-25
2.934196e+01 7.250661e-25
2.940963e+01 7.238718e-25
2.947744e+01 7.226758e-25
2.954542e+01 7.214783e-25
2.961355e+01 7.202795e-25
2.968184e+01 7.190795e-25
2.975029e+01 7.178785e-25
2.981889e+01 7.166766e-25
2.988765e+01 7.154740e-25
2.995658e+01 7.142708e-25
3.002566e+01 7.130672e-25
3.009489e+01 7.118633e-25
3.016429e+01 7.106592e-25
3.023385e+01 7.094550e-25
3.030357e+01 7.082510e-25
3.037345e+01 7.070472e-25
3.044349e+01 7.058437e-25
3.051370e+01 7.046407e-25
3.058406e+01 7.034383e-25
3.065459e+01 7.022365e-25
3.072528e+01 7.010356e-25
3.079613e+01 6.998356e-25
3.086715e+01 6.986366e-25
3.093833e+01 6.974387e-25
3.100967e+01 6.962420e-25
3.108118e+01 6.950467e-25
3.115285e+01 6.938528e-25
3.122469e+01 6.926603e-25
3.129670e+01 6.914695e-25
3.136887e+01 6.902804e-25
3.144120e+01 6.890930e-25
3.151371e+01 6.879075e-25
3.158638e+01 6.867239e-25
3.165922e+01 6.855426e-25
3.173222e+01 6.843629e-25
3.180540e+01 6.831858e-25
3.187874e+01 6.820105e-25
3.195225e+01 6.808378e-25
3.202594e+01 6.796674e-25
3.209979e+01 6.784994e-25
3.217381e+01 6.773339e-25
3.224800e+01 6.761710e-25
3.232237e+01 6.750108e-25
3.239690e+01 6.738532e-25
3.247161e+01 6.726983e-25
3.254649e+01 6.715462e-25
3.262154e+01 6.703970e-25
3.269677e+01 6.692507e-25
3.277217e+01 6.681073e-25
3.284774e+01 6.669668e-25
3.292349e+01 6.658294e-25
3.299941e+01 6.646951e-25
3.307551e+01 6.635639e-25
3.315178e+01 6.624359e-25
3.322823e+01 6.613111e-25
3.330485e+01 6.601894e-25
3.338165e+01 6.590711e-25
3.345863e+01 6.579561e-25
3.353579e+01 6.568443e-25
3.361312e+01 6.557360e-25
3.369063e+01 6.546311e-25
3.376832e+01 6.535296e-25
3.384619e+01 6.524315e-25
3.392424e+01 6.513369e-25
3.400247e+01 6.502458e-25
3.408088e+01 6.491583e-25
3.415947e+01 6.480743e-25
3.423825e+01 6.469939e-25
3.431720e+01 6.459171e-25
3.439634e+01 6.448439e-25
3.447565e+01 6.437743e-25
3.455515e+01 6.427084e-25
3.463484e+01 6.416461e-25
3.471471e+01 6.405876e-25
3.479476e+01 6.395327e-25
3.487500e+01 6.384815e-25
3.495542e+01 6.374341e-25
3.503603e+01 6.363905e-25
3.511682e+01 6.353506e-25
3.519780e+01 6.343142e-25
3.527897e+01 6.332818e-25
3.536032e+01 6.322533e-25
3.544186e+01 6.312282e-25
3.552359e+01 6.302072e-25
3.560551e+01 6.291900e-25
3.568761e+01 6.281764e-25
3.576991e+01 6.271668e-25
3.585240e+01 6.261609e-25
3.593507e+01 6.251588e-25
3.601794e+01 6.241606e-25
3.610100e+01 6.231661e-25
3.618424e+01 6.221755e-25
3.626769e+01 6.211887e-25
3.635132e+01 6.202057e-25
3.643515e+01 6.192265e-25
3.651917e+01 6.182512e-25
3.660338e+01 6.172796e-25
3.668779e+01 6.163119e-25
3.677239e+01 6.153480e-25
3.685719e+01 6.143879e-25
3.694218e+01 6.134316e-25
3.702737e+01 6.124791e-25
3.711275e+01 6.115304e-25
3.719834e+01 6.105855e-25
3.728412e+01 6.096444e-25
3.737009e+01 6.087071e-25
3.745627e+01 6.077735e-25
3.754264e+01 6.068437e-25
3.762922e+01 6.059177e-25
3.771599e+01 6.049955e-25
3.780296e+01 6.040769e-25
3.789014e+01 6.031622e-25
3.797751e+01 6.022511e-25
3.806509e+01 6.013438e-25
3.815287e+01 6.004402e-25
3.824085e+01 5.995403e-25
3.832903e+01 5.986441e-25
3.841742e+01 5.977516e-25
3.850601e+01 5.968627e-25
3.859480e+01 5.959776e-25
3.868380e+01 5.950960e-25
3.877301e+01 5.942182e-25
3.886242e+01 5.933440e-25
3.895204e+01 5.924734e-25
3.904186e+01 5.916064e-25
3.913189e+01 5.907431e-25
3.922213e+01 5.898833e-25
3.931258e+01 5.890272e-25
3.940323e+01 5.881747e-25
3.949410e+01 5.873259e-25
3.958517e+01 5.864807e-25
3.967645e+01 5.856394e-25
3.976795e+01 5.848025e-25
3.985965e+01 5.839712e-25
3.995157e+01 5.831538e-25
4.004370e+01 5.825397e-25
4.013604e+01 5.815900e-25
4.022859e+01 5.806733e-25
4.032136e+01 5.798457e-25
4.041434e+01 5.790286e-25
4.050754e+01 5.782164e-25
4.060095e+01 5.774083e-25
4.069457e+01 5.766038e-25
4.078842e+01 5.758028e-25
4.088247e+01 5.750051e-25
4.097675e+01 5.742109e-25
4.107124e+01 5.734200e-25
4.116595e+01 5.726325e-25
4.126088e+01 5.718482e-25
4.135603e+01 5.710672e-25
4.145140e+01 5.702895e-25
4.154698e+01 5.695150e-25
4.164279e+01 5.687438e-25
4.173882e+01 5.679757e-25
4.183507e+01 5.672109e-25
4.193154e+01 5.664493e-25
4.202824e+01 5.656908e-25
4.212516e+01 5.649355e-25
4.222230e+01 5.641833e-25
4.231966e+01 5.634342e-25
4.241725e+01 5.626883e-25
4.251507e+01 5.619454e-25
4.261311e+01 5.612057e-25
4.271137e+01 5.604689e-25
4.280986e+01 5.597353e-25
4.290858e+01 5.590046e-25
4.300753e+01 5.582770e-25
4.310671e+01 5.575524e-25
4.320611e+01 5.568307e-25
4.330575e+01 5.561121e-25
4.340561e+01 5.553963e-25
4.350570e+01 5.546835e-25
4.360603e+01 5.539737e-25
4.370658e+01 5.532667e-25
4.380737e+01 5.525627e-25
4.390839e+01 5.518615e-25
4.400964e+01 5.511632e-25
4.411113e+01 5.504677e-25
4.421285e+01 5.497750e-25
4.431481e+01 5.490852e-25
4.441700e+01 5.483981e-25
4.451942e+01 5.477139e-25
4.462208e+01 5.470324e-25
4.472498e+01 5.463537e-25
4.482812e+01 5.456777e-25
4.493149e+01 5.450044e-25
4.503511e+01 5.443339e-25
4.513896e+01 5.436660e-25
4.524305e+01 5.430008e-25
4.534738e+01 5.423383e-25
4.545195e+01 5.416784e-25
4.555676e+01 5.410212e-25
4.566182e+01 5.403665e-25
4.576711e+01 5.397145e-25
4.587265e+01 5.390651e-25
4.597843e+01 5.384182e-25
4.608446e+01 5.377739e-25
4.619073e+01 5.371321e-25
4.629725e+01 5.364929e-25
4.640401e+01 5.358562e-25
4.651102e+01 5.352220e-25
4.661827e+01 5.345903e-25
4.672578e+01 5.339610e-25
4.683353e+01 5.333342e-25
4.694152e+01 5.327099e-25
4.704977e+01 5.320880e-25
4.715827e+01 5.314684e-25
4.726702e+01 5.308513e-25
4.737601e+01 5.302366e-25
4.748526e+01 5.296243e-25
4.759476e+01 5.290143e-25
4.770452e+01 5.284066e-25
4.781453e+01 5.278013e-25
4.792479e+01 5.271983e-25
4.803530e+01 5.265976e-25
4.814607e+01 5.259992e-25
4.825710e+01 5.254031e-25
4.836838e+01 5.248093e-25
4.847992e+01 5.242176e-25
4.859171e+01 5.236283e-25
4.870376e+01 5.230411e-25
4.881607e+01 5.224562e-25
4.892864e+01 5.218734e-25
4.904147e+01 5.212929e-25
4.915456e+01 5.207145e-25
4.926792e+01 5.201382e-25
4.938153e+01 5.195641e-25
4.949540e+01 5.189922e-25
4.960954e+01 5.184223e-25
4.972394e+01 5.178546e-25
4.983860e+01 5.172890e-25
4.995353e+01 5.167254e-25
5.006872e+01 5.161639e-25
5.018418e+01 5.156045e-25
5.029991e+01 5.150471e-25
5.041590e+01 5.144917e-25
5.053216e+01 5.139384e-25
5.064869e+01 5.133871e-25
5.076548e+01 5.128377e-25
5.088255e+01 5.122904e-25
5.099988e+01 5.117450e-25
5.111749e+01 5.112015e-25
5.123537e+01 5.106601e-25
5.135352e+01 5.101205e-25
5.147194e+01 5.095829e-25
5.159063e+01 5.090472e-25
5.170960e+01 5.085134e-25
5.182884e+01 5.079815e-25
5.194836e+01 5.074514e-25
5.206816e+01 5.069233e-25
5.218822e+01 5.063969e-25
5.230857e+01 5.058725e-25
5.242920e+01 5.053498e-25
5.255010e+01 5.048290e-25
5.267128e+01 5.043100e-25
5.279274e+01 5.037928e-25
5.291448e+01 5.032774e-25
5.303650e+01 5.027637e-25
5.315880e+01 5.022519e-25
5.328139e+01 5.017417e-25
5.340425e+01 5.012334e-25
5.352741e+01 5.007267e-25
5.365084e+01 5.002218e-25
5.377456e+01 4.997186e-25
5.389856e+01 4.992172e-25
5.402285e+01 4.987174e-25
5.414743e+01 4.982193e-25
5.427230e+01 4.977228e-25
5.439745e+01 4.972281e-25
5.452289e+01 4.967350e-25
5.464862e+01 4.962435e-25
5.477464e+01 4.957537e-25
5.490095e+01 4.952655e-25
5.502755e+01 4.947789e-25
5.515445e+01 4.942939e-25
5.528163e+01 4.938105e-25
5.540911e+01 4.933287e-25
5.553689e+01 4.928485e-25
5.566495e+01 4.923699e-25
5.579332e+01 4.918928e-25
5.592198e+01 4.914172e-25
5.605093e+01 4.909432e-25
5.618019e+01 4.904708e-25
5.630974e+01 4.899998e-25
5.643959e+01 4.895302e-25
5.656974e+01 4.890626e-25
5.670019e+01 4.885961e-25
5.683094e+01 4.881312e-25
5.696200e+01 4.876678e-25
5.709335e+01 4.872059e-25
5.722501e+01 4.867456e-25
5.735697e+01 4.862869e-25
5.748923e+01 4.858306e-25
5.762181e+01 4.853823e-25
5.775468e+01 4.850645e-25
5.788786e+01 4.844691e-25
5.802135e+01 4.840135e-25
5.815515e+01 4.835622e-25
5.828926e+01 4.831127e-25
5.842367e+01 4.826648e-25
5.855840e+01 4.822184e-25
5.869344e+01 4.817733e-25
5.882878e+01 4.813297e-25
5.896444e+01 4.808874e-25
5.910041e+01 4.804464e-25
5.923670e+01 4.800068e-25
5.937330e+01 4.795685e-25
5.951022e+01 4.791316e-25
5.964745e+01 4.786960e-25
5.978500e+01 4.782617e-25
5.992286e+01 4.778286e-25
6.006104e+01 4.773969e-25
6.019954e+01 4.769665e-25
6.033836e+01 4.765374e-25
6.047750e+01 4.761095e-25
6.061697e+01 4.756829e-25
6.075675e+01 4.752575e-25
6.089686e+01 4.748334e-25
6.103728e+01 4.744106e-25
6.117804e+01 4.739890e-25
6.131911e+01 4.735686e-25
6.146052e+01 4.731495e-25
6.160224e+01 4.727315e-25
6.174430e+01 4.723148e-25
6.188668e+01 4.718993e-25
6.202939e+01 4.714850e-25
6.217243e+01 4.710719e-25
6.231580e+01 4.706599e-25
6.245950e+01 4.702492e-25
6.260354e+01 4.698396e-25
6.274790e+01 4.694312e-25
6.289260e+01 4.690239e-25
6.303763e+01 4.686178e-25
6.318299e+01 4.682129e-25
6.332869e+01 4.678091e-25
6.347473e+01 4.674064e-25
6.362110e+01 4.670048e-25
6.376781e+01 4.666044e-25
6.391486e+01 4.662051e-25
6.406225e+01 4.658069e-25
6.420998e+01 4.654098e-25
6.435805e+01 4.650138e-25
6.450646e+01 4.646189e-25
6.465521e+01 4.642251e-25
6.480431e+01 4.638324e-25
6.495375e+01 4.634408e-25
6.510353e+01 4.630502e-25
6.525366e+01 4.626607e-25
6.540413e+01 4.622722e-25
6.555496e+01 4.618848e-25
6.570613e+01 4.614985e-25
6.585765e+01 4.611132e-25
6.600951e+01 4.607289e-25
6.616173e+01 4.603457e-25
6.631430e+01 4.599635e-25
6.646722e+01 4.595823e-25
6.662050e+01 4.592022e-25
6.677412e+01 4.588230e-25
6.692811e+01 4.584449e-25
6.708244e+01 4.580678e-25
6.723714e+01 4.576917e-25
6.739218e+01 4.573165e-25
6.754759e+01 4.569424e-25
6.770336e+01 4.565692e-25
6.785948e+01 4.561970e-25
6.801597e+01 4.558258e-25
6.817281e+01 4.554556e-25
6.833002e+01 4.550863e-25
6.848759e+01 4.547180e-25
6.864552e+01 4.543506e-25
6.880382e+01 4.539842e-25
6.896248e+01 4.536187e-25
6.912151e+01 4.532542e-25
6.928090e+01 4.528906e-25
6.944067e+01 4.525279e-25
6.960080e+01 4.521662e-25
6.976130e+01 4.518054e-25
6.992217e+01 4.514455e-25
7.008341e+01 4.510865e-25
7.024502e+01 4.507285e-25
7.040701e+01 4.503713e-25
7.056936e+01 4.500151e-25
7.073210e+01 4.496597e-25
7.089521e+01 4.493053e-25
7.105869e+01 4.489517e-25
7.122255e+01 4.485990e-25
7.138679e+01 4.482472e-25
7.155141e+01 4.478963e-25
7.171641e+01 4.475462e-25
7.188179e+01 4.471971e-25
7.204755e+01 4.468487e-25
7.221369e+01 4.465013e-25
7.238022e+01 4.461547e-25
7.254713e+01 4.458090e-25
7.271442e+01 4.454641e-25
7.288210e+01 4.451200e-25
7.305017e+01 4.447768e-25
7.321862e+01 4.444345e-25
7.338746e+01 4.440929e-25
7.355669e+01 4.437523e-25
7.372632e+01 4.434124e-25
7.389633e+01 4.430734e-25
7.406674e+01 4.427351e-25
7.423753e+01 4.423977e-25
7.440873e+01 4.420612e-25
7.458031e+01 4.417254e-25
7.475230e+01 4.413904e-25
7.492468e+01 4.410563e-25
7.509745e+01 4.407229e-25
7.527063e+01 4.403904e-25
7.544420e+01 4.400586e-25
7.561818e+01 4.397276e-25
7.579255e+01 4.393974e-25
7.596733e+01 4.390680e-25
7.614251e+01 4.387394e-25
7.631810e+01 4.384116e-25
7.649409e+01 4.380845e-25
7.667048e+01 4.377582e-25
7.684729e+01 4.374327e-25
7.702450e+01 4.371079e-25
7.720212e+01 4.367839e-25
7.738015e+01 4.364607e-25
7.755858e+01 4.361382e-25
7.773744e+01 4.358165e-25
7.791670e+01 4.354955e-25
7.809638e+01 4.351753e-25
7.827647e+01 4.348558e-25
7.845697e+01 4.345371e-25
7.863789e+01 4.342191e-25
7.881923e+01 4.339018e-25
7.900099e+01 4.335853e-25
7.918317e+01 4.332695e-25
7.936577e+01 4.329544e-25
7.954878e+01 4.326400e-25
7.973222e+01 4.323264e-25
7.991609e+01 4.320135e-25
8.010037e+01 4.317013e-25
8.028509e+01 4.313899e-25
8.047022e+01 4.310791e-25
8.065579e+01 4.307690e-25
8.084178e+01 4.304597e-25
8.102820e+01 4.301511e-25
8.121506e+01 4.298431e-25
8.140234e+01 4.295359e-25
8.159005e+01 4.292293e-25
8.177820e+01 4.289235e-25
8.196678e+01 4.286183e-25
8.215580e+01 4.283139e-25
8.234525e+01 4.280101e-25
8.253514e+01 4.277070e-25
8.272546e+01 4.274046e-25
8.291623e+01 4.271029e-25
8.310744e+01 4.268018e-25
8.329908e+01 4.265014e-25
8.349117e+01 4.262017e-25
8.368370e+01 4.259027e-25
8.387668e+01 4.256043e-25
8.407010e+01 4.253066e-25
8.426396e+01 4.250096e-25
8.445828e+01 4.247132e-25
8.465304e+01 4.244175e-25
8.484825e+01 4.241225e-25
8.504391e+01 4.238281e-25
8.524002e+01 4.235343e-25
8.543659e+01 4.232412e-25
8.563360e+01 4.229488e-25
8.583107e+01 4.226570e-25
8.602900e+01 4.223658e-25
8.622738e+01 4.220753e-25
8.642623e+01 4.217854e-25
8.662553e+01 4.214962e-25
8.682528e+01 4.212076e-25
8.702550e+01 4.209196e-25
8.722619e+01 4.206323e-25
8.742733e+01 4.203456e-25
8.762894e+01 4.200596e-25
8.783101e+01 4.197741e-25
8.803355e+01 4.194893e-25
8.823656e+01 4.192051e-25
8.844003e+01 4.189216e-25
8.864397e+01 4.186386e-25
8.884839e+01 4.183563e-25
8.905327e+01 4.180746e-25
8.925863e+01 4.177935e-25
8.946446e+01 4.175130e-25
8.967077e+01 4.172331e-25
8.987755e+01 4.169538e-25
9.008481e+01 4.166752e-25
9.029254e+01 4.163971e-25
9.050076e+01 4.161197e-25
9.070945e+01 4.158428e-25
9.091863e+01 4.155666e-25
9.112829e+01 4.152910e-25
9.133843e+01 4.150159e-25
9.154906e+01 4.147415e-25
9.176017e+01 4.144676e-25
9.197177e+01 4.141943e-25
9.218386e+01 4.139217e-25
9.239644e+01 4.136496e-25
9.260950e+01 4.133781e-25
9.282306e+01 4.131072e-25
9.303711e+01 4.128369e-25
9.325166e+01 4.125671e-25
9.346669e+01 4.122980e-25
9.368223e+01 4.120294e-25
9.389826e+01 4.117614e-25
9.411479e+01 4.114940e-25
9.433182e+01 4.112271e-25
9.454935e+01 4.109608e-25
9.476738e+01 4.106951e-25
9.498592e+01 4.104300e-25
9.520496e+01 4.101655e-25
9.542450e+01 4.099015e-25
9.564455e+01 4.096381e-25
9.586511e+01 4.093752e-25
9.608617e+01 4.091129e-25
9.630775e+01 4.088512e-25
9.652983e+01 4.085900e-25
9.675243e+01 4.083294e-25
9.697554e+01 4.080694e-25
9.719917e+01 4.078099e-25
9.742331e+01 4.075510e-25
9.764797e+01 4.072926e-25
9.787315e+01 4.070348e-25
9.809884e+01 4.067776e-25
9.832506e+01 4.065208e-25
9.855180e+01 4.062647e-25
9.877906e+01 4.060091e-25
9.900685e+01 4.057540e-25
9.923516e+01 4.054995e-25
9.946399e+01 4.052455e-25
9.969336e+01 4.049921e-25
9.992325e+01 4.047393e-25
1.001537e+02 4.044869e-25
1.003846e+02 4.042351e-25
1.006161e+02 4.039839e-25
1.008481e+02 4.037332e-25
1.010807e+02 4.034830e-25
1.013138e+02 4.032334e-25
1.015474e+02 4.029843e-25
1.017816e+02 4.027357e-25
1.020163e+02 4.024877e-25
1.022515e+02 4.022402e-25
1.024873e+02 4.019932e-25
1.027237e+02 4.017468e-25
1.029606e+02 4.015009e-25
1.031980e+02 4.012555e-25
1.034360e+02 4.010106e-25
1.036745e+02 4.007663e-25
1.039136e+02 4.005225e-25
1.041532e+02 4.002793e-25
1.043934e+02 4.000365e-25
1.046341e+02 3.997943e-25
1.048754e+02 3.995526e-25
1.051172e+02 3.993114e-25
1.053596e+02 3.990708e-25
1.056026e+02 3.988306e-25
1.058461e+02 3.985910e-25
1.060902e+02 3.983519e-25
1.063348e+02 3.981133e-25
1.065800e+02 3.978753e-25
1.068258e+02 3.976377e-25
1.070722e+02 3.974007e-25
1.073191e+02 3.971641e-25
1.075665e+02 3.969281e-25
1.078146e+02 3.966926e-25
1.080632e+02 3.964576e-25
1.083124e+02 3.962232e-25
1.085622e+02 3.959892e-25
1.088125e+02 3.957557e-25
1.090634e+02 3.955228e-25
1.093149e+02 3.952903e-25
1.095670e+02 3.950584e-25
1.098197e+02 3.948269e-25
1.100729e+02 3.945960e-25
1.103268e+02 3.943656e-25
1.105812e+02 3.941357e-25
1.108362e+02 3.939062e-25
1.110918e+02 3.936773e-25
1.113480e+02 3.934489e-25
1.116047e+02 3.932210e-25
1.118621e+02 3.929936e-25
1.121200e+02 3.927666e-25
1.123786e+02 3.925402e-25
1.126377e+02 3.923143e-25
1.128975e+02 3.920889e-25
1.131578e+02 3.918639e-25
1.134188e+02 3.916395e-25
1.136803e+02 3.914156e-25
1.139425e+02 3.911921e-25
1.142052e+02 3.909692e-25
1.144686e+02 3.907467e-25
1.147325e+02 3.905248e-25
1.149971e+02 3.903033e-25
1.152623e+02 3.900823e-25
1.155281e+02 3.898618e-25
1.157945e+02 3.896418e-25
1.160615e+02 3.894223e-25
1.163292e+02 3.892033e-25
1.165974e+02 3.889847e-25
1.168663e+02 3.887667e-25
1.171358e+02 3.885491e-25
1.174059e+02 3.883321e-25
1.176766e+02 3.881155e-25
1.179480e+02 3.878994e-25
1.182200e+02 3.876838e-25
1.184926e+02 3.874687e-25
1.187658e+02 3.872540e-25
1.190397e+02 3.870399e-25
1.193142e+02 3.868262e-25
1.195894e+02 3.866130e-25
1.198651e+02 3.864003e-25
1.201416e+02 3.861880e-25
1.204186e+02 3.859763e-25
1.206963e+02 3.857651e-25
1.209746e+02 3.855543e-25
1.212536e+02 3.853440e-25
1.215332e+02 3.851341e-25
1.218134e+02 3.849248e-25
1.220943e+02 3.847159e-25
1.223759e+02 3.845075e-25
1.226581e+02 3.842996e-25
1.229410e+02 3.840922e-25
1.232245e+02 3.838852e-25
1.235086e+02 3.836788e-25
1.237934e+02 3.834728e-25
1.240789e+02 3.832672e-25
1.243650e+02 3.830622e-25
1.246518e+02 3.828576e-25
1.249393e+02 3.826535e-25
1.252274e+02 3.824499e-25
1.255161e+02 3.822468e-25
1.258056e+02 3.820441e-25
1.260957e+02 3.818419e-25
1.263865e+02 3.816402e-25
1.266779e+02 3.814389e-25
1.269700e+02 3.812381e-25
1.272628e+02 3.810378e-25
1.275563e+02 3.808380e-25
1.278504e+02 3.806387e-25
1.281453e+02 3.804398e-25
1.284408e+02 3.802413e-25
1.287370e+02 3.800434e-25
1.290338e+02 3.798459e-25
1.293314e+02 3.796489e-25
1.296296e+02 3.794524e-25
1.299285e+02 3.792563e-25
1.302282e+02 3.790607e-25
1.305285e+02 3.788656e-25
1.308295e+02 3.786710e-25
1.311312e+02 3.784768e-25
1.314335e+02 3.782831e-25
1.317366e+02 3.780898e-25
1.320404e+02 3.778971e-25
1.323449e+02 3.777047e-25
1.326501e+02 3.775129e-25
1.329560e+02 3.773215e-25
1.332626e+02 3.771306e-25
1.335699e+02 3.769402e-25
1.338779e+02 3.767502e-25
1.341866e+02 3.765607e-25
1.344961e+02 3.763717e-25
1.348062e+02 3.761832e-25
1.351171e+02 3.759951e-25
1.354287e+02 3.758074e-25
1.357410e+02 3.756203e-25
1.360540e+02 3.754336e-25
1.363677e+02 3.752473e-25
1.366822e+02 3.750616e-25
1.369974e+02 3.748763e-25
1.373133e+02 3.746915e-25
1.376299e+02 3.745071e-25
1.379473e+02 3.743232e-25
1.382654e+02 3.741398e-25
1.385843e+02 3.739568e-25
1.389038e+02 3.737743e-25
1.392241e+02 3.735923e-25
1.395452e+02 3.734107e-25
1.398670e+02 3.732296e-25
1.401895e+02 3.730490e-25
1.405128e+02 3.728688e-25
1.408368e+02 3.726891e-25
1.411616e+02 3.725099e-25
1.414871e+02 3.723311e-25
1.418134e+02 3.721528e-25
1.421404e+02 3.719750e-25
1.424682e+02 3.717976e-25
1.427967e+02 3.716207e-25
1.431260e+02 3.714443e-25
1.434561e+02 3.712683e-25
1.437869e+02 3.710928e-25
1.441184e+02 3.709177e-25
1.444508e+02 3.707432e-25
1.447839e+02 3.705690e-25
1.451178e+02 3.703954e-25
1.454524e+02 3.702222e-25
1.457878e+02 3.700495e-25
1.461240e+02 3.698773e-25
1.464610e+02 3.697055e-25
1.467987e+02 3.695342e-25
1.471372e+02 3.693633e-25
1.474765e+02 3.691929e-25
1.478166e+02 3.690230e-25
1.481575e+02 3.688536e-25
1.484991e+02 3.686846e-25
1.488416e+02 3.685161e-25
1.491848e+02 3.683480e-25
1.495288e+02 3.681804e-25
1.498736e+02 3.680133e-25
1.502192e+02 3.678467e-25
1.505657e+02 3.676805e-25
1.509129e+02 3.675148e-25
1.512609e+02 3.673495e-25
1.516097e+02 3.671847e-25
1.519593e+02 3.670204e-25
1.523097e+02 3.668566e-25
1.526609e+02 3.666932e-25
1.530130e+02 3.665303e-25
1.533658e+02 3.663678e-25
1.537195e+02 3.662059e-25
1.540740e+02 3.660444e-25
1.544293e+02 3.658833e-25
1.547854e+02 3.657228e-25
1.551423e+02 3.655627e-25
1.555001e+02 3.654031e-25
1.558587e+02 3.652439e-25
1.562181e+02 3.650852e-25
1.565783e+02 3.649270e-25
1.569394e+02 3.647693e-25
1.573013e+02 3.646120e-25
1.576640e+02 3.644552e-25
1.580276e+02 3.642989e-25
1.583920e+02 3.641430e-25
1.587573e+02 3.639876e-25
1.591233e+02 3.638327e-25
1.594903e+02 3.636782e-25
1.598581e+02 3.635243e-25
1.602267e+02 3.633708e-25
1.605962e+02 3.632177e-25
1.609665e+02 3.630652e-25
1.613377e+02 3.629131e-25
1.617098e+02 3.627615e-25
1.620827e+02 3.626104e-25
1.624564e+02 3.624597e-25
1.628311e+02 3.623095e-25
1.632065e+02 3.621598e-25
1.635829e+02 3.620106e-25
1.639601e+02 3.618618e-25
1.643382e+02 3.617136e-25
1.647172e+02 3.615658e-25
1.650970e+02 3.614184e-25
1.654777e+02 3.612716e-25
1.658593e+02 3.611252e-25
1.662418e+02 3.609793e-25
1.666252e+02 3.608339e-25
1.670094e+02 3.606890e-25
1.673945e+02 3.605445e-25
1.677805e+02 3.604005e-25
1.681674e+02 3.602570e-25
1.685552e+02 3.601140e-25
1.689439e+02 3.599715e-25
1.693335e+02 3.598294e-25
1.697240e+02 3.596879e-25
1.701154e+02 3.595468e-25
1.705077e+02 3.594061e-25
1.709009e+02 3.592660e-25
1.712950e+02 3.591264e-25
1.716900e+02 3.589872e-25
1.720859e+02 3.588485e-25
1.724827e+02 3.587103e-25
1.728805e+02 3.585726e-25
1.732791e+02 3.584354e-25
1.736787e+02 3.582987e-25
1.740792e+02 3.581624e-25
1.744806e+02 3.580267e-25
1.748830e+02 3.578914e-25
1.752863e+02 3.577566e-25
1.756905e+02 3.576223e-25
1.760956e+02 3.574885e-25
1.765017e+02 3.573551e-25
1.769087e+02 3.572223e-25
1.773167e+02 3.570900e-25
1.777256e+02 3.569581e-25
1.781354e+02 3.568267e-25
1.785462e+02 3.566959e-25
1.789579e+02 3.565655e-25
1.793706e+02 3.564356e-25
1.797842e+02 3.563062e-25
1.801988e+02 3.561773e-25
1.806143e+02 3.560489e-25
1.810308e+02 3.559210e-25
1.814483e+02 3.557936e-25
1.818667e+02 3.556667e-25
1.822861e+02 3.555403e-25
1.827065e+02 3.554143e-25
1.831278e+02 3.552889e-25
1.835501e+02 3.551640e-25
1.839734e+02 3.550396e-25
1.843976e+02 3.549156e-25
1.848228e+02 3.547922e-25
1.852490e+02 3.546693e-25
1.856762e+02 3.545469e-25
1.861044e+02 3.544250e-25
1.865335e+02 3.543035e-25
1.869637e+02 3.541826e-25
1.873948e+02 3.540622e-25
1.878270e+02 3.539423e-25
1.882601e+02 3.538229e-25
1.886942e+02 3.537040e-25
1.891293e+02 3.535856e-25
1.895655e+02 3.534678e-25
1.900026e+02 3.533504e-25
1.904408e+02 3.532335e-25
1.908799e+02 3.531172e-25
1.913201e+02 3.530013e-25
1.917613e+02 3.528860e-25
1.922035e+02 3.527712e-25
1.926467e+02 3.526569e-25
1.930910e+02 3.525431e-25
1.935362e+02 3.524298e-25
1.939825e+02 3.523171e-25
1.944298e+02 3.522048e-25
1.948782e+02 3.520931e-25
1.953276e+02 3.519819e-25
1.957780e+02 3.518712e-25
1.962295e+02 3.517610e-25
1.966820e+02 3.516513e-25
1.971355e+02 3.515422e-25
1.975901e+02 3.514336e-25
1.980458e+02 3.513255e-25
1.985025e+02 3.512179e-25
1.989602e+02 3.511109e-25
1.994190e+02 3.510043e-25
1.998789e+02 3.508983e-25
2.003398e+02 3.507929e-25
2.008018e+02 3.506879e-25
2.012648e+02 3.505835e-25
2.017290e+02 3.504796e-25
2.021942e+02 3.503762e-25
2.026604e+02 3.502734e-25
2.031277e+02 3.501711e-25
2.035962e+02 3.500693e-25
2.040657e+02 3.499681e-25
2.045362e+02 3.498674e-25
2.050079e+02 3.497672e-25
2.054806e+02 3.496676e-25
2.059545e+02 3.495685e-25
2.064294e+02 3.494699e-25
2.069054e+02 3.493719e-25
2.073826e+02 3.492744e-25
2.078608e+02 3.491775e-25
2.083401e+02 3.490811e-25
2.088206e+02 3.489852e-25
2.093021e+02 3.488899e-25
2.097848e+02 3.487951e-25
2.102685e+02 3.487009e-25
2.107534e+02 3.486072e-25
2.112394e+02 3.485141e-25
2.117265e+02 3.484215e-25
2.122148e+02 3.483294e-25
2.127041e+02 3.482380e-25
2.131946e+02 3.481470e-25
2.136863e+02 3.480566e-25
2.141790e+02 3.479668e-25
2.146729e+02 3.478775e-25
2.151680e+02 3.477888e-25
2.156641e+02 3.477006e-25
2.161615e+02 3.476130e-25
2.166599e+02 3.475259e-25
2.171595e+02 3.474394e-25
2.176603e+02 3.473534e-25
2.181622e+02 3.472681e-25
2.186653e+02 3.471832e-25
2.191696e+02 3.470990e-25
2.196750e+02 3.470153e-25
2.201816e+02 3.469322e-25
2.206893e+02 3.468496e-25
2.211982e+02 3.467676e-25
2.217083e+02 3.466862e-25
2.222195e+02 3.466053e-25
2.227320e+02 3.465250e-25
2.232456e+02 3.464453e-25
2.237604e+02 3.463662e-25
2.242764e+02 3.462876e-25
2.247936e+02 3.462096e-25
2.253120e+02 3.461322e-25
2.258315e+02 3.460553e-25
2.263523e+02 3.459791e-25
2.268743e+02 3.459034e-25
2.273975e+02 3.458283e-25
2.279218e+02 3.457537e-25
2.284474e+02 3.456798e-25
2.289742e+02 3.456065e-25
2.295022e+02 3.455337e-25
2.300315e+02 3.454615e-25
2.305619e+02 3.453899e-25
2.310936e+02 3.453189e-25
2.316265e+02 3.452485e-25
2.321606e+02 3.451787e-25
2.326960e+02 3.451094e-25
2.332326e+02 3.450408e-25
2.337704e+02 3.449727e-25
2.343095e+02 3.449053e-25
2.348498e+02 3.448385e-25
2.353914e+02 3.447722e-25
2.359342e+02 3.447066e-25
2.364783e+02 3.446415e-25
2.370236e+02 3.445771e-25
2.375702e+02 3.445132e-25
2.381180e+02 3.444500e-25
2.386671e+02 3.443874e-25
2.392175e+02 3.443254e-25
2.397691e+02 3.442639e-25
2.403220e+02 3.442031e-25
2.408762e+02 3.441430e-25
2.414317e+02 3.440834e-25
2.419884e+02 3.440244e-25
2.425465e+02 3.439661e-25
2.431058e+02 3.439084e-25
2.436664e+02 3.438513e-25
2.442283e+02 3.437948e-25
2.447915e+02 3.437389e-25
2.453560e+02 3.436837e-25
2.459217e+02 3.436291e-25
2.464888e+02 3.435751e-25
2.470572e+02 3.435217e-25
2.476270e+02 3.434690e-25
2.481980e+02 3.434169e-25
2.487703e+02 3.433654e-25
2.493440e+02 3.433146e-25
2.499190e+02 3.432644e-25
2.504953e+02 3.432148e-25
2.510730e+02 3.431659e-25
2.516519e+02 3.431176e-25
2.522322e+02 3.430700e-25
2.528139e+02 3.430230e-25
2.533969e+02 3.429766e-25
2.539812e+02 3.429309e-25
2.545669e+02 3.428858e-25
2.551539e+02 3.428414e-25
2.557423e+02 3.427976e-25
2.563321e+02 3.427545e-25
2.569232e+02 3.427120e-25
2.575156e+02 3.426702e-25
2.581095e+02 3.426291e-25
2.587047e+02 3.425886e-25
2.593012e+02 3.425487e-25
2.598992e+02 3.425095e-25
2.604985e+02 3.424710e-25
2.610992e+02 3.424332e-25
2.617013e+02 3.423960e-25
2.623048e+02 3.423595e-25
2.629097e+02 3.423236e-25
2.635160e+02 3.422884e-25
2.641236e+02 3.422539e-25
2.647327e+02 3.422201e-25
2.653432e+02 3.421869e-25
2.659551e+02 3.421544e-25
2.665684e+02 3.421226e-25
2.671831e+02 3.420915e-25
2.677992e+02 3.420611e-25
2.684167e+02 3.420313e-25
2.690357e+02 3.420022e-25
2.696561e+02 3.419738e-25
2.702779e+02 3.419461e-25
2.709012e+02 3.419191e-25
2.715259e+02 3.418928e-25
2.721520e+02 3.418672e-25
2.727796e+02 3.418422e-25
2.734087e+02 3.418180e-25
2.740391e+02 3.417945e-25
2.746711e+02 3.417716e-25
2.753045e+02 3.417495e-25
2.759393e+02 3.417281e-25
2.765756e+02 3.417074e-25
2.772134e+02 3.416873e-25
2.778527e+02 3.416680e-25
2.784934e+02 3.416494e-25
2.791356e+02 3.416316e-25
2.797793e+02 3.416144e-25
2.804245e+02 3.415980e-25
2.810712e+02 3.415822e-25
2.817193e+02 3.415672e-25
2.823690e+02 3.415529e-25
2.830201e+02 3.415394e-25
2.836727e+02 3.415265e-25
2.843269e+02 3.415144e-25
2.849826e+02 3.415031e-25
2.856397e+02 3.414924e-25
2.862984e+02 3.414825e-25
2.869586e+02 3.414733e-25
2.876203e+02 3.414649e-25
2.882836e+02 3.414572e-25
2.889484e+02 3.414502e-25
2.896147e+02 3.414440e-25
2.902826e+02 3.414386e-25
2.909520e+02 3.414338e-25
2.916229e+02 3.414299e-25
2.922954e+02 3.414267e-25
2.929694e+02 3.414242e-25
2.936450e+02 3.414225e-25
2.943221e+02 3.414215e-25
2.950009e+02 3.414213e-25
2.956811e+02 3.414219e-25
2.963630e+02 3.414232e-25
2.970464e+02 3.414253e-25
2.977314e+02 3.414282e-25
2.984179e+02 3.414318e-25
2.991061e+02 3.414362e-25
2.997958e+02 3.414414e-25
3.004872e+02 3.414473e-25
3.011801e+02 3.414541e-25
3.018746e+02 3.414616e-25
3.025708e+02 3.414698e-25
3.032685e+02 3.414789e-25
3.039678e+02 3.414888e-25
3.046688e+02 3.414994e-25
3.053713e+02 3.415109e-25
3.060755e+02 3.415231e-25
3.067813e+02 3.415361e-25
3.074888e+02 3.415499e-25
3.081979e+02 3.415646e-25
3.089086e+02 3.415800e-25
3.096209e+02 3.415962e-25
3.103349e+02 3.416132e-25
3.110505e+02 3.416311e-25
3.117678e+02 3.416497e-25
3.124868e+02 3.416692e-25
3.132073e+02 3.416894e-25
3.139296e+02 3.417105e-25
3.146535e+02 3.417324e-25
3.153791e+02 3.417551e-25
3.161064e+02 3.417787e-25
3.168353e+02 3.418031e-25
3.175660e+02 3.418283e-25
3.182983e+02 3.418543e-25
3.190323e+02 3.418812e-25
3.197680e+02 3.419089e-25
3.205053e+02 3.419374e-25
3.212444e+02 3.419668e-25
3.219852e+02 3.419970e-25
3.227277e+02 3.420281e-25
3.234719e+02 3.420600e-25
3.242179e+02 3.420927e-25
3.249655e+02 3.421263e-25
3.257149e+02 3.421608e-25
3.264660e+02 3.421961e-25
3.272188e+02 3.422323e-25
3.279734e+02 3.422693e-25
3.287297e+02 3.423072e-25
3.294878e+02 3.423459e-25
3.302476e+02 3.423856e-25
3.310091e+02 3.424261e-25
3.317724e+02 3.424674e-25
3.325375e+02 3.425097e-25
3.333043e+02 3.425528e-25
3.340729e+02 3.425968e-25
3.348433e+02 3.426417e-25
3.356155e+02 3.426875e-25
3.363894e+02 3.427341e-25
3.371651e+02 3.427817e-25
3.379426e+02 3.428301e-25
3.387219e+02 3.428794e-25
3.395030e+02 3.429297e-25
3.402859e+02 3.429808e-25
3.410706e+02 3.430328e-25
3.418571e+02 3.430858e-25
3.426454e+02 3.431396e-25
3.434356e+02 3.431944e-25
3.442275e+02 3.432501e-25
3.450213e+02 3.433066e-25
3.458170e+02 3.433641e-25
3.466144e+02 3.434226e-25
3.474137e+02 3.434819e-25
3.482148e+02 3.435422e-25
3.490178e+02 3.436034e-25
3.498227e+02 3.436655e-25
3.506294e+02 3.437286e-25
3.514379e+02 3.437926e-25
3.522483e+02 3.438576e-25
3.530606e+02 3.439235e-25
3.538748e+02 3.439903e-25
3.546908e+02 3.440581e-25
3.555087e+02 3.441268e-25
3.563285e+02 3.441965e-25
3.571502e+02 3.442672e-25
3.579738e+02 3.443388e-25
3.587993e+02 3.444114e-25
3.596267e+02 3.444849e-25
3.604560e+02 3.445594e-25
3.612872e+02 3.446349e-25
3.621204e+02 3.447114e-25
3.629554e+02 3.447888e-25
3.637924e+02 3.448672e-25
3.646313e+02 3.449467e-25
3.654721e+02 3.450270e-25
3.663149e+02 3.451084e-25
3.671597e+02 3.451908e-25
3.680063e+02 3.452742e-25
3.688550e+02 3.453586e-25
3.697055e+02 3.454440e-25
3.705581e+02 3.455303e-25
3.714126e+02 3.456178e-25
3.722691e+02 3.457062e-25
3.731275e+02 3.457956e-25
3.739880e+02 3.458861e-25
3.748504e+02 3.459776e-25
3.757148e+02 3.460701e-25
3.765812e+02 3.461636e-25
3.774496e+02 3.462582e-25
3.783200e+02 3.463539e-25
3.791924e+02 3.464506e-25
3.800668e+02 3.465483e-25
3.809433e+02 3.466471e-25
3.818217e+02 3.467470e-25
3.827022e+02 3.468479e-25
3.835847e+02 3.469499e-25
3.844693e+02 3.470530e-25
3.853558e+02 3.471571e-25
3.862445e+02 3.472624e-25
3.871352e+02 3.473687e-25
3.880279e+02 3.474762e-25
3.889227e+02 3.475848e-25
3.898196e+02 3.476944e-25
3.907185e+02 3.478053e-25
3.916195e+02 3.479172e-25
3.925226e+02 3.480303e-25
3.934277e+02 3.481445e-25
3.943350e+02 3.482600e-25
3.952443e+02 3.483766e-25
3.961557e+02 3.484944e-25
3.970693e+02 3.486134e-25
3.979849e+02 3.487336e-25
3.989027e+02 3.488551e-25
3.998226e+02 3.489779e-25
4.007445e+02 3.491019e-25
4.016687e+02 3.492273e-25
4.025949e+02 3.493541e-25
4.035233e+02 3.494822e-25
4.044538e+02 3.496118e-25
4.053865e+02 3.497428e-25
4.063213e+02 3.498755e-25
4.072583e+02 3.500097e-25
4.081975e+02 3.501457e-25
4.091388e+02 3.502834e-25
4.100822e+02 3.504231e-25
4.110279e+02 3.505650e-25
4.119757e+02 3.507091e-25
4.129257e+02 3.508558e-25
4.138780e+02 3.510053e-25
4.148324e+02 3.511581e-25
4.157890e+02 3.513147e-25
4.167478e+02 3.514758e-25
4.177088e+02 3.516424e-25
4.186720e+02 3.518159e-25
4.196375e+02 3.519981e-25
4.206052e+02 3.521919e-25
4.215751e+02 3.524014e-25
4.225473e+02 3.526333e-25
4.235217e+02 3.528983e-25
4.244983e+02 3.532153e-25
4.254772e+02 3.536193e-25
4.264584e+02 3.541813e-25
4.274418e+02 3.550659e-25
4.284275e+02 3.567279e-25
4.294154e+02 3.608435e-25
4.304056e+02 3.781663e-25
4.313982e+02 8.879926e-25
4.323930e+02 4.055460e-25
4.333901e+02 3.646112e-25
4.343895e+02 3.584582e-25
4.353912e+02 3.565739e-25
4.363952e+02 3.558314e-25
4.374015e+02 3.555188e-25
4.384102e+02 3.554037e-25
4.394212e+02 3.553920e-25
4.404345e+02 3.554399e-25
4.414501e+02 3.555247e-25
4.424681e+02 3.556337e-25
4.434884e+02 3.557595e-25
4.445111e+02 3.558973e-25
4.455362e+02 3.560442e-25
4.465636e+02 3.561980e-25
4.475934e+02 3.563573e-25
4.486255e+02 3.565212e-25
4.496600e+02 3.566889e-25
4.506970e+02 3.568600e-25
4.517363e+02 3.570339e-25
4.527780e+02 3.572103e-25
4.538221e+02 3.573891e-25
4.548686e+02 3.575701e-25
4.559175e+02 3.577531e-25
4.569689e+02 3.579380e-25
4.580227e+02 3.581247e-25
4.590789e+02 3.583131e-25
4.601375e+02 3.585032e-25
4.611986e+02 3.586949e-25
4.622621e+02 3.588882e-25
4.633281e+02 3.590830e-25
4.643965e+02 3.592793e-25
4.654674e+02 3.594772e-25
4.665408e+02 3.596765e-25
4.676166e+02 3.598773e-25
4.686950e+02 3.600795e-25
4.697758e+02 3.602831e-25
4.708591e+02 3.604882e-25
4.719449e+02 3.606947e-25
4.730332e+02 3.609027e-25
4.741240e+02 3.611120e-25
4.752174e+02 3.613227e-25
4.763132e+02 3.615349e-25
4.774116e+02 3.617484e-25
4.785125e+02 3.619633e-25
4.796160e+02 3.621797e-25
4.807220e+02 3.623974e-25
4.818305e+02 3.626166e-25
4.829416e+02 3.628371e-25
4.840553e+02 3.630590e-25
4.851715e+02 3.632824e-25
4.862903e+02 3.635071e-25
4.874117e+02 3.637333e-25
4.885357e+02 3.639608e-25
4.896623e+02 3.641898e-25
4.907914e+02 3.644201e-25
4.919232e+02 3.646519e-25
4.930576e+02 3.648852e-25
4.941946e+02 3.651198e-25
4.953342e+02 3.653561e-25
4.964764e+02 3.655922e-25
4.976213e+02 3.658318e-25
4.987688e+02 3.660722e-25
4.999190e+02 3.663139e-25
5.010718e+02 3.665571e-25
5.022273e+02 3.668017e-25
5.033854e+02 3.670478e-25
5.045462e+02 3.672953e-25
5.057097e+02 3.675442e-25
5.068759e+02 3.677946e-25
5.080447e+02 3.680465e-25
5.092163e+02 3.682998e-25
5.103906e+02 3.685545e-25
5.115675e+02 3.688107e-25
5.127472e+02 3.690684e-25
5.139296e+02 3.693276e-25
5.151147e+02 3.695882e-25
5.163026e+02 3.698503e-25
5.174932e+02 3.701139e-25
5.186865e+02 3.703790e-25
5.198826e+02 3.706455e-25
5.210815e+02 3.709136e-25
5.222831e+02 3.711831e-25
5.234875e+02 3.714542e-25
5.246946e+02 3.717267e-25
5.259046e+02 3.720008e-25
5.271173e+02 3.722763e-25
5.283329e+02 3.725534e-25
5.295512e+02 3.728320e-25
5.307724e+02 3.731121e-25
5.319963e+02 3.733938e-25
5.332231e+02 3.736770e-25
5.344527e+02 3.739617e-25
5.356852e+02 3.742479e-25
5.369205e+02 3.745357e-25
5.381586e+02 3.748251e-25
5.393996e+02 3.751159e-25
5.406435e+02 3.754084e-25
5.418902e+02 3.757024e-25
5.431398e+02 3.759979e-25
5.443923e+02 3.762950e-25
5.456477e+02 3.765937e-25
5.469059e+02 3.768940e-25
5.481671e+02 3.771958e-25
5.494312e+02 3.774992e-25
5.506982e+02 3.778042e-25
5.519681e+02 3.781108e-25
5.532409e+02 3.784190e-25
5.545167e+02 3.787287e-25
5.557954e+02 3.790401e-25
5.570771e+02 3.793531e-25
5.583617e+02 3.796677e-25
5.596493e+02 3.799839e-25
5.609399e+02 3.803017e-25
5.622334e+02 3.806211e-25
5.635299e+02 3.809422e-25
5.648294e+02 3.812648e-25
5.661319e+02 3.815892e-25
5.674374e+02 3.819151e-25
5.687459e+02 3.822427e-25
5.700575e+02 3.825719e-25
5.713720e+02 3.829028e-25
5.726896e+02 3.832354e-25
5.740102e+02 3.835696e-25
5.753339e+02 3.839054e-25
5.766606e+02 3.842429e-25
5.779904e+02 3.845821e-25
5.793233e+02 3.849230e-25
5.806592e+02 3.852655e-25
5.819982e+02 3.856097e-25
5.833403e+02 3.859556e-25
5.846855e+02 3.863032e-25
5.860338e+02 3.866525e-25
5.873852e+02 3.870035e-25
5.887397e+02 3.873562e-25
5.900973e+02 3.877106e-25
5.914581e+02 3.880667e-25
5.928220e+02 3.884245e-25
5.941890e+02 3.887840e-25
5.955593e+02 3.891453e-25
5.969326e+02 3.895083e-25
5.983091e+02 3.898730e-25
5.996889e+02 3.902395e-25
6.010717e+02 3.906077e-25
6.024578e+02 3.909776e-25
6.038471e+02 3.913493e-25
6.052396e+02 3.917227e-25
6.066353e+02 3.920979e-25
6.080342e+02 3.924749e-25
6.094363e+02 3.928536e-25
6.108417e+02 3.932341e-25
6.122503e+02 3.936164e-25
6.136621e+02 3.940004e-25
6.150772e+02 3.943863e-25
6.164956e+02 3.947739e-25
6.179172e+02 3.951633e-25
6.193422e+02 3.955545e-25
6.207704e+02 3.959475e-25
6.222019e+02 3.963423e-25
6.236367e+02 3.967389e-25
6.250748e+02 3.971374e-25
6.265162e+02 3.975376e-25
6.279610e+02 3.979397e-25
6.294090e+02 3.983436e-25
6.308605e+02 3.987493e-25
6.323152e+02 3.991569e-25
6.337734e+02 3.995663e-25
6.352348e+02 3.999776e-25
6.366997e+02 4.003906e-25
6.381679e+02 4.008056e-25
6.396396e+02 4.012224e-25
6.411146e+02 4.016411e-25
6.425930e+02 4.020616e-25
6.440748e+02 4.024840e-25
6.455600e+02 4.029083e-25
6.470487e+02 4.033344e-25
6.485408e+02 4.037625e-25
6.500364e+02 4.041924e-25
6.515353e+02 4.046242e-25
6.530378e+02 4.050580e-25
6.545437e+02 4.054936e-25
6.560531e+02 4.059311e-25
6.575659e+02 4.063706e-25
6.590823e+02 4.068119e-25
6.606021e+02 4.072552e-25
6.621255e+02 4.077004e-25
6.636524e+02 4.081475e-25
6.651828e+02 4.085966e-25
6.667167e+02 4.090476e-25
6.682541e+02 4.095005e-25
6.697951e+02 4.099554e-25
6.713397e+02 4.104122e-25
6.728878e+02 4.108710e-25
6.744395e+02 4.113318e-25
6.759947e+02 4.117945e-25
6.775536e+02 4.122592e-25
6.791160e+02 4.127259e-25
6.806821e+02 4.131945e-25
6.822517e+02 4.136652e-25
6.838250e+02 4.141378e-25
6.854019e+02 4.146124e-25
6.869825e+02 4.150890e-25
6.885666e+02 4.155676e-25
6.901545e+02 4.160482e-25
6.917460e+02 4.165309e-25
6.933412e+02 4.170155e-25
6.949400e+02 4.175022e-25
6.965425e+02 4.179909e-25
6.981488e+02 4.184816e-25
6.997587e+02 4.189744e-25
7.013724e+02 4.194692e-25
7.029897e+02 4.199660e-25
7.046108e+02 4.204649e-25
7.062357e+02 4.209659e-25
7.078643e+02 4.214689e-25
7.094966e+02 4.219740e-25
7.111327e+02 4.224811e-25
7.127726e+02 4.229903e-25
7.144162e+02 4.235016e-25
7.160637e+02 4.240150e-25
7.177149e+02 4.245305e-25
7.193700e+02 4.250480e-25
7.210289e+02 4.255677e-25
7.226916e+02 4.260894e-25
7.243581e+02 4.266133e-25
7.260285e+02 4.271393e-25
7.277027e+02 4.276674e-25
7.293808e+02 4.281976e-25
7.310627e+02 4.287299e-25
7.327486e+02 4.292644e-25
7.344383e+02 4.298010e-25
7.361319e+02 4.303398e-25
7.378294e+02 4.308807e-25
7.395309e+02 4.314237e-25
7.412363e+02 4.319689e-25
7.429455e+02 4.325163e-25
7.446588e+02 4.330658e-25
7.463760e+02 4.336175e-25
7.480971e+02 4.341714e-25
7.498222e+02 4.347275e-25
7.515513e+02 4.352857e-25
7.532844e+02 4.358462e-25
7.550215e+02 4.364088e-25
7.567626e+02 4.369736e-25
7.585077e+02 4.375407e-25
7.602568e+02 4.381099e-25
7.620100e+02 4.386814e-25
7.637672e+02 4.392551e-25
7.655284e+02 4.398310e-25
7.672937e+02 4.404092e-25
7.690631e+02 4.409896e-25
7.708366e+02 4.415722e-25
7.726141e+02 4.421571e-25
7.743958e+02 4.427442e-25
7.761816e+02 4.433336e-25
7.779714e+02 4.439253e-25
7.797654e+02 4.445192e-25
7.815636e+02 4.451155e-25
7.833659e+02 4.457139e-25
7.851723e+02 4.463147e-25
7.869829e+02 4.469178e-25
7.887977e+02 4.475232e-25
7.906167e+02 4.481309e-25
7.924399e+02 4.487409e-25
7.942672e+02 4.493532e-25
7.960988e+02 4.499678e-25
7.979346e+02 4.505848e-25
7.997747e+02 4.512041e-25
8.016190e+02 4.518258e-25
8.034675e+02 4.524498e-25
8.053203e+02 4.530762e-25
8.071774e+02 4.537049e-25
8.090387e+02 4.543361e-25
8.109044e+02 4.549696e-25
8.127744e+02 4.556056e-25
8.146486e+02 4.562440e-25
8.165272e+02 4.568849e-25
8.184101e+02 4.575282e-25
8.202974e+02 4.581741e-25
8.221890e+02 4.588225e-25
8.240850e+02 4.594735e-25
8.259853e+02 4.601272e-25
8.278900e+02 4.607837e-25
8.297992e+02 4.614432e-25
8.317127e+02 4.621059e-25
8.336306e+02 4.627721e-25
8.355530e+02 4.634425e-25
8.374798e+02 4.641182e-25
8.394110e+02 4.648013e-25
8.413467e+02 4.654966e-25
8.432868e+02 4.662155e-25
8.452315e+02 4.669943e-25
8.471806e+02 4.679999e-25
8.491342e+02 4.711979e-25
8.510923e+02 4.891785e-25
8.530549e+02 4.704586e-25
8.550221e+02 4.704859e-25
8.569938e+02 4.710215e-25
8.589700e+02 4.716557e-25
8.609508e+02 4.723232e-25
8.629361e+02 4.730059e-25
8.649261e+02 4.736974e-25
8.669206e+02 4.743947e-25
8.689197e+02 4.750966e-25
8.709235e+02 4.758022e-25
8.729318e+02 4.765112e-25
8.749448e+02 4.772233e-25
8.769624e+02 4.779384e-25
8.789847e+02 4.786562e-25
8.810117e+02 4.793769e-25
8.830433e+02 4.801002e-25
8.850796e+02 4.808263e-25
8.871206e+02 4.815550e-25
8.891663e+02 4.822863e-25
8.912167e+02 4.830203e-25
8.932719e+02 4.837570e-25
8.953318e+02 4.844963e-25
8.973964e+02 4.852382e-25
8.994658e+02 4.859827e-25
9.015400e+02 4.867299e-25
9.036189e+02 4.874797e-25
9.057027e+02 4.882321e-25
9.077913e+02 4.889872e-25
9.098846e+02 4.897449e-25
9.119828e+02 4.905053e-25
9.140859e+02 4.912683e-25
9.161938e+02 4.920340e-25
9.183065e+02 4.928024e-25
9.204241e+02 4.935734e-25
9.225466e+02 4.943471e-25
9.246740e+02 4.951235e-25
9.268063e+02 4.959025e-25
9.289436e+02 4.966843e-25
9.310857e+02 4.974687e-25
9.332328e+02 4.982558e-25
9.353848e+02 4.990457e-25
9.375419e+02 4.998383e-25
9.397038e+02 5.006335e-25
9.418708e+02 5.014315e-25
9.440428e+02 5.022323e-25
9.462197e+02 5.030358e-25
9.484017e+02 5.038420e-25
9.505887e+02 5.046509e-25
9.527808e+02 5.054626e-25
9.549779e+02 5.062771e-25
9.571801e+02 5.070944e-25
9.593874e+02 5.079144e-25
9.615997e+02 5.087372e-25
9.638172e+02 5.095628e-25
9.660398e+02 5.103911e-25
9.682674e+02 5.112223e-25
9.705003e+02 5.120563e-25
9.727383e+02 5.128931e-25
9.749814e+02 5.137327e-25
9.772297e+02 5.145751e-25
9.794832e+02 5.154203e-25
9.817419e+02 5.162684e-25
9.840058e+02 5.171193e-25
9.862749e+02 5.179731e-25
9.885493e+02 5.188297e-25
9.908289e+02 5.196892e-25
9.931138e+02 5.205516e-25
9.954039e+02 5.214168e-25
9.976993e+02 5.222849e-25
1.000000e+03 nan
