1.000000e+00 4.456561e-17
1.002306e+00 4.633448e-17
1.004617e+00 4.822452e-17
1.006934e+00 5.024345e-17
1.009256e+00 5.239952e-17
1.011583e+00 5.485166e-17
1.013916e+00 5.746851e-17
1.016254e+00 6.019770e-17
1.018598e+00 6.297553e-17
1.020947e+00 6.564834e-17
1.023301e+00 6.864845e-17
1.025661e+00 7.183307e-17
1.028026e+00 7.503024e-17
1.030396e+00 7.728870e-17
1.032773e+00 7.836481e-17
1.035154e+00 7.849514e-17
1.037541e+00 7.796011e-17
1.039934e+00 7.692547e-17
1.042332e+00 7.566587e-17
1.044735e+00 7.420969e-17
1.047145e+00 7.258556e-17
1.049559e+00 6.953977e-17
1.051980e+00 6.582339e-17
1.054406e+00 6.179736e-17
1.056837e+00 5.776715e-17
1.059274e+00 5.426547e-17
1.061717e+00 5.101977e-17
1.064165e+00 4.796111e-17
1.066619e+00 4.503387e-17
1.069079e+00 4.231146e-17
1.071544e+00 3.983257e-17
1.074015e+00 3.756770e-17
1.076492e+00 3.549120e-17
1.078974e+00 3.358199e-17
1.081462e+00 3.181417e-17
1.083956e+00 3.017870e-17
1.086456e+00 2.866713e-17
1.088961e+00 2.728545e-17
1.091472e+00 2.600012e-17
1.093989e+00 2.480301e-17
1.096512e+00 2.368679e-17
1.099040e+00 2.265577e-17
1.101575e+00 2.169104e-17
1.104115e+00 2.078739e-17
1.106661e+00 1.994006e-17
1.109213e+00 1.915199e-17
1.111771e+00 1.840945e-17
1.114335e+00 1.770924e-17
1.116904e+00 1.704839e-17
1.119480e+00 1.643029e-17
1.122062e+00 1.584526e-17
1.124649e+00 1.529088e-17
1.127242e+00 1.476490e-17
1.129842e+00 1.426938e-17
1.132447e+00 1.379850e-17
1.135059e+00 1.335063e-17
1.137676e+00 1.292427e-17
1.140300e+00 1.252076e-17
1.142929e+00 1.213565e-17
1.145565e+00 1.176833e-17
1.148207e+00 1.141872e-17
1.150854e+00 1.109103e-17
1.153508e+00 1.080551e-17
1.156168e+00 4.551406e-17
1.158834e+00 1.020946e-17
1.161507e+00 9.889840e-18
1.164185e+00 9.613322e-18
1.166870e+00 9.351961e-18
1.169560e+00 9.101881e-18
1.172257e+00 8.863039e-18
1.174961e+00 8.633380e-18
1.177670e+00 8.412343e-18
1.180386e+00 8.199454e-18
1.183108e+00 7.995296e-18
1.185836e+00 7.798271e-18
1.188571e+00 7.608108e-18
1.191312e+00 7.424551e-18
1.194059e+00 7.248161e-18
1.196812e+00 7.077638e-18
1.199572e+00 6.912716e-18
1.202338e+00 6.753146e-18
1.205111e+00 6.599499e-18
1.207890e+00 6.450749e-18
1.210675e+00 6.306682e-18
1.213467e+00 6.167099e-18
1.216265e+00 6.032365e-18
1.219070e+00 5.901728e-18
1.221881e+00 5.775031e-18
1.224699e+00 5.652125e-18
1.227523e+00 5.533335e-18
1.230354e+00 5.417978e-18
1.233191e+00 5.305939e-18
1.236035e+00 5.197109e-18
1.238885e+00 5.091794e-18
1.241742e+00 4.989424e-18
1.244605e+00 4.889891e-18
1.247475e+00 4.793095e-18
1.250352e+00 4.699292e-18
1.253235e+00 4.608021e-18
1.256125e+00 4.519201e-18
1.259022e+00 4.432752e-18
1.261925e+00 4.348914e-18
1.264835e+00 4.267261e-18
1.267752e+00 4.187723e-18
1.270676e+00 4.110233e-18
1.273606e+00 4.035014e-18
1.276543e+00 3.961709e-18
1.279486e+00 3.890262e-18
1.282437e+00 3.820611e-18
1.285394e+00 3.752913e-18
1.288358e+00 3.686774e-18
1.291329e+00 3.622088e-18
1.294307e+00 3.558861e-18
1.297292e+00 3.497513e-18
1.300283e+00 3.437566e-18
1.303282e+00 3.378909e-18
1.306287e+00 3.321430e-18
1.309300e+00 3.265035e-18
1.312319e+00 3.209554e-18
1.315345e+00 3.154982e-18
1.318378e+00 3.101304e-18
1.321418e+00 3.048614e-18
1.324466e+00 2.996798e-18
1.327520e+00 2.945783e-18
1.330581e+00 2.895490e-18
1.333649e+00 2.845903e-18
1.336725e+00 2.796901e-18
1.339807e+00 2.748417e-18
1.342897e+00 2.701022e-18
1.345994e+00 2.654737e-18
1.349098e+00 2.608966e-18
1.352209e+00 2.563630e-18
1.355327e+00 2.518646e-18
1.358452e+00 2.474036e-18
1.361585e+00 2.429587e-18
1.364725e+00 2.385195e-18
1.367872e+00 2.340751e-18
1.371026e+00 2.296231e-18
1.374188e+00 2.251405e-18
1.377356e+00 2.206145e-18
1.380533e+00 2.160317e-18
1.383716e+00 2.113867e-18
1.386907e+00 2.066571e-18
1.390105e+00 2.018293e-18
1.393311e+00 1.971726e-18
1.396524e+00 1.924754e-18
1.399744e+00 1.877028e-18
1.402972e+00 1.828490e-18
1.406207e+00 1.779096e-18
1.409450e+00 1.728867e-18
1.412700e+00 1.677739e-18
1.415958e+00 1.625722e-18
1.419223e+00 1.572854e-18
1.422496e+00 1.519231e-18
1.425776e+00 1.464903e-18
1.429064e+00 1.409984e-18
1.432359e+00 1.354615e-18
1.435662e+00 1.298982e-18
1.438973e+00 1.243239e-18
1.442291e+00 1.188448e-18
1.445617e+00 1.137174e-18
1.448951e+00 1.086448e-18
1.452292e+00 1.036401e-18
1.455641e+00 9.871810e-19
1.458998e+00 9.389291e-19
1.462362e+00 8.917862e-19
1.465735e+00 8.458600e-19
1.469115e+00 8.012557e-19
1.472502e+00 7.580637e-19
1.475898e+00 7.163643e-19
1.479301e+00 6.762101e-19
1.482713e+00 6.376446e-19
1.486132e+00 6.006961e-19
1.489559e+00 5.653812e-19
1.492994e+00 5.316973e-19
1.496437e+00 5.006138e-19
1.499888e+00 4.719606e-19
1.503346e+00 4.446997e-19
1.506813e+00 4.187965e-19
1.510288e+00 3.942143e-19
1.513770e+00 3.709128e-19
1.517261e+00 3.488497e-19
1.520760e+00 3.279786e-19
1.524267e+00 3.082529e-19
1.527782e+00 2.896250e-19
1.531305e+00 2.720476e-19
1.534836e+00 2.554724e-19
1.538375e+00 2.398521e-19
1.541923e+00 2.251399e-19
1.545479e+00 2.112906e-19
1.549043e+00 1.982592e-19
1.552615e+00 1.864795e-19
1.556195e+00 1.754948e-19
1.559784e+00 1.651387e-19
1.563380e+00 1.553777e-19
1.566986e+00 1.461800e-19
1.570599e+00 1.375151e-19
1.574221e+00 1.293540e-19
1.577851e+00 1.216687e-19
1.581490e+00 1.144327e-19
1.585137e+00 1.076212e-19
1.588792e+00 1.012101e-19
1.592456e+00 9.517662e-20
1.596128e+00 8.949908e-20
1.599809e+00 8.415710e-20
1.603498e+00 7.913091e-20
1.607195e+00 7.441833e-20
1.610902e+00 7.014969e-20
1.614616e+00 6.612439e-20
1.618340e+00 6.232903e-20
1.622072e+00 5.875081e-20
1.625812e+00 5.537719e-20
1.629561e+00 5.219662e-20
1.633319e+00 4.919819e-20
1.637085e+00 4.637160e-20
1.640861e+00 4.370708e-20
1.644644e+00 4.119544e-20
1.648437e+00 3.882797e-20
1.652238e+00 3.659647e-20
1.656048e+00 3.449320e-20
1.659867e+00 3.251084e-20
1.663695e+00 3.064248e-20
1.667531e+00 2.890369e-20
1.671377e+00 2.729844e-20
1.675231e+00 2.578231e-20
1.679094e+00 2.435039e-20
1.682966e+00 2.299799e-20
1.686847e+00 2.172180e-20
1.690737e+00 2.051678e-20
1.694636e+00 1.937887e-20
1.698544e+00 1.830438e-20
1.702460e+00 1.728979e-20
1.706386e+00 1.633179e-20
1.710321e+00 1.542723e-20
1.714265e+00 1.457316e-20
1.718218e+00 1.376679e-20
1.722181e+00 1.300549e-20
1.726152e+00 1.228674e-20
1.730132e+00 1.162124e-20
1.734122e+00 1.099859e-20
1.738121e+00 1.040981e-20
1.742129e+00 9.853056e-21
1.746147e+00 9.326618e-21
1.750173e+00 8.828964e-21
1.754209e+00 8.360830e-21
1.758254e+00 7.918675e-21
1.762309e+00 7.501144e-21
1.766373e+00 7.106961e-21
1.770446e+00 6.731936e-21
1.774529e+00 6.377324e-21
1.778621e+00 6.042240e-21
1.782722e+00 5.725643e-21
1.786833e+00 5.426595e-21
1.790954e+00 5.144127e-21
1.795084e+00 4.883701e-21
1.799223e+00 4.637728e-21
1.803372e+00 4.405186e-21
1.807531e+00 4.185344e-21
1.811699e+00 3.977533e-21
1.815877e+00 3.781131e-21
1.820064e+00 3.595610e-21
1.824261e+00 3.420368e-21
1.828468e+00 3.254860e-21
1.832684e+00 3.098585e-21
1.836911e+00 2.951138e-21
1.841147e+00 2.812013e-21
1.845392e+00 2.680768e-21
1.849648e+00 2.556993e-21
1.853913e+00 2.434265e-21
1.858188e+00 2.317852e-21
1.862473e+00 2.208981e-21
1.866768e+00 2.105603e-21
1.871073e+00 2.014769e-21
1.875388e+00 1.929131e-21
1.879712e+00 1.848421e-21
1.884047e+00 1.772400e-21
1.888391e+00 1.700900e-21
1.892746e+00 1.633601e-21
1.897111e+00 1.570280e-21
1.901486e+00 1.510764e-21
1.905870e+00 1.454890e-21
1.910265e+00 1.402387e-21
1.914670e+00 1.353068e-21
1.919086e+00 1.312229e-21
1.923511e+00 1.279266e-21
1.927947e+00 1.249999e-21
1.932393e+00 1.224123e-21
1.936849e+00 1.192016e-21
1.941315e+00 1.159636e-21
1.945792e+00 1.129225e-21
1.950279e+00 1.100665e-21
1.954776e+00 1.073972e-21
1.959284e+00 1.048890e-21
1.963802e+00 1.025307e-21
1.968331e+00 1.007948e-21
1.972870e+00 1.000530e-21
1.977419e+00 9.947617e-22
1.981979e+00 9.905149e-22
1.986549e+00 9.776760e-22
1.991130e+00 9.616014e-22
1.995722e+00 9.463746e-22
2.000324e+00 9.320793e-22
2.004937e+00 9.188151e-22
2.009560e+00 9.061620e-22
2.014194e+00 8.940711e-22
2.018839e+00 8.825784e-22
2.023495e+00 8.716546e-22
2.028161e+00 8.611679e-22
2.032838e+00 8.510817e-22
2.037525e+00 8.290066e-22
2.042224e+00 8.056891e-22
2.046933e+00 7.825647e-22
2.051654e+00 7.647568e-22
2.056385e+00 7.567314e-22
2.061127e+00 7.489572e-22
2.065880e+00 7.414121e-22
2.070644e+00 7.457442e-22
2.075419e+00 7.527197e-22
2.080205e+00 7.599724e-22
2.085001e+00 7.577516e-22
2.089810e+00 7.373852e-22
2.094629e+00 7.170695e-22
2.099459e+00 6.967972e-22
2.104300e+00 6.780875e-22
2.109153e+00 6.596066e-22
2.114016e+00 6.411565e-22
2.118891e+00 6.287638e-22
2.123778e+00 6.236258e-22
2.128675e+00 6.185574e-22
2.133584e+00 6.135582e-22
2.138504e+00 6.087379e-22
2.143435e+00 6.039688e-22
2.148378e+00 5.992491e-22
2.153332e+00 5.946589e-22
2.158298e+00 5.901455e-22
2.163275e+00 5.856641e-22
2.168263e+00 5.812499e-22
2.173263e+00 5.769438e-22
2.178275e+00 5.726603e-22
2.183298e+00 5.683967e-22
2.188333e+00 5.532527e-22
2.193379e+00 5.380155e-22
2.198437e+00 5.227605e-22
2.203507e+00 5.154674e-22
2.208588e+00 5.117423e-22
2.213681e+00 5.080274e-22
2.218786e+00 5.043640e-22
2.223902e+00 5.007687e-22
2.229031e+00 4.971808e-22
2.234171e+00 5.013121e-22
2.239323e+00 5.452224e-22
2.244487e+00 5.892923e-22
2.249663e+00 6.335092e-22
2.254850e+00 6.201893e-22
2.260050e+00 6.028225e-22
2.265262e+00 5.854205e-22
2.270485e+00 5.534500e-22
2.275721e+00 5.160556e-22
2.280969e+00 4.785867e-22
2.286229e+00 4.599527e-22
2.291501e+00 4.567574e-22
2.296785e+00 4.535593e-22
2.302082e+00 4.503931e-22
2.307390e+00 4.472782e-22
2.312711e+00 4.441599e-22
2.318044e+00 4.410600e-22
2.323390e+00 4.380208e-22
2.328747e+00 4.349772e-22
2.334117e+00 4.306130e-22
2.339500e+00 4.185277e-22
2.344895e+00 4.064170e-22
2.350302e+00 3.948079e-22
2.355722e+00 3.920991e-22
2.361154e+00 3.893858e-22
2.366599e+00 3.866678e-22
2.372057e+00 3.840189e-22
2.377527e+00 3.813661e-22
2.383009e+00 3.787085e-22
2.388504e+00 3.761144e-22
2.394012e+00 3.735197e-22
2.399533e+00 3.709200e-22
2.405066e+00 3.683800e-22
2.410612e+00 3.658410e-22
2.416171e+00 3.632969e-22
2.421743e+00 3.608103e-22
2.427327e+00 3.583248e-22
2.432925e+00 3.558341e-22
2.438535e+00 3.534004e-22
2.444159e+00 3.509665e-22
2.449795e+00 3.485275e-22
2.455444e+00 3.461461e-22
2.461106e+00 3.437620e-22
2.466782e+00 3.413741e-22
2.472470e+00 3.390433e-22
2.478172e+00 3.367074e-22
2.483886e+00 3.343724e-22
2.489614e+00 3.320882e-22
2.495355e+00 3.297990e-22
2.501110e+00 3.275163e-22
2.506877e+00 3.252772e-22
2.512658e+00 3.230332e-22
2.518452e+00 3.208022e-22
2.524260e+00 3.186069e-22
2.530081e+00 3.164067e-22
2.535915e+00 3.142268e-22
2.541763e+00 3.120740e-22
2.547624e+00 3.099163e-22
2.553499e+00 3.077869e-22
2.559388e+00 3.056752e-22
2.565289e+00 3.035588e-22
2.571205e+00 3.014792e-22
2.577134e+00 2.994076e-22
2.583077e+00 2.973313e-22
2.589034e+00 2.953009e-22
2.595004e+00 2.932681e-22
2.600988e+00 2.901082e-22
2.606986e+00 2.812530e-22
2.612998e+00 2.723786e-22
2.619023e+00 2.662518e-22
2.625063e+00 2.644286e-22
2.631116e+00 2.626013e-22
2.637184e+00 2.607988e-22
2.643265e+00 2.590089e-22
2.649360e+00 2.572150e-22
2.655470e+00 2.554568e-22
2.661593e+00 2.536993e-22
2.667731e+00 2.519454e-22
2.673883e+00 2.502234e-22
2.680049e+00 2.484974e-22
2.686229e+00 2.467874e-22
2.692424e+00 2.450960e-22
2.698632e+00 2.434007e-22
2.704855e+00 2.417338e-22
2.711093e+00 2.400723e-22
2.717345e+00 2.384113e-22
2.723611e+00 2.367824e-22
2.729891e+00 2.351499e-22
2.736187e+00 2.309083e-22
2.742496e+00 2.235077e-22
2.748821e+00 2.160914e-22
2.755159e+00 2.135162e-22
2.761513e+00 2.120482e-22
2.767881e+00 2.105835e-22
2.774264e+00 2.091437e-22
2.780661e+00 2.077007e-22
2.787073e+00 2.062743e-22
2.793500e+00 2.048589e-22
2.799942e+00 2.034403e-22
2.806399e+00 2.020515e-22
2.812870e+00 2.006598e-22
2.819357e+00 1.992784e-22
2.825858e+00 1.979130e-22
2.832375e+00 1.965444e-22
2.838906e+00 1.951998e-22
2.845453e+00 1.938569e-22
2.852014e+00 1.909962e-22
2.858591e+00 1.847027e-22
2.865183e+00 1.783961e-22
2.871790e+00 1.760407e-22
2.878413e+00 1.748306e-22
2.885050e+00 1.736249e-22
2.891703e+00 1.724369e-22
2.898372e+00 1.712463e-22
2.905055e+00 1.700733e-22
2.911754e+00 1.689043e-22
2.918469e+00 1.677397e-22
2.925199e+00 1.665918e-22
2.931944e+00 1.654413e-22
2.938705e+00 1.680362e-22
2.945482e+00 1.716094e-22
2.952274e+00 1.735949e-22
2.959082e+00 1.724058e-22
2.965906e+00 1.712139e-22
2.972745e+00 1.700429e-22
2.979601e+00 1.688721e-22
2.986472e+00 1.677105e-22
2.993358e+00 1.665602e-22
3.000261e+00 1.654084e-22
3.007180e+00 1.642782e-22
3.014114e+00 1.631454e-22
3.021065e+00 1.592178e-22
3.028031e+00 1.536581e-22
3.035014e+00 1.491827e-22
3.042013e+00 1.481617e-22
3.049028e+00 1.471383e-22
3.056059e+00 1.461317e-22
3.063106e+00 1.451258e-22
3.070170e+00 1.441283e-22
3.077250e+00 1.431395e-22
3.084346e+00 1.421514e-22
3.091458e+00 1.411792e-22
3.098587e+00 1.402049e-22
3.105733e+00 1.587189e-22
3.112894e+00 1.821163e-22
3.120073e+00 1.938182e-22
3.127268e+00 1.924871e-22
3.134479e+00 1.867699e-22
3.141707e+00 1.577984e-22
3.148952e+00 1.287993e-22
3.156214e+00 1.208526e-22
3.163492e+00 1.164531e-22
3.170787e+00 1.140933e-22
3.178099e+00 1.133104e-22
3.185427e+00 1.125303e-22
3.192773e+00 1.117600e-22
3.200136e+00 1.109883e-22
3.207515e+00 1.102303e-22
3.214912e+00 1.094707e-22
3.222325e+00 1.087212e-22
3.229756e+00 1.079736e-22
3.237204e+00 1.072323e-22
3.244669e+00 1.064966e-22
3.252151e+00 1.057636e-22
3.259651e+00 1.050394e-22
3.267167e+00 1.043147e-22
3.274702e+00 1.036019e-22
3.282253e+00 1.028875e-22
3.289822e+00 9.957946e-23
3.297408e+00 9.583278e-23
3.305012e+00 9.412806e-23
3.312634e+00 9.348163e-23
3.320272e+00 9.283979e-23
3.327929e+00 9.220326e-23
3.335603e+00 9.156902e-23
3.343295e+00 9.094218e-23
3.351005e+00 9.031555e-23
3.358732e+00 8.969819e-23
3.366478e+00 8.907948e-23
3.374241e+00 8.584319e-23
3.382022e+00 8.253575e-23
3.389821e+00 8.151321e-23
3.397638e+00 8.095271e-23
3.405473e+00 8.039848e-23
3.413326e+00 7.984629e-23
3.421197e+00 7.929896e-23
3.429086e+00 7.875491e-23
3.436994e+00 7.821445e-23
3.444919e+00 7.767836e-23
3.452863e+00 7.714476e-23
3.460826e+00 7.661648e-23
3.468806e+00 7.608970e-23
3.476805e+00 7.556906e-23
3.484823e+00 7.461415e-23
3.492859e+00 7.175574e-23
3.500914e+00 6.916388e-23
3.508987e+00 6.869152e-23
3.517078e+00 6.821858e-23
3.525189e+00 6.775291e-23
3.533318e+00 6.728625e-23
3.541466e+00 6.682713e-23
3.549633e+00 6.636705e-23
3.557818e+00 6.591401e-23
3.566022e+00 6.546037e-23
3.574246e+00 6.501336e-23
3.582488e+00 6.456604e-23
3.590749e+00 6.412503e-23
3.599029e+00 6.368390e-23
3.607329e+00 6.324885e-23
3.615647e+00 6.281379e-23
3.623985e+00 6.238465e-23
3.632342e+00 6.195554e-23
3.640718e+00 5.976293e-23
3.649114e+00 5.733004e-23
3.657529e+00 5.672514e-23
3.665963e+00 5.633513e-23
3.674417e+00 5.595061e-23
3.682890e+00 5.556583e-23
3.691383e+00 5.518665e-23
3.699895e+00 5.480701e-23
3.708427e+00 5.443311e-23
3.716979e+00 5.405875e-23
3.725550e+00 5.368986e-23
3.734141e+00 5.315461e-23
3.742752e+00 5.102018e-23
3.751383e+00 4.917165e-23
3.760034e+00 4.883597e-23
3.768704e+00 4.850094e-23
3.777395e+00 4.816960e-23
3.786106e+00 4.783936e-23
3.794836e+00 4.751229e-23
3.803587e+00 4.718680e-23
3.812358e+00 4.686391e-23
3.821150e+00 4.573988e-23
3.829961e+00 4.384395e-23
3.838793e+00 4.293763e-23
3.847646e+00 4.264350e-23
3.856518e+00 4.235236e-23
3.865411e+00 4.206193e-23
3.874325e+00 4.054753e-23
3.883259e+00 3.883097e-23
3.892214e+00 3.855473e-23
3.901190e+00 3.829055e-23
3.910186e+00 3.802959e-23
3.919203e+00 3.776929e-23
3.928240e+00 3.751153e-23
3.937299e+00 3.725508e-23
3.946378e+00 3.700046e-23
3.955479e+00 3.674780e-23
3.964600e+00 3.649628e-23
3.973743e+00 3.624737e-23
3.982906e+00 3.599887e-23
3.992091e+00 3.575366e-23
4.001296e+00 3.550869e-23
4.010524e+00 3.526659e-23
4.019772e+00 3.502529e-23
4.029041e+00 3.478605e-23
4.038332e+00 3.454836e-23
4.047645e+00 3.431195e-23
4.056979e+00 3.407783e-23
4.066334e+00 3.384418e-23
4.075711e+00 3.361359e-23
4.085110e+00 3.338334e-23
4.094530e+00 3.315555e-23
4.103972e+00 3.292878e-23
4.113436e+00 3.270360e-23
4.122922e+00 3.170812e-23
4.132429e+00 3.031392e-23
4.141958e+00 2.999556e-23
4.151510e+00 2.979026e-23
4.161083e+00 2.958720e-23
4.170679e+00 2.938503e-23
4.180296e+00 2.918425e-23
4.189936e+00 2.898516e-23
4.199598e+00 2.878663e-23
4.209282e+00 2.859056e-23
4.218989e+00 2.866089e-23
4.228718e+00 2.958262e-23
4.238470e+00 2.933009e-23
4.248244e+00 2.801796e-23
4.258040e+00 2.678950e-23
4.267859e+00 2.570492e-23
4.277701e+00 2.552985e-23
4.287565e+00 2.535555e-23
4.297452e+00 2.518237e-23
4.307362e+00 2.501074e-23
4.317295e+00 2.483958e-23
4.327251e+00 2.467042e-23
4.337230e+00 2.414611e-23
4.347231e+00 2.306734e-23
4.357256e+00 2.265725e-23
4.367304e+00 2.250240e-23
4.377375e+00 2.234932e-23
4.387469e+00 2.219684e-23
4.397587e+00 2.204536e-23
4.407728e+00 2.189522e-23
4.417892e+00 2.174556e-23
4.428079e+00 2.159747e-23
4.438291e+00 2.145010e-23
4.448525e+00 2.130353e-23
4.458784e+00 2.115842e-23
4.469066e+00 2.101381e-23
4.479371e+00 2.087046e-23
4.489701e+00 2.072806e-23
4.500054e+00 2.058616e-23
4.510431e+00 2.044593e-23
4.520832e+00 2.030620e-23
4.531257e+00 2.016736e-23
4.541707e+00 2.002977e-23
4.552180e+00 1.989268e-23
4.562677e+00 1.975681e-23
4.573199e+00 1.962181e-23
4.583745e+00 1.948732e-23
4.594315e+00 1.935431e-23
4.604909e+00 1.922188e-23
4.615528e+00 1.909014e-23
4.626172e+00 1.829610e-23
4.636840e+00 1.767040e-23
4.647532e+00 1.754961e-23
4.658249e+00 1.742980e-23
4.668991e+00 1.731048e-23
4.679758e+00 1.719216e-23
4.690550e+00 1.707464e-23
4.701366e+00 1.687373e-23
4.712208e+00 1.609388e-23
4.723074e+00 1.571071e-23
4.733965e+00 1.560317e-23
4.744882e+00 1.549672e-23
4.755824e+00 1.539079e-23
4.766791e+00 1.528532e-23
4.777783e+00 1.518096e-23
4.788800e+00 1.507706e-23
4.799843e+00 1.497362e-23
4.810912e+00 1.487127e-23
4.822006e+00 1.476935e-23
4.833126e+00 1.466790e-23
4.844271e+00 1.456749e-23
4.855442e+00 1.446751e-23
4.866638e+00 1.436798e-23
4.877861e+00 1.426947e-23
4.889109e+00 1.417139e-23
4.900384e+00 1.407374e-23
4.911684e+00 1.397704e-23
4.923010e+00 1.388081e-23
4.934363e+00 1.378500e-23
4.945741e+00 1.369005e-23
4.957146e+00 1.359562e-23
4.968578e+00 1.350161e-23
4.980035e+00 1.340833e-23
4.991519e+00 1.417925e-23
5.003030e+00 1.481748e-23
5.014567e+00 1.408688e-23
5.026130e+00 1.340266e-23
5.037721e+00 1.295017e-23
5.049338e+00 1.286006e-23
5.060981e+00 1.277073e-23
5.072652e+00 1.268180e-23
5.084350e+00 1.259326e-23
5.096074e+00 1.250545e-23
5.107826e+00 1.241810e-23
5.119605e+00 1.246807e-23
5.131410e+00 1.293269e-23
5.143243e+00 1.247353e-23
5.155104e+00 1.207347e-23
5.166991e+00 1.198841e-23
5.178907e+00 1.190406e-23
5.190849e+00 1.150782e-23
5.202819e+00 1.116232e-23
5.214817e+00 1.157661e-23
5.226842e+00 1.157084e-23
5.238896e+00 1.148864e-23
5.250977e+00 1.140680e-23
5.263085e+00 1.132555e-23
5.275222e+00 1.124472e-23
5.287387e+00 1.116422e-23
5.299580e+00 1.108409e-23
5.311800e+00 1.100457e-23
5.324049e+00 1.092538e-23
5.336327e+00 1.096741e-23
5.348632e+00 1.138583e-23
5.360966e+00 1.091974e-23
5.373329e+00 1.061252e-23
5.385720e+00 1.053523e-23
5.398139e+00 1.045838e-23
5.410587e+00 1.038199e-23
5.423064e+00 1.030591e-23
5.435570e+00 1.031450e-23
5.448104e+00 1.071128e-23
5.460668e+00 1.030539e-23
5.473260e+00 1.000539e-23
5.485881e+00 9.931140e-24
5.498532e+00 9.857299e-24
5.511212e+00 9.783917e-24
5.523920e+00 9.710857e-24
5.536659e+00 9.754972e-24
5.549426e+00 1.013009e-23
5.562223e+00 1.007313e-23
5.575050e+00 9.708864e-24
5.587906e+00 9.351153e-24
5.600792e+00 9.280304e-24
5.613707e+00 9.209953e-24
5.626652e+00 9.139994e-24
5.639627e+00 9.070395e-24
5.652632e+00 9.001164e-24
5.665668e+00 8.932353e-24
5.678733e+00 9.248239e-24
5.691828e+00 9.322856e-24
5.704953e+00 9.250254e-24
5.718109e+00 9.225555e-24
5.731295e+00 9.585690e-24
5.744511e+00 9.214873e-24
5.757758e+00 9.213270e-24
5.771036e+00 9.424951e-24
5.784344e+00 9.318540e-24
5.797682e+00 8.828873e-24
5.811052e+00 8.687350e-24
5.824452e+00 8.397374e-24
5.837883e+00 7.958553e-24
5.851346e+00 7.577564e-24
5.864839e+00 7.519922e-24
5.878363e+00 7.462777e-24
5.891919e+00 7.406088e-24
5.905506e+00 7.349863e-24
5.919124e+00 7.294106e-24
5.932773e+00 7.238841e-24
5.946454e+00 7.184133e-24
5.960167e+00 7.129903e-24
5.973911e+00 7.076157e-24
5.987687e+00 7.022896e-24
6.001495e+00 7.043172e-24
6.015334e+00 7.662913e-24
6.029206e+00 7.358001e-24
6.043109e+00 6.975053e-24
6.057044e+00 6.764246e-24
6.071012e+00 6.714016e-24
6.085012e+00 6.664278e-24
6.099044e+00 6.615056e-24
6.113108e+00 6.566368e-24
6.127205e+00 6.518164e-24
6.141335e+00 6.643500e-24
6.155496e+00 7.185105e-24
6.169691e+00 8.022892e-24
6.183918e+00 8.300225e-24
6.198179e+00 7.497924e-24
6.212472e+00 7.054161e-24
6.226798e+00 6.682157e-24
6.241157e+00 6.490392e-24
6.255549e+00 6.331961e-24
6.269974e+00 6.000580e-24
6.284433e+00 5.708144e-24
6.298925e+00 5.668069e-24
6.313450e+00 5.628409e-24
6.328009e+00 5.589135e-24
6.342601e+00 5.550241e-24
6.357228e+00 5.511722e-24
6.371887e+00 5.473573e-24
6.386581e+00 5.435789e-24
6.401308e+00 5.398364e-24
6.416070e+00 5.361306e-24
6.430865e+00 5.324621e-24
6.445695e+00 5.288278e-24
6.460559e+00 5.252272e-24
6.475457e+00 5.216598e-24
6.490389e+00 5.181251e-24
6.505356e+00 5.146226e-24
6.520358e+00 5.111518e-24
6.535394e+00 5.045902e-24
6.550464e+00 4.790650e-24
6.565570e+00 4.758794e-24
6.580710e+00 4.727224e-24
6.595885e+00 4.695927e-24
6.611095e+00 4.664900e-24
6.626341e+00 4.634138e-24
6.641621e+00 4.723131e-24
6.656937e+00 4.919075e-24
6.672288e+00 4.950122e-24
6.687674e+00 4.688451e-24
6.703096e+00 4.484191e-24
6.718553e+00 4.454948e-24
6.734046e+00 4.425947e-24
6.749575e+00 4.397190e-24
6.765140e+00 4.368677e-24
6.780740e+00 4.340395e-24
6.796376e+00 4.312341e-24
6.812049e+00 4.284513e-24
6.827758e+00 4.256906e-24
6.843502e+00 4.229519e-24
6.859284e+00 4.202349e-24
6.875101e+00 4.073975e-24
6.890955e+00 3.949171e-24
6.906846e+00 3.924108e-24
6.922773e+00 3.899240e-24
6.938737e+00 3.874566e-24
6.954738e+00 3.850082e-24
6.970775e+00 3.825787e-24
6.986850e+00 3.801678e-24
7.002962e+00 3.777754e-24
7.019111e+00 3.754012e-24
7.035297e+00 3.730450e-24
7.051520e+00 3.707067e-24
7.067781e+00 3.709119e-24
7.084080e+00 4.106834e-24
7.100415e+00 5.481644e-24
7.116789e+00 4.915323e-24
7.133200e+00 6.032224e-24
7.149650e+00 6.329104e-24
7.166137e+00 3.991697e-24
7.182662e+00 3.708403e-24
7.199225e+00 3.677647e-24
7.215827e+00 3.491337e-24
7.232466e+00 3.461087e-24
7.249145e+00 3.439699e-24
7.265861e+00 3.418466e-24
7.282616e+00 3.397386e-24
7.299410e+00 3.376457e-24
7.316243e+00 3.355679e-24
7.333114e+00 3.335049e-24
7.350024e+00 3.476689e-24
7.366973e+00 3.452206e-24
7.383962e+00 3.274042e-24
7.400989e+00 3.253995e-24
7.418056e+00 3.234089e-24
7.435162e+00 3.214324e-24
7.452307e+00 3.215979e-24
7.469493e+00 3.303096e-24
7.486717e+00 3.186625e-24
7.503982e+00 3.288266e-24
7.521286e+00 3.226450e-24
7.538630e+00 3.098605e-24
7.556014e+00 3.079786e-24
7.573438e+00 3.061098e-24
7.590903e+00 3.042538e-24
7.608407e+00 3.024108e-24
7.625953e+00 3.005804e-24
7.643538e+00 2.987627e-24
7.661164e+00 3.166164e-24
7.678831e+00 3.244131e-24
7.696538e+00 2.891396e-24
7.714287e+00 2.788002e-24
7.732076e+00 2.771411e-24
7.749906e+00 2.754935e-24
7.767777e+00 2.738578e-24
7.785690e+00 2.722335e-24
7.803644e+00 2.706204e-24
7.821639e+00 2.726406e-24
7.839676e+00 2.749578e-24
7.857754e+00 2.658480e-24
7.875874e+00 2.642793e-24
7.894036e+00 2.627216e-24
7.912240e+00 2.611747e-24
7.930485e+00 3.304226e-24
7.948773e+00 4.166161e-24
7.967103e+00 3.753495e-24
7.985475e+00 2.773302e-24
8.003890e+00 2.623043e-24
8.022347e+00 2.521242e-24
8.040846e+00 2.556564e-24
8.059389e+00 2.602836e-24
8.077974e+00 2.512831e-24
8.096602e+00 2.463067e-24
8.115272e+00 2.547996e-24
8.133986e+00 2.658813e-24
8.152743e+00 2.643059e-24
8.171544e+00 2.562570e-24
8.190387e+00 2.351852e-24
8.209274e+00 2.283220e-24
8.228205e+00 2.270337e-24
8.247179e+00 2.257555e-24
8.266197e+00 2.335799e-24
8.285259e+00 2.438852e-24
8.304365e+00 2.551947e-24
8.323515e+00 2.575628e-24
8.342709e+00 2.375710e-24
8.361947e+00 2.208462e-24
8.381230e+00 2.170977e-24
8.400557e+00 2.156299e-24
8.419929e+00 2.066795e-24
8.439346e+00 2.055694e-24
8.458807e+00 2.044691e-24
8.478313e+00 2.033788e-24
8.497864e+00 2.090693e-24
8.517460e+00 2.012281e-24
8.537101e+00 2.018768e-24
8.556788e+00 2.067155e-24
8.576520e+00 2.056148e-24
8.596298e+00 2.045246e-24
8.616121e+00 2.034450e-24
8.635989e+00 1.950221e-24
8.655904e+00 1.965792e-24
8.675865e+00 2.002730e-24
8.695871e+00 1.992373e-24
8.715924e+00 1.982125e-24
8.736023e+00 1.971995e-24
8.756168e+00 1.935946e-24
8.776360e+00 1.882580e-24
8.796599e+00 1.873347e-24
8.816884e+00 1.864224e-24
8.837215e+00 1.855219e-24
8.857594e+00 1.818350e-24
8.878020e+00 1.776928e-24
8.898493e+00 1.768758e-24
8.919012e+00 1.760704e-24
8.939580e+00 1.752766e-24
8.960195e+00 1.744942e-24
8.980857e+00 1.737234e-24
9.001567e+00 1.729647e-24
9.022324e+00 1.722186e-24
9.043130e+00 1.714848e-24
9.063984e+00 1.707635e-24
9.084885e+00 1.700553e-24
9.105835e+00 1.693607e-24
9.126833e+00 1.686795e-24
9.147880e+00 1.680120e-24
9.168975e+00 1.673590e-24
9.190118e+00 1.688833e-24
9.211311e+00 1.714380e-24
9.232552e+00 1.707906e-24
9.253843e+00 1.648960e-24
9.275182e+00 1.643192e-24
9.296571e+00 1.637581e-24
9.318009e+00 1.632131e-24
9.339496e+00 1.626846e-24
9.361033e+00 1.621719e-24
9.382620e+00 1.616747e-24
9.404256e+00 1.566727e-24
9.425942e+00 1.562345e-24
9.447679e+00 1.558086e-24
9.469465e+00 1.553941e-24
9.491302e+00 1.549892e-24
9.513189e+00 1.545912e-24
9.535126e+00 1.541979e-24
9.557114e+00 1.538064e-24
9.579153e+00 1.534130e-24
9.601243e+00 1.530141e-24
9.623383e+00 1.526064e-24
9.645575e+00 1.521858e-24
9.667817e+00 1.514877e-24
9.690112e+00 1.490774e-24
9.712457e+00 1.508165e-24
9.734854e+00 1.503169e-24
9.757303e+00 1.497944e-24
9.779803e+00 1.492490e-24
9.802355e+00 1.486824e-24
9.824960e+00 1.500001e-24
9.847616e+00 1.549766e-24
9.870325e+00 1.548805e-24
9.893086e+00 1.630305e-24
9.915899e+00 1.747206e-24
9.938766e+00 1.513293e-24
9.961684e+00 1.454097e-24
9.984656e+00 1.439953e-24
1.000768e+01 1.449523e-24
1.003076e+01 1.424761e-24
1.005389e+01 1.418646e-24
1.007707e+01 1.412627e-24
1.010031e+01 1.406156e-24
1.012360e+01 1.372124e-24
1.014695e+01 1.366846e-24
1.017035e+01 1.361679e-24
1.019380e+01 1.356621e-24
1.021731e+01 1.351671e-24
1.024087e+01 1.346831e-24
1.026448e+01 1.342094e-24
1.028815e+01 1.337462e-24
1.031188e+01 1.332929e-24
1.033566e+01 1.328493e-24
1.035949e+01 1.324151e-24
1.038338e+01 1.319897e-24
1.040732e+01 1.315733e-24
1.043132e+01 1.311650e-24
1.045538e+01 1.307648e-24
1.047949e+01 1.287643e-24
1.050365e+01 1.279347e-24
1.052788e+01 1.275841e-24
1.055215e+01 1.272398e-24
1.057649e+01 1.269018e-24
1.060088e+01 1.265696e-24
1.062532e+01 1.262433e-24
1.064982e+01 1.259223e-24
1.067438e+01 1.256068e-24
1.069900e+01 1.252962e-24
1.072367e+01 1.260370e-24
1.074840e+01 1.246896e-24
1.077318e+01 1.243933e-24
1.079803e+01 1.227323e-24
1.082293e+01 1.222856e-24
1.084789e+01 1.220222e-24
1.087290e+01 1.217626e-24
1.089797e+01 1.227910e-24
1.092311e+01 1.212538e-24
1.094829e+01 1.210044e-24
1.097354e+01 1.207583e-24
1.099885e+01 1.205152e-24
1.102421e+01 1.202751e-24
1.104963e+01 1.200378e-24
1.107511e+01 1.198034e-24
1.110065e+01 1.195716e-24
1.112625e+01 1.193425e-24
1.115191e+01 1.191159e-24
1.117762e+01 1.188917e-24
1.120340e+01 1.186698e-24
1.122923e+01 1.184503e-24
1.125513e+01 1.182329e-24
1.128108e+01 1.180176e-24
1.130710e+01 1.167615e-24
1.133317e+01 1.175828e-24
1.135931e+01 1.173838e-24
1.138550e+01 1.171763e-24
1.141176e+01 1.169706e-24
1.143807e+01 1.157927e-24
1.146445e+01 1.156037e-24
1.149088e+01 1.154161e-24
1.151738e+01 1.153553e-24
1.154394e+01 1.190493e-24
1.157056e+01 1.155539e-24
1.159724e+01 1.146788e-24
1.162399e+01 1.144976e-24
1.165079e+01 1.143175e-24
1.167766e+01 1.141385e-24
1.170459e+01 1.139604e-24
1.173158e+01 1.137834e-24
1.175863e+01 1.136074e-24
1.178575e+01 1.134322e-24
1.181293e+01 1.132579e-24
1.184017e+01 1.130844e-24
1.186747e+01 1.129117e-24
1.189484e+01 1.127397e-24
1.192227e+01 1.125685e-24
1.194976e+01 1.123979e-24
1.197731e+01 1.122279e-24
1.200493e+01 1.120586e-24
1.203262e+01 1.118898e-24
1.206037e+01 1.111000e-24
1.208818e+01 1.109409e-24
1.211605e+01 1.107822e-24
1.214399e+01 1.106238e-24
1.217200e+01 1.104657e-24
1.220006e+01 1.103079e-24
1.222820e+01 1.101503e-24
1.225640e+01 1.099929e-24
1.228466e+01 1.098358e-24
1.231299e+01 1.101023e-24
1.234138e+01 1.097975e-24
1.236984e+01 1.093652e-24
1.239837e+01 1.096805e-24
1.242696e+01 1.101603e-24
1.245561e+01 1.145662e-24
1.248434e+01 1.234850e-24
1.251313e+01 1.100841e-24
1.254198e+01 1.089150e-24
1.257090e+01 1.082699e-24
1.259989e+01 1.081134e-24
1.262895e+01 1.079569e-24
1.265807e+01 1.078003e-24
1.268726e+01 1.076436e-24
1.271652e+01 1.074868e-24
1.274584e+01 1.073299e-24
1.277523e+01 1.067906e-24
1.280469e+01 1.066388e-24
1.283422e+01 1.064867e-24
1.286382e+01 1.063345e-24
1.289348e+01 1.061820e-24
1.292321e+01 1.060292e-24
1.295301e+01 1.058762e-24
1.298288e+01 1.057228e-24
1.301282e+01 1.055692e-24
1.304283e+01 1.054153e-24
1.307291e+01 1.052610e-24
1.310305e+01 1.051646e-24
1.313327e+01 1.052739e-24
1.316355e+01 1.051142e-24
1.319391e+01 1.046409e-24
1.322433e+01 1.044850e-24
1.325483e+01 1.043287e-24
1.328539e+01 1.044724e-24
1.331603e+01 1.040262e-24
1.334674e+01 1.041497e-24
1.337752e+01 1.037003e-24
1.340836e+01 1.035423e-24
1.343928e+01 1.033839e-24
1.347027e+01 1.032252e-24
1.350134e+01 1.030660e-24
1.353247e+01 1.029066e-24
1.356368e+01 1.027467e-24
1.359496e+01 1.025865e-24
1.362631e+01 1.024259e-24
1.365773e+01 1.022649e-24
1.368922e+01 1.021036e-24
1.372079e+01 1.019419e-24
1.375243e+01 1.017799e-24
1.378414e+01 1.016175e-24
1.381593e+01 1.014547e-24
1.384779e+01 1.012916e-24
1.387972e+01 1.011281e-24
1.391173e+01 1.009643e-24
1.394381e+01 1.008002e-24
1.397596e+01 1.006357e-24
1.400819e+01 1.004708e-24
1.404050e+01 1.003057e-24
1.407287e+01 1.001402e-24
1.410533e+01 9.979329e-25
1.413785e+01 9.962976e-25
1.417045e+01 9.946590e-25
1.420313e+01 9.930171e-25
1.423588e+01 9.913720e-25
1.426871e+01 9.897239e-25
1.430162e+01 9.880728e-25
1.433460e+01 9.864188e-25
1.436765e+01 9.847619e-25
1.440078e+01 9.831024e-25
1.443399e+01 9.814403e-25
1.446728e+01 9.797757e-25
1.450064e+01 9.781087e-25
1.453408e+01 9.764395e-25
1.456759e+01 9.747682e-25
1.460119e+01 9.730014e-25
1.463486e+01 9.701596e-25
1.466860e+01 9.686400e-25
1.470243e+01 9.680640e-25
1.473633e+01 9.661610e-25
1.477032e+01 9.635117e-25
1.480438e+01 9.630198e-25
1.483852e+01 9.613360e-25
1.487273e+01 9.589157e-25
1.490703e+01 9.579660e-25
1.494141e+01 9.551704e-25
1.497586e+01 9.545935e-25
1.501040e+01 9.576807e-25
1.504501e+01 9.504679e-25
1.507970e+01 9.484843e-25
1.511448e+01 9.468122e-25
1.514933e+01 9.451404e-25
1.518427e+01 9.434689e-25
1.521928e+01 9.417979e-25
1.525438e+01 9.401276e-25
1.528955e+01 9.384582e-25
1.532481e+01 9.367899e-25
1.536015e+01 9.346196e-25
1.539557e+01 9.326521e-25
1.543107e+01 9.309994e-25
1.546666e+01 9.293483e-25
1.550232e+01 9.276992e-25
1.553807e+01 9.260521e-25
1.557390e+01 9.244072e-25
1.560982e+01 9.227649e-25
1.564581e+01 9.211253e-25
1.568189e+01 9.194885e-25
1.571805e+01 9.178549e-25
1.575430e+01 9.162247e-25
1.579063e+01 9.145979e-25
1.582704e+01 9.129750e-25
1.586354e+01 9.113560e-25
1.590012e+01 9.097412e-25
1.593679e+01 9.081308e-25
1.597354e+01 9.065251e-25
1.601037e+01 9.051587e-25
1.604729e+01 9.033286e-25
1.608430e+01 9.017381e-25
1.612139e+01 9.001533e-25
1.615857e+01 8.983022e-25
1.619583e+01 8.968688e-25
1.623317e+01 8.954342e-25
1.627061e+01 8.938738e-25
1.630813e+01 8.923201e-25
1.634574e+01 8.907733e-25
1.638343e+01 8.892337e-25
1.642121e+01 8.877015e-25
1.645908e+01 8.861768e-25
1.649703e+01 8.851865e-25
1.653507e+01 8.843352e-25
1.657320e+01 8.845380e-25
1.661142e+01 8.835449e-25
1.664973e+01 8.830035e-25
1.668812e+01 8.974278e-25
1.672661e+01 8.867947e-25
1.676518e+01 8.760626e-25
1.680384e+01 8.731947e-25
1.684259e+01 8.714000e-25
1.688143e+01 8.695768e-25
1.692035e+01 8.681670e-25
1.695937e+01 8.667677e-25
1.699848e+01 8.653792e-25
1.703768e+01 8.640015e-25
1.707697e+01 8.626350e-25
1.711635e+01 8.612797e-25
1.715582e+01 8.598246e-25
1.719538e+01 8.586042e-25
1.723503e+01 8.569803e-25
1.727478e+01 8.556769e-25
1.731461e+01 8.543857e-25
1.735454e+01 8.531071e-25
1.739456e+01 8.518411e-25
1.743467e+01 8.505880e-25
1.747488e+01 8.493479e-25
1.751517e+01 8.481211e-25
1.755556e+01 8.469076e-25
1.759605e+01 8.457077e-25
1.763662e+01 8.445216e-25
1.767729e+01 8.433494e-25
1.771806e+01 8.421912e-25
1.775892e+01 8.410473e-25
1.779987e+01 8.399177e-25
1.784092e+01 8.388026e-25
1.788206e+01 8.377022e-25
1.792329e+01 8.367085e-25
1.796462e+01 8.355458e-25
1.800605e+01 8.344901e-25
1.804757e+01 8.334496e-25
1.808919e+01 8.322302e-25
1.813090e+01 8.312232e-25
1.817271e+01 8.302317e-25
1.821462e+01 8.292558e-25
1.825662e+01 8.282955e-25
1.829872e+01 8.273509e-25
1.834092e+01 8.264222e-25
1.838322e+01 8.255094e-25
1.842561e+01 8.246126e-25
1.846810e+01 8.237318e-25
1.851068e+01 8.228672e-25
1.855337e+01 8.220187e-25
1.859615e+01 8.211865e-25
1.863904e+01 8.203706e-25
1.868202e+01 8.195710e-25
1.872510e+01 8.187877e-25
1.876828e+01 8.178881e-25
1.881156e+01 8.171398e-25
1.885494e+01 8.164078e-25
1.889842e+01 8.156923e-25
1.894200e+01 8.149933e-25
1.898568e+01 8.143107e-25
1.902946e+01 8.136447e-25
1.907334e+01 8.129951e-25
1.911733e+01 8.123620e-25
1.916141e+01 8.117454e-25
1.920560e+01 8.111453e-25
1.924989e+01 8.105616e-25
1.929428e+01 8.100659e-25
1.933877e+01 8.094434e-25
1.938336e+01 8.089089e-25
1.942806e+01 8.083907e-25
1.947286e+01 8.078888e-25
1.951777e+01 8.074031e-25
1.956278e+01 8.069336e-25
1.960789e+01 8.064802e-25
1.965310e+01 8.060428e-25
1.969842e+01 8.056215e-25
1.974385e+01 8.052160e-25
1.978938e+01 8.049195e-25
1.983501e+01 8.044523e-25
1.988075e+01 8.040939e-25
1.992660e+01 8.037511e-25
1.997255e+01 8.034236e-25
2.001861e+01 8.031114e-25
2.006477e+01 8.028143e-25
2.011104e+01 8.024834e-25
2.015741e+01 8.022244e-25
2.020390e+01 8.019416e-25
2.025049e+01 8.017065e-25
2.029719e+01 8.015504e-25
2.034399e+01 8.013408e-25
2.039090e+01 8.011143e-25
2.043793e+01 8.009631e-25
2.048506e+01 8.007946e-25
2.053229e+01 8.005758e-25
2.057964e+01 8.004345e-25
2.062710e+01 8.003677e-25
2.067466e+01 8.002211e-25
2.072234e+01 8.000862e-25
2.077013e+01 7.999943e-25
2.081802e+01 7.999185e-25
2.086603e+01 7.998470e-25
2.091415e+01 7.997868e-25
2.096237e+01 7.997949e-25
2.101071e+01 7.997020e-25
2.105916e+01 7.996986e-25
2.110773e+01 7.996568e-25
2.115640e+01 7.996481e-25
2.120519e+01 7.996480e-25
2.125409e+01 7.996563e-25
2.130310e+01 7.996724e-25
2.135223e+01 7.996959e-25
2.140146e+01 7.997264e-25
2.145082e+01 7.997635e-25
2.150028e+01 7.998066e-25
2.154986e+01 7.998552e-25
2.159956e+01 7.999089e-25
2.164936e+01 7.999673e-25
2.169929e+01 8.000296e-25
2.174933e+01 8.000583e-25
2.179948e+01 8.001263e-25
2.184975e+01 8.001983e-25
2.190014e+01 8.002726e-25
2.195064e+01 8.003847e-25
2.200126e+01 8.004606e-25
2.205199e+01 8.005370e-25
2.210284e+01 8.005776e-25
2.215381e+01 8.006534e-25
2.220490e+01 8.007281e-25
2.225610e+01 8.008351e-25
2.230743e+01 8.009052e-25
2.235887e+01 8.009724e-25
2.241043e+01 8.010151e-25
2.246211e+01 8.010631e-25
2.251390e+01 8.011187e-25
2.256582e+01 8.011693e-25
2.261786e+01 8.012165e-25
2.267002e+01 8.012845e-25
2.272229e+01 8.012855e-25
2.277469e+01 8.013107e-25
2.282721e+01 8.013392e-25
2.287985e+01 8.013377e-25
2.293261e+01 8.013387e-25
2.298549e+01 8.013600e-25
2.303850e+01 8.013129e-25
2.309162e+01 8.012854e-25
2.314487e+01 8.012474e-25
2.319825e+01 8.011987e-25
2.325174e+01 8.011387e-25
2.330536e+01 8.010949e-25
2.335910e+01 8.009958e-25
2.341297e+01 8.008877e-25
2.346696e+01 8.007791e-25
2.352107e+01 8.006574e-25
2.357531e+01 8.005223e-25
2.362968e+01 8.003736e-25
2.368417e+01 8.002356e-25
2.373878e+01 8.000340e-25
2.379353e+01 7.998425e-25
2.384839e+01 7.996363e-25
2.390339e+01 7.994151e-25
2.395851e+01 7.991787e-25
2.401376e+01 7.989269e-25
2.406914e+01 7.986595e-25
2.412464e+01 7.983763e-25
2.418027e+01 7.980773e-25
2.423603e+01 7.977622e-25
2.429192e+01 7.974310e-25
2.434794e+01 7.970836e-25
2.440408e+01 7.967198e-25
2.446036e+01 7.963269e-25
2.451676e+01 7.959429e-25
2.457330e+01 7.955298e-25
2.462997e+01 7.951001e-25
2.468676e+01 7.946538e-25
2.474369e+01 7.941910e-25
2.480075e+01 7.937117e-25
2.485794e+01 7.932159e-25
2.491526e+01 7.927254e-25
2.497272e+01 7.922258e-25
2.503031e+01 7.916656e-25
2.508803e+01 7.910685e-25
2.514588e+01 7.904726e-25
2.520387e+01 7.898791e-25
2.526199e+01 7.892878e-25
2.532024e+01 7.886624e-25
2.537863e+01 7.880083e-25
2.543715e+01 7.873645e-25
2.549581e+01 7.866747e-25
2.555460e+01 7.859874e-25
2.561353e+01 7.852849e-25
2.567260e+01 7.845675e-25
2.573180e+01 7.838353e-25
2.579114e+01 7.830886e-25
2.585061e+01 7.823274e-25
2.591022e+01 7.815521e-25
2.596997e+01 7.807628e-25
2.602986e+01 7.799597e-25
2.608988e+01 7.791431e-25
2.615005e+01 7.783131e-25
2.621035e+01 7.774700e-25
2.627079e+01 7.766141e-25
2.633137e+01 7.757613e-25
2.639209e+01 7.748644e-25
2.645295e+01 7.739712e-25
2.651395e+01 7.730526e-25
2.657509e+01 7.721492e-25
2.663638e+01 7.712210e-25
2.669780e+01 7.702815e-25
2.675937e+01 7.693311e-25
2.682107e+01 7.683570e-25
2.688292e+01 7.673981e-25
2.694492e+01 7.664166e-25
2.700705e+01 7.654249e-25
2.706933e+01 7.644235e-25
2.713175e+01 7.634002e-25
2.719432e+01 7.623926e-25
2.725703e+01 7.613637e-25
2.731988e+01 7.603260e-25
2.738288e+01 7.592799e-25
2.744603e+01 7.582256e-25
2.750932e+01 7.571634e-25
2.757275e+01 7.560935e-25
2.763634e+01 7.550161e-25
2.770007e+01 7.539315e-25
2.776394e+01 7.528399e-25
2.782797e+01 7.517303e-25
2.789214e+01 7.506315e-25
2.795646e+01 7.495258e-25
2.802093e+01 7.484087e-25
2.808554e+01 7.472844e-25
2.815031e+01 7.461466e-25
2.821522e+01 7.450129e-25
2.828029e+01 7.438827e-25
2.834550e+01 7.427409e-25
2.841087e+01 7.415819e-25
2.847638e+01 7.404290e-25
2.854205e+01 7.392718e-25
2.860787e+01 7.381106e-25
2.867384e+01 7.369556e-25
2.873996e+01 7.357768e-25
2.880623e+01 7.346046e-25
2.887266e+01 7.334291e-25
2.893924e+01 7.322603e-25
2.900598e+01 7.310788e-25
2.907286e+01 7.298851e-25
2.913991e+01 7.286985e-25
2.920710e+01 7.275095e-25
2.927446e+01 7.263184e-25
2.934196e+01 7.251345e-25
2.940963e+01 7.239304e-25
2.947744e+01 7.227339e-25
2.954542e+01 7.215358e-25
2.961355e+01 7.203365e-25
2.968184e+01 7.191367e-25
2.975029e+01 7.179344e-25
2.981889e+01 7.167405e-25
2.988765e+01 7.155288e-25
2.995658e+01 7.143335e-25
3.002566e+01 7.131437e-25
3.009489e+01 7.119165e-25
3.016429e+01 7.107118e-25
3.023385e+01 7.095072e-25
3.030357e+01 7.083026e-25
3.037345e+01 7.070983e-25
3.044349e+01 7.058943e-25
3.051370e+01 7.046908e-25
3.058406e+01 7.034879e-25
3.065459e+01 7.022932e-25
3.072528e+01 7.010878e-25
3.079613e+01 6.998837e-25
3.086715e+01 6.986842e-25
3.093833e+01 6.974858e-25
3.100967e+01 6.962928e-25
3.108118e+01 6.950928e-25
3.115285e+01 6.938984e-25
3.122469e+01 6.927055e-25
3.129670e+01 6.915142e-25
3.136887e+01 6.903246e-25
3.144120e+01 6.891368e-25
3.151371e+01 6.879508e-25
3.158638e+01 6.867722e-25
3.165922e+01 6.855848e-25
3.173222e+01 6.844049e-25
3.180540e+01 6.832271e-25
3.187874e+01 6.820500e-25
3.195225e+01 6.808784e-25
3.202594e+01 6.797076e-25
3.209979e+01 6.785392e-25
3.217381e+01 6.773733e-25
3.224800e+01 6.762100e-25
3.232237e+01 6.750493e-25
3.239690e+01 6.738913e-25
3.247161e+01 6.727360e-25
3.254649e+01 6.715835e-25
3.262154e+01 6.704339e-25
3.269677e+01 6.692871e-25
3.277217e+01 6.681433e-25
3.284774e+01 6.669977e-25
3.292349e+01 6.658647e-25
3.299941e+01 6.647300e-25
3.307551e+01 6.635985e-25
3.315178e+01 6.624700e-25
3.322823e+01 6.613448e-25
3.330485e+01 6.602297e-25
3.338165e+01 6.591046e-25
3.345863e+01 6.579887e-25
3.353579e+01 6.568766e-25
3.361312e+01 6.557679e-25
3.369063e+01 6.546626e-25
3.376832e+01 6.535608e-25
3.384619e+01 6.524624e-25
3.392424e+01 6.513674e-25
3.400247e+01 6.502807e-25
3.408088e+01 6.491881e-25
3.415947e+01 6.481038e-25
3.423825e+01 6.470231e-25
3.431720e+01 6.459459e-25
3.439634e+01 6.448724e-25
3.447565e+01 6.438025e-25
3.455515e+01 6.427363e-25
3.463484e+01 6.416737e-25
3.471471e+01 6.406148e-25
3.479476e+01 6.395596e-25
3.487500e+01 6.385082e-25
3.495542e+01 6.374604e-25
3.503603e+01 6.364198e-25
3.511682e+01 6.353762e-25
3.519780e+01 6.343397e-25
3.527897e+01 6.333069e-25
3.536032e+01 6.322780e-25
3.544186e+01 6.312528e-25
3.552359e+01 6.302314e-25
3.560551e+01 6.292139e-25
3.568761e+01 6.282001e-25
3.576991e+01 6.271901e-25
3.585240e+01 6.261840e-25
3.593507e+01 6.251820e-25
3.601794e+01 6.241831e-25
3.610100e+01 6.231884e-25
3.618424e+01 6.221975e-25
3.626769e+01 6.212104e-25
3.635132e+01 6.202272e-25
3.643515e+01 6.192478e-25
3.651917e+01 6.182722e-25
3.660338e+01 6.173004e-25
3.668779e+01 6.163324e-25
3.677239e+01 6.153683e-25
3.685719e+01 6.144097e-25
3.694218e+01 6.134514e-25
3.702737e+01 6.125017e-25
3.711275e+01 6.115498e-25
3.719834e+01 6.106046e-25
3.728412e+01 6.096634e-25
3.737009e+01 6.087280e-25
3.745627e+01 6.077920e-25
3.754264e+01 6.068632e-25
3.762922e+01 6.059385e-25
3.771599e+01 6.050160e-25
3.780296e+01 6.040955e-25
3.789014e+01 6.031795e-25
3.797751e+01 6.070895e-25
3.806509e+01 6.013634e-25
3.815287e+01 6.004569e-25
3.824085e+01 5.995594e-25
3.832903e+01 5.986630e-25
3.841742e+01 5.977703e-25
3.850601e+01 5.968812e-25
3.859480e+01 5.959977e-25
3.868380e+01 5.951141e-25
3.877301e+01 5.942360e-25
3.886242e+01 5.933616e-25
3.895204e+01 5.924908e-25
3.904186e+01 5.916236e-25
3.913189e+01 5.907601e-25
3.922213e+01 5.899001e-25
3.931258e+01 5.890438e-25
3.940323e+01 5.881911e-25
3.949410e+01 5.873420e-25
3.958517e+01 5.864967e-25
3.967645e+01 5.856552e-25
3.976795e+01 5.848180e-25
3.985965e+01 5.839865e-25
3.995157e+01 5.831692e-25
4.004370e+01 5.825570e-25
4.013604e+01 5.816048e-25
4.022859e+01 5.806879e-25
4.032136e+01 5.798624e-25
4.041434e+01 5.790431e-25
4.050754e+01 5.782305e-25
4.060095e+01 5.774243e-25
4.069457e+01 5.766196e-25
4.078842e+01 5.758163e-25
4.088247e+01 5.750206e-25
4.097675e+01 5.742270e-25
4.107124e+01 5.734350e-25
4.116595e+01 5.726473e-25
4.126088e+01 5.718628e-25
4.135603e+01 5.710816e-25
4.145140e+01 5.703037e-25
4.154698e+01 5.695291e-25
4.164279e+01 5.687598e-25
4.173882e+01 5.679895e-25
4.183507e+01 5.672244e-25
4.193154e+01 5.664645e-25
4.202824e+01 5.657068e-25
4.212516e+01 5.649505e-25
4.222230e+01 5.641982e-25
4.231966e+01 5.634489e-25
4.241725e+01 5.627028e-25
4.251507e+01 5.619597e-25
4.261311e+01 5.612198e-25
4.271137e+01 5.604829e-25
4.280986e+01 5.597471e-25
4.290858e+01 5.590182e-25
4.300753e+01 5.582915e-25
4.310671e+01 5.575649e-25
4.320611e+01 5.568420e-25
4.330575e+01 5.561249e-25
4.340561e+01 5.554085e-25
4.350570e+01 5.546961e-25
4.360603e+01 5.539861e-25
4.370658e+01 5.532790e-25
4.380737e+01 5.525731e-25
4.390839e+01 5.518734e-25
4.400964e+01 5.511768e-25
4.411113e+01 5.504793e-25
4.421285e+01 5.497865e-25
4.431481e+01 5.490965e-25
4.441700e+01 5.484093e-25
4.451942e+01 5.477249e-25
4.462208e+01 5.470433e-25
4.472498e+01 5.463661e-25
4.482812e+01 5.456882e-25
4.493149e+01 5.450148e-25
4.503511e+01 5.443475e-25
4.513896e+01 5.436761e-25
4.524305e+01 5.430124e-25
4.534738e+01 5.423497e-25
4.545195e+01 5.416881e-25
4.555676e+01 5.410308e-25
4.566182e+01 5.403775e-25
4.576711e+01 5.397239e-25
4.587265e+01 5.390743e-25
4.597843e+01 5.384299e-25
4.608446e+01 5.377843e-25
4.619073e+01 5.371416e-25
4.629725e+01 5.365031e-25
4.640401e+01 5.358662e-25
4.651102e+01 5.352319e-25
4.661827e+01 5.346000e-25
4.672578e+01 5.339706e-25
4.683353e+01 5.333437e-25
4.694152e+01 5.327192e-25
4.704977e+01 5.320972e-25
4.715827e+01 5.314775e-25
4.726702e+01 5.308603e-25
4.737601e+01 5.302469e-25
4.748526e+01 5.296346e-25
4.759476e+01 5.290243e-25
4.770452e+01 5.284165e-25
4.781453e+01 5.278097e-25
4.792479e+01 5.272079e-25
4.803530e+01 5.266085e-25
4.814607e+01 5.260086e-25
4.825710e+01 5.254123e-25
4.836838e+01 5.248197e-25
4.847992e+01 5.242281e-25
4.859171e+01 5.236371e-25
4.870376e+01 5.230512e-25
4.881607e+01 5.224648e-25
4.892864e+01 5.218833e-25
4.904147e+01 5.213042e-25
4.915456e+01 5.207241e-25
4.926792e+01 5.201492e-25
4.938153e+01 5.195750e-25
4.949540e+01 5.190088e-25
4.960954e+01 5.184365e-25
4.972394e+01 5.178733e-25
4.983860e+01 5.173494e-25
4.995353e+01 5.368591e-25
5.006872e+01 5.186311e-25
5.018418e+01 5.156524e-25
5.029991e+01 5.150622e-25
5.041590e+01 5.145046e-25
5.053216e+01 5.139495e-25
5.064869e+01 5.133964e-25
5.076548e+01 5.128469e-25
5.088255e+01 5.122994e-25
5.099988e+01 5.117570e-25
5.111749e+01 5.112091e-25
5.123537e+01 5.106675e-25
5.135352e+01 5.101291e-25
5.147194e+01 5.095918e-25
5.159063e+01 5.090548e-25
5.170960e+01 5.085216e-25
5.182884e+01 5.079884e-25
5.194836e+01 5.074594e-25
5.206816e+01 5.069310e-25
5.218822e+01 5.064036e-25
5.230857e+01 5.058796e-25
5.242920e+01 5.053563e-25
5.255010e+01 5.048354e-25
5.267128e+01 5.043173e-25
5.279274e+01 5.037990e-25
5.291448e+01 5.032835e-25
5.303650e+01 5.027708e-25
5.315880e+01 5.022578e-25
5.328139e+01 5.017486e-25
5.340425e+01 5.012398e-25
5.352741e+01 5.007334e-25
5.365084e+01 5.002284e-25
5.377456e+01 4.997251e-25
5.389856e+01 4.992234e-25
5.402285e+01 4.987243e-25
5.414743e+01 4.982245e-25
5.427230e+01 4.977289e-25
5.439745e+01 4.972341e-25
5.452289e+01 4.967409e-25
5.464862e+01 4.962493e-25
5.477464e+01 4.957594e-25
5.490095e+01 4.952711e-25
5.502755e+01 4.947848e-25
5.515445e+01 4.942994e-25
5.528163e+01 4.938168e-25
5.540911e+01 4.933340e-25
5.553689e+01 4.928537e-25
5.566495e+01 4.923750e-25
5.579332e+01 4.918978e-25
5.592198e+01 4.914222e-25
5.605093e+01 4.909490e-25
5.618019e+01 4.904756e-25
5.630974e+01 4.900054e-25
5.643959e+01 4.895357e-25
5.656974e+01 4.890680e-25
5.670019e+01 4.886015e-25
5.683094e+01 4.881357e-25
5.696200e+01 4.876730e-25
5.709335e+01 4.872111e-25
5.722501e+01 4.867506e-25
5.735697e+01 4.862919e-25
5.748923e+01 4.858355e-25
5.762181e+01 4.853871e-25
5.775468e+01 4.850693e-25
5.788786e+01 4.844747e-25
5.802135e+01 4.840189e-25
5.815515e+01 4.835667e-25
5.828926e+01 4.831180e-25
5.842367e+01 4.826697e-25
5.855840e+01 4.822235e-25
5.869344e+01 4.817784e-25
5.882878e+01 4.813346e-25
5.896444e+01 4.808923e-25
5.910041e+01 4.804512e-25
5.923670e+01 4.800115e-25
5.937330e+01 4.795732e-25
5.951022e+01 4.791362e-25
5.964745e+01 4.787013e-25
5.978500e+01 4.782661e-25
5.992286e+01 4.778338e-25
6.006104e+01 4.774020e-25
6.019954e+01 4.769708e-25
6.033836e+01 4.765423e-25
6.047750e+01 4.761143e-25
6.061697e+01 4.756877e-25
6.075675e+01 4.752623e-25
6.089686e+01 4.748381e-25
6.103728e+01 4.744152e-25
6.117804e+01 4.739935e-25
6.131911e+01 4.735738e-25
6.146052e+01 4.731543e-25
6.160224e+01 4.727366e-25
6.174430e+01 4.723198e-25
6.188668e+01 4.719042e-25
6.202939e+01 4.714898e-25
6.217243e+01 4.710766e-25
6.231580e+01 4.706646e-25
6.245950e+01 4.702538e-25
6.260354e+01 4.698441e-25
6.274790e+01 4.694357e-25
6.289260e+01 4.690291e-25
6.303763e+01 4.686229e-25
6.318299e+01 4.682179e-25
6.332869e+01 4.678140e-25
6.347473e+01 4.674113e-25
6.362110e+01 4.670096e-25
6.376781e+01 4.666091e-25
6.391486e+01 4.662098e-25
6.406225e+01 4.658123e-25
6.420998e+01 4.654148e-25
6.435805e+01 4.650191e-25
6.450646e+01 4.646241e-25
6.465521e+01 4.642302e-25
6.480431e+01 4.638374e-25
6.495375e+01 4.634465e-25
6.510353e+01 4.630550e-25
6.525366e+01 4.626663e-25
6.540413e+01 4.622778e-25
6.555496e+01 4.618903e-25
6.570613e+01 4.615039e-25
6.585765e+01 4.611185e-25
6.600951e+01 4.607350e-25
6.616173e+01 4.603508e-25
6.631430e+01 4.599694e-25
6.646722e+01 4.595882e-25
6.662050e+01 4.592079e-25
6.677412e+01 4.588287e-25
6.692811e+01 4.584505e-25
6.708244e+01 4.580733e-25
6.723714e+01 4.576971e-25
6.739218e+01 4.573228e-25
6.754759e+01 4.569485e-25
6.770336e+01 4.565753e-25
6.785948e+01 4.562030e-25
6.801597e+01 4.558317e-25
6.817281e+01 4.554614e-25
6.833002e+01 4.550930e-25
6.848759e+01 4.547246e-25
6.864552e+01 4.543571e-25
6.880382e+01 4.539906e-25
6.896248e+01 4.536250e-25
6.912151e+01 4.532604e-25
6.928090e+01 4.528967e-25
6.944067e+01 4.525340e-25
6.960080e+01 4.521722e-25
6.976130e+01 4.518113e-25
6.992217e+01 4.514523e-25
7.008341e+01 4.510932e-25
7.024502e+01 4.507350e-25
7.040701e+01 4.503778e-25
7.056936e+01 4.500214e-25
7.073210e+01 4.496660e-25
7.089521e+01 4.493114e-25
7.105869e+01 4.489583e-25
7.122255e+01 4.486050e-25
7.138679e+01 4.482531e-25
7.155141e+01 4.479022e-25
7.171641e+01 4.475530e-25
7.188179e+01 4.472037e-25
7.204755e+01 4.468553e-25
7.221369e+01 4.465077e-25
7.238022e+01 4.461610e-25
7.254713e+01 4.458152e-25
7.271442e+01 4.454702e-25
7.288210e+01 4.451261e-25
7.305017e+01 4.447828e-25
7.321862e+01 4.444403e-25
7.338746e+01 4.440987e-25
7.355669e+01 4.437580e-25
7.372632e+01 4.434180e-25
7.389633e+01 4.430789e-25
7.406674e+01 4.427406e-25
7.423753e+01 4.424031e-25
7.440873e+01 4.420674e-25
7.458031e+01 4.417315e-25
7.475230e+01 4.413964e-25
7.492468e+01 4.410622e-25
7.509745e+01 4.407288e-25
7.527063e+01 4.403961e-25
7.544420e+01 4.400643e-25
7.561818e+01 4.397332e-25
7.579255e+01 4.394029e-25
7.596733e+01 4.390780e-25
7.614251e+01 4.387447e-25
7.631810e+01 4.384168e-25
7.649409e+01 4.380897e-25
7.667048e+01 4.377633e-25
7.684729e+01 4.374377e-25
7.702450e+01 4.371128e-25
7.720212e+01 4.367888e-25
7.738015e+01 4.364655e-25
7.755858e+01 4.361429e-25
7.773744e+01 4.358211e-25
7.791670e+01 4.355001e-25
7.809638e+01 4.351798e-25
7.827647e+01 4.348602e-25
7.845697e+01 4.345414e-25
7.863789e+01 4.342233e-25
7.881923e+01 4.339060e-25
7.900099e+01 4.335901e-25
7.918317e+01 4.332735e-25
7.936577e+01 4.329591e-25
7.954878e+01 4.326447e-25
7.973222e+01 4.323310e-25
7.991609e+01 4.320180e-25
8.010037e+01 4.317058e-25
8.028509e+01 4.313942e-25
8.047022e+01 4.310834e-25
8.065579e+01 4.307733e-25
8.084178e+01 4.304639e-25
8.102820e+01 4.301552e-25
8.121506e+01 4.298471e-25
8.140234e+01 4.295398e-25
8.159005e+01 4.292332e-25
8.177820e+01 4.289273e-25
8.196678e+01 4.286221e-25
8.215580e+01 4.283176e-25
8.234525e+01 4.280137e-25
8.253514e+01 4.277106e-25
8.272546e+01 4.274081e-25
8.291623e+01 4.271063e-25
8.310744e+01 4.268052e-25
8.329908e+01 4.265054e-25
8.349117e+01 4.262050e-25
8.368370e+01 4.259066e-25
8.387668e+01 4.256081e-25
8.407010e+01 4.253104e-25
8.426396e+01 4.250133e-25
8.445828e+01 4.247168e-25
8.465304e+01 4.244211e-25
8.484825e+01 4.241259e-25
8.504391e+01 4.238315e-25
8.524002e+01 4.235377e-25
8.543659e+01 4.232445e-25
8.563360e+01 4.229520e-25
8.583107e+01 4.226602e-25
8.602900e+01 4.223690e-25
8.622738e+01 4.220784e-25
8.642623e+01 4.217885e-25
8.662553e+01 4.214998e-25
8.682528e+01 4.212111e-25
8.702550e+01 4.209231e-25
8.722619e+01 4.206357e-25
8.742733e+01 4.203490e-25
8.762894e+01 4.200629e-25
8.783101e+01 4.197774e-25
8.803355e+01 4.194925e-25
8.823656e+01 4.192089e-25
8.844003e+01 4.189252e-25
8.864397e+01 4.186422e-25
8.884839e+01 4.183598e-25
8.905327e+01 4.180781e-25
8.925863e+01 4.177976e-25
8.946446e+01 4.175170e-25
8.967077e+01 4.172371e-25
8.987755e+01 4.169577e-25
9.008481e+01 4.166797e-25
9.029254e+01 4.164016e-25
9.050076e+01 4.161249e-25
9.070945e+01 4.158480e-25
9.091863e+01 4.155725e-25
9.112829e+01 4.152978e-25
9.133843e+01 4.150230e-25
9.154906e+01 4.147493e-25
9.176017e+01 4.144766e-25
9.197177e+01 4.142046e-25
9.218386e+01 4.139354e-25
9.239644e+01 4.136653e-25
9.260950e+01 4.133960e-25
9.282306e+01 4.131309e-25
9.303711e+01 4.128638e-25
9.325166e+01 4.126026e-25
9.346669e+01 4.123444e-25
9.368223e+01 4.120822e-25
9.389826e+01 4.118305e-25
9.411479e+01 4.115843e-25
9.433182e+01 4.113612e-25
9.454935e+01 4.111381e-25
9.476738e+01 4.109263e-25
9.498592e+01 4.107382e-25
9.520496e+01 4.105118e-25
9.542450e+01 4.102481e-25
9.564455e+01 4.099849e-25
9.586511e+01 4.097223e-25
9.608617e+01 4.094602e-25
9.630775e+01 4.091987e-25
9.652983e+01 4.089378e-25
9.675243e+01 4.086774e-25
9.697554e+01 4.084176e-25
9.719917e+01 4.081583e-25
9.742331e+01 4.078996e-25
9.764797e+01 4.076415e-25
9.787315e+01 4.073839e-25
9.809884e+01 4.071268e-25
9.832506e+01 4.068703e-25
9.855180e+01 4.066144e-25
9.877906e+01 4.063590e-25
9.900685e+01 4.061042e-25
9.923516e+01 4.058499e-25
9.946399e+01 4.055961e-25
9.969336e+01 4.053429e-25
9.992325e+01 4.050903e-25
1.001537e+02 4.048382e-25
1.003846e+02 4.045866e-25
1.006161e+02 4.043356e-25
1.008481e+02 4.040851e-25
1.010807e+02 4.038351e-25
1.013138e+02 4.035857e-25
1.015474e+02 4.033368e-25
1.017816e+02 4.030885e-25
1.020163e+02 4.028407e-25
1.022515e+02 4.025934e-25
1.024873e+02 4.023466e-25
1.027237e+02 4.021004e-25
1.029606e+02 4.018547e-25
1.031980e+02 4.016096e-25
1.034360e+02 4.013649e-25
1.036745e+02 4.011208e-25
1.039136e+02 4.008773e-25
1.041532e+02 4.006342e-25
1.043934e+02 4.003917e-25
1.046341e+02 4.001497e-25
1.048754e+02 3.999082e-25
1.051172e+02 3.996672e-25
1.053596e+02 3.994268e-25
1.056026e+02 3.991869e-25
1.058461e+02 3.989475e-25
1.060902e+02 3.987086e-25
1.063348e+02 3.984702e-25
1.065800e+02 3.982324e-25
1.068258e+02 3.979950e-25
1.070722e+02 3.977582e-25
1.073191e+02 3.975219e-25
1.075665e+02 3.972861e-25
1.078146e+02 3.970508e-25
1.080632e+02 3.968160e-25
1.083124e+02 3.965817e-25
1.085622e+02 3.963480e-25
1.088125e+02 3.961147e-25
1.090634e+02 3.958820e-25
1.093149e+02 3.956498e-25
1.095670e+02 3.954180e-25
1.098197e+02 3.951868e-25
1.100729e+02 3.949561e-25
1.103268e+02 3.947259e-25
1.105812e+02 3.944961e-25
1.108362e+02 3.942669e-25
1.110918e+02 3.940382e-25
1.113480e+02 3.938100e-25
1.116047e+02 3.935823e-25
1.118621e+02 3.933551e-25
1.121200e+02 3.931284e-25
1.123786e+02 3.929022e-25
1.126377e+02 3.926765e-25
1.128975e+02 3.924512e-25
1.131578e+02 3.922265e-25
1.134188e+02 3.920023e-25
1.136803e+02 3.917786e-25
1.139425e+02 3.915553e-25
1.142052e+02 3.913326e-25
1.144686e+02 3.911103e-25
1.147325e+02 3.908886e-25
1.149971e+02 3.906673e-25
1.152623e+02 3.904465e-25
1.155281e+02 3.902263e-25
1.157945e+02 3.900065e-25
1.160615e+02 3.897872e-25
1.163292e+02 3.895683e-25
1.165974e+02 3.893500e-25
1.168663e+02 3.891322e-25
1.171358e+02 3.889148e-25
1.174059e+02 3.886980e-25
1.176766e+02 3.884816e-25
1.179480e+02 3.882657e-25
1.182200e+02 3.880503e-25
1.184926e+02 3.878354e-25
1.187658e+02 3.876209e-25
1.190397e+02 3.874070e-25
1.193142e+02 3.871935e-25
1.195894e+02 3.869805e-25
1.198651e+02 3.867680e-25
1.201416e+02 3.865560e-25
1.204186e+02 3.863444e-25
1.206963e+02 3.861334e-25
1.209746e+02 3.859228e-25
1.212536e+02 3.857127e-25
1.215332e+02 3.855031e-25
1.218134e+02 3.852939e-25
1.220943e+02 3.850852e-25
1.223759e+02 3.848771e-25
1.226581e+02 3.846693e-25
1.229410e+02 3.844621e-25
1.232245e+02 3.842554e-25
1.235086e+02 3.840491e-25
1.237934e+02 3.838433e-25
1.240789e+02 3.836380e-25
1.243650e+02 3.834331e-25
1.246518e+02 3.832287e-25
1.249393e+02 3.830248e-25
1.252274e+02 3.828214e-25
1.255161e+02 3.826185e-25
1.258056e+02 3.824160e-25
1.260957e+02 3.822140e-25
1.263865e+02 3.820125e-25
1.266779e+02 3.818114e-25
1.269700e+02 3.816108e-25
1.272628e+02 3.814107e-25
1.275563e+02 3.812111e-25
1.278504e+02 3.810119e-25
1.281453e+02 3.808132e-25
1.284408e+02 3.806150e-25
1.287370e+02 3.804173e-25
1.290338e+02 3.802200e-25
1.293314e+02 3.800232e-25
1.296296e+02 3.798268e-25
1.299285e+02 3.796310e-25
1.302282e+02 3.794356e-25
1.305285e+02 3.792407e-25
1.308295e+02 3.790462e-25
1.311312e+02 3.788522e-25
1.314335e+02 3.786587e-25
1.317366e+02 3.784656e-25
1.320404e+02 3.782730e-25
1.323449e+02 3.780809e-25
1.326501e+02 3.778893e-25
1.329560e+02 3.776981e-25
1.332626e+02 3.775074e-25
1.335699e+02 3.773172e-25
1.338779e+02 3.771274e-25
1.341866e+02 3.769381e-25
1.344961e+02 3.767492e-25
1.348062e+02 3.765609e-25
1.351171e+02 3.763730e-25
1.354287e+02 3.761855e-25
1.357410e+02 3.759985e-25
1.360540e+02 3.758120e-25
1.363677e+02 3.756260e-25
1.366822e+02 3.754404e-25
1.369974e+02 3.752553e-25
1.373133e+02 3.750707e-25
1.376299e+02 3.748865e-25
1.379473e+02 3.747028e-25
1.382654e+02 3.745195e-25
1.385843e+02 3.743368e-25
1.389038e+02 3.741545e-25
1.392241e+02 3.739726e-25
1.395452e+02 3.737912e-25
1.398670e+02 3.736103e-25
1.401895e+02 3.734299e-25
1.405128e+02 3.732499e-25
1.408368e+02 3.730704e-25
1.411616e+02 3.728913e-25
1.414871e+02 3.727127e-25
1.418134e+02 3.725346e-25
1.421404e+02 3.723570e-25
1.424682e+02 3.721798e-25
1.427967e+02 3.720030e-25
1.431260e+02 3.718268e-25
1.434561e+02 3.716510e-25
1.437869e+02 3.714757e-25
1.441184e+02 3.713008e-25
1.444508e+02 3.711264e-25
1.447839e+02 3.709525e-25
1.451178e+02 3.707790e-25
1.454524e+02 3.706060e-25
1.457878e+02 3.704335e-25
1.461240e+02 3.702614e-25
1.464610e+02 3.700898e-25
1.467987e+02 3.699187e-25
1.471372e+02 3.697480e-25
1.474765e+02 3.695778e-25
1.478166e+02 3.694080e-25
1.481575e+02 3.692388e-25
1.484991e+02 3.690700e-25
1.488416e+02 3.689016e-25
1.491848e+02 3.687337e-25
1.495288e+02 3.685663e-25
1.498736e+02 3.683994e-25
1.502192e+02 3.682329e-25
1.505657e+02 3.680669e-25
1.509129e+02 3.679014e-25
1.512609e+02 3.677363e-25
1.516097e+02 3.675717e-25
1.519593e+02 3.674075e-25
1.523097e+02 3.672439e-25
1.526609e+02 3.670807e-25
1.530130e+02 3.669179e-25
1.533658e+02 3.667557e-25
1.537195e+02 3.665939e-25
1.540740e+02 3.664325e-25
1.544293e+02 3.662717e-25
1.547854e+02 3.661113e-25
1.551423e+02 3.659514e-25
1.555001e+02 3.657919e-25
1.558587e+02 3.656329e-25
1.562181e+02 3.654744e-25
1.565783e+02 3.653164e-25
1.569394e+02 3.651588e-25
1.573013e+02 3.650017e-25
1.576640e+02 3.648450e-25
1.580276e+02 3.646889e-25
1.583920e+02 3.645332e-25
1.587573e+02 3.643780e-25
1.591233e+02 3.642232e-25
1.594903e+02 3.640689e-25
1.598581e+02 3.639151e-25
1.602267e+02 3.637618e-25
1.605962e+02 3.636089e-25
1.609665e+02 3.634565e-25
1.613377e+02 3.633046e-25
1.617098e+02 3.631532e-25
1.620827e+02 3.630022e-25
1.624564e+02 3.628517e-25
1.628311e+02 3.627017e-25
1.632065e+02 3.625522e-25
1.635829e+02 3.624031e-25
1.639601e+02 3.622545e-25
1.643382e+02 3.621064e-25
1.647172e+02 3.619587e-25
1.650970e+02 3.618116e-25
1.654777e+02 3.616649e-25
1.658593e+02 3.615187e-25
1.662418e+02 3.613729e-25
1.666252e+02 3.612277e-25
1.670094e+02 3.610829e-25
1.673945e+02 3.609386e-25
1.677805e+02 3.607948e-25
1.681674e+02 3.606514e-25
1.685552e+02 3.605086e-25
1.689439e+02 3.603662e-25
1.693335e+02 3.602243e-25
1.697240e+02 3.600829e-25
1.701154e+02 3.599419e-25
1.705077e+02 3.598015e-25
1.709009e+02 3.596615e-25
1.712950e+02 3.595220e-25
1.716900e+02 3.593830e-25
1.720859e+02 3.592445e-25
1.724827e+02 3.591064e-25
1.728805e+02 3.589689e-25
1.732791e+02 3.588318e-25
1.736787e+02 3.586952e-25
1.740792e+02 3.585591e-25
1.744806e+02 3.584235e-25
1.748830e+02 3.582884e-25
1.752863e+02 3.581537e-25
1.756905e+02 3.580196e-25
1.760956e+02 3.578859e-25
1.765017e+02 3.577527e-25
1.769087e+02 3.576201e-25
1.773167e+02 3.574879e-25
1.777256e+02 3.573562e-25
1.781354e+02 3.572249e-25
1.785462e+02 3.570942e-25
1.789579e+02 3.569640e-25
1.793706e+02 3.568342e-25
1.797842e+02 3.567050e-25
1.801988e+02 3.565762e-25
1.806143e+02 3.564480e-25
1.810308e+02 3.563202e-25
1.814483e+02 3.561929e-25
1.818667e+02 3.560662e-25
1.822861e+02 3.559399e-25
1.827065e+02 3.558141e-25
1.831278e+02 3.556888e-25
1.835501e+02 3.555640e-25
1.839734e+02 3.554398e-25
1.843976e+02 3.553160e-25
1.848228e+02 3.551927e-25
1.852490e+02 3.550699e-25
1.856762e+02 3.549476e-25
1.861044e+02 3.548258e-25
1.865335e+02 3.547046e-25
1.869637e+02 3.545838e-25
1.873948e+02 3.544635e-25
1.878270e+02 3.543437e-25
1.882601e+02 3.542245e-25
1.886942e+02 3.541057e-25
1.891293e+02 3.539875e-25
1.895655e+02 3.538697e-25
1.900026e+02 3.537525e-25
1.904408e+02 3.536358e-25
1.908799e+02 3.535195e-25
1.913201e+02 3.534038e-25
1.917613e+02 3.532886e-25
1.922035e+02 3.531740e-25
1.926467e+02 3.530598e-25
1.930910e+02 3.529461e-25
1.935362e+02 3.528330e-25
1.939825e+02 3.527203e-25
1.944298e+02 3.526082e-25
1.948782e+02 3.524966e-25
1.953276e+02 3.523855e-25
1.957780e+02 3.522750e-25
1.962295e+02 3.521649e-25
1.966820e+02 3.520554e-25
1.971355e+02 3.519464e-25
1.975901e+02 3.518379e-25
1.980458e+02 3.517299e-25
1.985025e+02 3.516225e-25
1.989602e+02 3.515155e-25
1.994190e+02 3.514091e-25
1.998789e+02 3.513033e-25
2.003398e+02 3.511979e-25
2.008018e+02 3.510931e-25
2.012648e+02 3.509888e-25
2.017290e+02 3.508850e-25
2.021942e+02 3.507818e-25
2.026604e+02 3.506790e-25
2.031277e+02 3.505769e-25
2.035962e+02 3.504752e-25
2.040657e+02 3.503741e-25
2.045362e+02 3.502735e-25
2.050079e+02 3.501735e-25
2.054806e+02 3.500739e-25
2.059545e+02 3.499750e-25
2.064294e+02 3.498765e-25
2.069054e+02 3.497786e-25
2.073826e+02 3.496812e-25
2.078608e+02 3.495844e-25
2.083401e+02 3.494881e-25
2.088206e+02 3.493924e-25
2.093021e+02 3.492971e-25
2.097848e+02 3.492025e-25
2.102685e+02 3.491084e-25
2.107534e+02 3.490148e-25
2.112394e+02 3.489218e-25
2.117265e+02 3.488293e-25
2.122148e+02 3.487373e-25
2.127041e+02 3.486460e-25
2.131946e+02 3.485551e-25
2.136863e+02 3.484648e-25
2.141790e+02 3.483751e-25
2.146729e+02 3.482859e-25
2.151680e+02 3.481973e-25
2.156641e+02 3.481092e-25
2.161615e+02 3.480217e-25
2.166599e+02 3.479347e-25
2.171595e+02 3.478483e-25
2.176603e+02 3.477625e-25
2.181622e+02 3.476772e-25
2.186653e+02 3.475925e-25
2.191696e+02 3.475083e-25
2.196750e+02 3.474247e-25
2.201816e+02 3.473417e-25
2.206893e+02 3.472592e-25
2.211982e+02 3.471773e-25
2.217083e+02 3.470960e-25
2.222195e+02 3.470152e-25
2.227320e+02 3.469350e-25
2.232456e+02 3.468554e-25
2.237604e+02 3.467764e-25
2.242764e+02 3.466979e-25
2.247936e+02 3.466200e-25
2.253120e+02 3.465426e-25
2.258315e+02 3.464659e-25
2.263523e+02 3.463897e-25
2.268743e+02 3.463141e-25
2.273975e+02 3.462391e-25
2.279218e+02 3.461647e-25
2.284474e+02 3.460908e-25
2.289742e+02 3.460176e-25
2.295022e+02 3.459449e-25
2.300315e+02 3.458728e-25
2.305619e+02 3.458013e-25
2.310936e+02 3.457303e-25
2.316265e+02 3.456600e-25
2.321606e+02 3.455903e-25
2.326960e+02 3.455211e-25
2.332326e+02 3.454526e-25
2.337704e+02 3.453846e-25
2.343095e+02 3.453172e-25
2.348498e+02 3.452505e-25
2.353914e+02 3.451843e-25
2.359342e+02 3.451187e-25
2.364783e+02 3.450538e-25
2.370236e+02 3.449894e-25
2.375702e+02 3.449256e-25
2.381180e+02 3.448625e-25
2.386671e+02 3.447999e-25
2.392175e+02 3.447380e-25
2.397691e+02 3.446767e-25
2.403220e+02 3.446159e-25
2.408762e+02 3.445558e-25
2.414317e+02 3.444963e-25
2.419884e+02 3.444374e-25
2.425465e+02 3.443792e-25
2.431058e+02 3.443215e-25
2.436664e+02 3.442645e-25
2.442283e+02 3.442081e-25
2.447915e+02 3.441523e-25
2.453560e+02 3.440971e-25
2.459217e+02 3.440425e-25
2.464888e+02 3.439886e-25
2.470572e+02 3.439353e-25
2.476270e+02 3.438827e-25
2.481980e+02 3.438306e-25
2.487703e+02 3.437792e-25
2.493440e+02 3.437284e-25
2.499190e+02 3.436783e-25
2.504953e+02 3.436288e-25
2.510730e+02 3.435799e-25
2.516519e+02 3.435317e-25
2.522322e+02 3.434841e-25
2.528139e+02 3.434372e-25
2.533969e+02 3.433909e-25
2.539812e+02 3.433452e-25
2.545669e+02 3.433002e-25
2.551539e+02 3.432558e-25
2.557423e+02 3.432121e-25
2.563321e+02 3.431690e-25
2.569232e+02 3.431266e-25
2.575156e+02 3.430849e-25
2.581095e+02 3.430437e-25
2.587047e+02 3.430033e-25
2.593012e+02 3.429635e-25
2.598992e+02 3.429244e-25
2.604985e+02 3.428859e-25
2.610992e+02 3.428481e-25
2.617013e+02 3.428109e-25
2.623048e+02 3.427745e-25
2.629097e+02 3.427387e-25
2.635160e+02 3.427035e-25
2.641236e+02 3.426690e-25
2.647327e+02 3.426352e-25
2.653432e+02 3.426021e-25
2.659551e+02 3.425697e-25
2.665684e+02 3.425379e-25
2.671831e+02 3.425068e-25
2.677992e+02 3.424764e-25
2.684167e+02 3.424467e-25
2.690357e+02 3.424176e-25
2.696561e+02 3.423893e-25
2.702779e+02 3.423616e-25
2.709012e+02 3.423346e-25
2.715259e+02 3.423084e-25
2.721520e+02 3.422828e-25
2.727796e+02 3.422579e-25
2.734087e+02 3.422337e-25
2.740391e+02 3.422102e-25
2.746711e+02 3.421873e-25
2.753045e+02 3.421652e-25
2.759393e+02 3.421438e-25
2.765756e+02 3.421231e-25
2.772134e+02 3.421032e-25
2.778527e+02 3.420839e-25
2.784934e+02 3.420653e-25
2.791356e+02 3.420475e-25
2.797793e+02 3.420303e-25
2.804245e+02 3.420139e-25
2.810712e+02 3.419982e-25
2.817193e+02 3.419832e-25
2.823690e+02 3.419689e-25
2.830201e+02 3.419554e-25
2.836727e+02 3.419426e-25
2.843269e+02 3.419305e-25
2.849826e+02 3.419191e-25
2.856397e+02 3.419085e-25
2.862984e+02 3.418986e-25
2.869586e+02 3.418894e-25
2.876203e+02 3.418810e-25
2.882836e+02 3.418733e-25
2.889484e+02 3.418663e-25
2.896147e+02 3.418601e-25
2.902826e+02 3.418547e-25
2.909520e+02 3.418500e-25
2.916229e+02 3.418460e-25
2.922954e+02 3.418428e-25
2.929694e+02 3.418403e-25
2.936450e+02 3.418386e-25
2.943221e+02 3.418377e-25
2.950009e+02 3.418375e-25
2.956811e+02 3.418380e-25
2.963630e+02 3.418394e-25
2.970464e+02 3.418414e-25
2.977314e+02 3.418443e-25
2.984179e+02 3.418479e-25
2.991061e+02 3.418523e-25
2.997958e+02 3.418575e-25
3.004872e+02 3.418634e-25
3.011801e+02 3.418702e-25
3.018746e+02 3.418776e-25
3.025708e+02 3.418859e-25
3.032685e+02 3.418950e-25
3.039678e+02 3.419048e-25
3.046688e+02 3.419155e-25
3.053713e+02 3.419269e-25
3.060755e+02 3.419391e-25
3.067813e+02 3.419521e-25
3.074888e+02 3.419659e-25
3.081979e+02 3.419805e-25
3.089086e+02 3.419959e-25
3.096209e+02 3.420121e-25
3.103349e+02 3.420291e-25
3.110505e+02 3.420469e-25
3.117678e+02 3.420656e-25
3.124868e+02 3.420850e-25
3.132073e+02 3.421052e-25
3.139296e+02 3.421263e-25
3.146535e+02 3.421482e-25
3.153791e+02 3.421709e-25
3.161064e+02 3.421944e-25
3.168353e+02 3.422187e-25
3.175660e+02 3.422439e-25
3.182983e+02 3.422699e-25
3.190323e+02 3.422968e-25
3.197680e+02 3.423244e-25
3.205053e+02 3.423529e-25
3.212444e+02 3.423823e-25
3.219852e+02 3.424124e-25
3.227277e+02 3.424435e-25
3.234719e+02 3.424753e-25
3.242179e+02 3.425080e-25
3.249655e+02 3.425416e-25
3.257149e+02 3.425760e-25
3.264660e+02 3.426113e-25
3.272188e+02 3.426474e-25
3.279734e+02 3.426844e-25
3.287297e+02 3.427223e-25
3.294878e+02 3.427610e-25
3.302476e+02 3.428005e-25
3.310091e+02 3.428410e-25
3.317724e+02 3.428823e-25
3.325375e+02 3.429245e-25
3.333043e+02 3.429676e-25
3.340729e+02 3.430115e-25
3.348433e+02 3.430564e-25
3.356155e+02 3.431021e-25
3.363894e+02 3.431487e-25
3.371651e+02 3.431962e-25
3.379426e+02 3.432445e-25
3.387219e+02 3.432938e-25
3.395030e+02 3.433440e-25
3.402859e+02 3.433951e-25
3.410706e+02 3.434470e-25
3.418571e+02 3.434999e-25
3.426454e+02 3.435537e-25
3.434356e+02 3.436084e-25
3.442275e+02 3.436640e-25
3.450213e+02 3.437205e-25
3.458170e+02 3.437779e-25
3.466144e+02 3.438363e-25
3.474137e+02 3.438956e-25
3.482148e+02 3.439558e-25
3.490178e+02 3.440169e-25
3.498227e+02 3.440790e-25
3.506294e+02 3.441420e-25
3.514379e+02 3.442059e-25
3.522483e+02 3.442708e-25
3.530606e+02 3.443366e-25
3.538748e+02 3.444033e-25
3.546908e+02 3.444711e-25
3.555087e+02 3.445397e-25
3.563285e+02 3.446093e-25
3.571502e+02 3.446799e-25
3.579738e+02 3.447514e-25
3.587993e+02 3.448239e-25
3.596267e+02 3.448974e-25
3.604560e+02 3.449718e-25
3.612872e+02 3.450472e-25
3.621204e+02 3.451236e-25
3.629554e+02 3.452009e-25
3.637924e+02 3.452792e-25
3.646313e+02 3.453585e-25
3.654721e+02 3.454388e-25
3.663149e+02 3.455201e-25
3.671597e+02 3.456024e-25
3.680063e+02 3.456857e-25
3.688550e+02 3.457700e-25
3.697055e+02 3.458553e-25
3.705581e+02 3.459415e-25
3.714126e+02 3.460288e-25
3.722691e+02 3.461172e-25
3.731275e+02 3.462065e-25
3.739880e+02 3.462969e-25
3.748504e+02 3.463882e-25
3.757148e+02 3.464806e-25
3.765812e+02 3.465741e-25
3.774496e+02 3.466686e-25
3.783200e+02 3.467641e-25
3.791924e+02 3.468607e-25
3.800668e+02 3.469583e-25
3.809433e+02 3.470570e-25
3.818217e+02 3.471567e-25
3.827022e+02 3.472575e-25
3.835847e+02 3.473594e-25
3.844693e+02 3.474624e-25
3.853558e+02 3.475664e-25
3.862445e+02 3.476715e-25
3.871352e+02 3.477778e-25
3.880279e+02 3.478851e-25
3.889227e+02 3.479935e-25
3.898196e+02 3.481031e-25
3.907185e+02 3.482138e-25
3.916195e+02 3.483256e-25
3.925226e+02 3.484385e-25
3.934277e+02 3.485527e-25
3.943350e+02 3.486680e-25
3.952443e+02 3.487844e-25
3.961557e+02 3.489021e-25
3.970693e+02 3.490210e-25
3.979849e+02 3.491411e-25
3.989027e+02 3.492624e-25
3.998226e+02 3.493850e-25
4.007445e+02 3.495089e-25
4.016687e+02 3.496342e-25
4.025949e+02 3.497608e-25
4.035233e+02 3.498888e-25
4.044538e+02 3.500182e-25
4.053865e+02 3.501491e-25
4.063213e+02 3.502816e-25
4.072583e+02 3.504156e-25
4.081975e+02 3.505514e-25
4.091388e+02 3.506891e-25
4.100822e+02 3.508286e-25
4.110279e+02 3.509703e-25
4.119757e+02 3.511142e-25
4.129257e+02 3.512607e-25
4.138780e+02 3.514101e-25
4.148324e+02 3.515627e-25
4.157890e+02 3.517191e-25
4.167478e+02 3.518801e-25
4.177088e+02 3.520465e-25
4.186720e+02 3.522198e-25
4.196375e+02 3.524018e-25
4.206052e+02 3.525953e-25
4.215751e+02 3.528046e-25
4.225473e+02 3.530362e-25
4.235217e+02 3.533010e-25
4.244983e+02 3.536176e-25
4.254772e+02 3.540211e-25
4.264584e+02 3.545824e-25
4.274418e+02 3.554660e-25
4.284275e+02 3.571262e-25
4.294154e+02 3.612373e-25
4.304056e+02 3.785421e-25
4.313982e+02 8.881527e-25
4.323930e+02 4.058964e-25
4.333901e+02 3.650009e-25
4.343895e+02 3.588546e-25
4.353912e+02 3.569724e-25
4.363952e+02 3.562307e-25
4.374015e+02 3.559185e-25
4.384102e+02 3.558035e-25
4.394212e+02 3.557918e-25
4.404345e+02 3.558396e-25
4.414501e+02 3.559243e-25
4.424681e+02 3.560332e-25
4.434884e+02 3.561589e-25
4.445111e+02 3.562965e-25
4.455362e+02 3.564432e-25
4.465636e+02 3.565969e-25
4.475934e+02 3.567560e-25
4.486255e+02 3.569198e-25
4.496600e+02 3.570873e-25
4.506970e+02 3.572581e-25
4.517363e+02 3.574318e-25
4.527780e+02 3.576081e-25
4.538221e+02 3.577867e-25
4.548686e+02 3.579675e-25
4.559175e+02 3.581503e-25
4.569689e+02 3.583349e-25
4.580227e+02 3.585214e-25
4.590789e+02 3.587096e-25
4.601375e+02 3.588995e-25
4.611986e+02 3.590910e-25
4.622621e+02 3.592841e-25
4.633281e+02 3.594787e-25
4.643965e+02 3.596748e-25
4.654674e+02 3.598724e-25
4.665408e+02 3.600715e-25
4.676166e+02 3.602721e-25
4.686950e+02 3.604741e-25
4.697758e+02 3.606775e-25
4.708591e+02 3.608824e-25
4.719449e+02 3.610887e-25
4.730332e+02 3.612964e-25
4.741240e+02 3.615055e-25
4.752174e+02 3.617160e-25
4.763132e+02 3.619279e-25
4.774116e+02 3.621412e-25
4.785125e+02 3.623559e-25
4.796160e+02 3.625720e-25
4.807220e+02 3.627895e-25
4.818305e+02 3.630084e-25
4.829416e+02 3.632287e-25
4.840553e+02 3.634504e-25
4.851715e+02 3.636735e-25
4.862903e+02 3.638980e-25
4.874117e+02 3.641239e-25
4.885357e+02 3.643512e-25
4.896623e+02 3.645799e-25
4.907914e+02 3.648101e-25
4.919232e+02 3.650416e-25
4.930576e+02 3.652746e-25
4.941946e+02 3.655090e-25
4.953342e+02 3.657450e-25
4.964764e+02 3.659809e-25
4.976213e+02 3.662202e-25
4.987688e+02 3.664603e-25
4.999190e+02 3.667018e-25
5.010718e+02 3.669448e-25
5.022273e+02 3.671891e-25
5.033854e+02 3.674349e-25
5.045462e+02 3.676821e-25
5.057097e+02 3.679308e-25
5.068759e+02 3.681809e-25
5.080447e+02 3.684325e-25
5.092163e+02 3.686856e-25
5.103906e+02 3.689400e-25
5.115675e+02 3.691960e-25
5.127472e+02 3.694534e-25
5.139296e+02 3.697123e-25
5.151147e+02 3.699727e-25
5.163026e+02 3.702345e-25
5.174932e+02 3.704978e-25
5.186865e+02 3.707626e-25
5.198826e+02 3.710289e-25
5.210815e+02 3.712967e-25
5.222831e+02 3.715659e-25
5.234875e+02 3.718367e-25
5.246946e+02 3.721090e-25
5.259046e+02 3.723827e-25
5.271173e+02 3.726580e-25
5.283329e+02 3.729348e-25
5.295512e+02 3.732131e-25
5.307724e+02 3.734930e-25
5.319963e+02 3.737743e-25
5.332231e+02 3.740572e-25
5.344527e+02 3.743417e-25
5.356852e+02 3.746276e-25
5.369205e+02 3.749151e-25
5.381586e+02 3.752041e-25
5.393996e+02 3.754947e-25
5.406435e+02 3.757869e-25
5.418902e+02 3.760806e-25
5.431398e+02 3.763758e-25
5.443923e+02 3.766726e-25
5.456477e+02 3.769710e-25
5.469059e+02 3.772710e-25
5.481671e+02 3.775725e-25
5.494312e+02 3.778756e-25
5.506982e+02 3.781803e-25
5.519681e+02 3.784866e-25
5.532409e+02 3.787945e-25
5.545167e+02 3.791039e-25
5.557954e+02 3.794150e-25
5.570771e+02 3.797277e-25
5.583617e+02 3.800419e-25
5.596493e+02 3.803578e-25
5.609399e+02 3.806753e-25
5.622334e+02 3.809944e-25
5.635299e+02 3.813152e-25
5.648294e+02 3.816375e-25
5.661319e+02 3.819615e-25
5.674374e+02 3.822872e-25
5.687459e+02 3.826144e-25
5.700575e+02 3.829434e-25
5.713720e+02 3.832739e-25
5.726896e+02 3.836061e-25
5.740102e+02 3.839400e-25
5.753339e+02 3.842755e-25
5.766606e+02 3.846127e-25
5.779904e+02 3.849516e-25
5.793233e+02 3.852921e-25
5.806592e+02 3.856343e-25
5.819982e+02 3.859782e-25
5.833403e+02 3.863238e-25
5.846855e+02 3.866711e-25
5.860338e+02 3.870200e-25
5.873852e+02 3.873707e-25
5.887397e+02 3.877230e-25
5.900973e+02 3.880771e-25
5.914581e+02 3.884329e-25
5.928220e+02 3.887903e-25
5.941890e+02 3.891495e-25
5.955593e+02 3.895105e-25
5.969326e+02 3.898731e-25
5.983091e+02 3.902375e-25
5.996889e+02 3.906036e-25
6.010717e+02 3.909715e-25
6.024578e+02 3.913411e-25
6.038471e+02 3.917124e-25
6.052396e+02 3.920855e-25
6.066353e+02 3.924604e-25
6.080342e+02 3.928370e-25
6.094363e+02 3.932153e-25
6.108417e+02 3.935955e-25
6.122503e+02 3.939774e-25
6.136621e+02 3.943611e-25
6.150772e+02 3.947466e-25
6.164956e+02 3.951339e-25
6.179172e+02 3.955229e-25
6.193422e+02 3.959138e-25
6.207704e+02 3.963064e-25
6.222019e+02 3.967009e-25
6.236367e+02 3.970971e-25
6.250748e+02 3.974952e-25
6.265162e+02 3.978951e-25
6.279610e+02 3.982968e-25
6.294090e+02 3.987003e-25
6.308605e+02 3.991057e-25
6.323152e+02 3.995129e-25
6.337734e+02 3.999219e-25
6.352348e+02 4.003328e-25
6.366997e+02 4.007456e-25
6.381679e+02 4.011601e-25
6.396396e+02 4.015766e-25
6.411146e+02 4.019949e-25
6.425930e+02 4.024150e-25
6.440748e+02 4.028371e-25
6.455600e+02 4.032610e-25
6.470487e+02 4.036868e-25
6.485408e+02 4.041144e-25
6.500364e+02 4.045440e-25
6.515353e+02 4.049754e-25
6.530378e+02 4.054088e-25
6.545437e+02 4.058440e-25
6.560531e+02 4.062812e-25
6.575659e+02 4.067202e-25
6.590823e+02 4.071612e-25
6.606021e+02 4.076041e-25
6.621255e+02 4.080489e-25
6.636524e+02 4.084957e-25
6.651828e+02 4.089444e-25
6.667167e+02 4.093950e-25
6.682541e+02 4.098475e-25
6.697951e+02 4.103020e-25
6.713397e+02 4.107585e-25
6.728878e+02 4.112169e-25
6.744395e+02 4.116773e-25
6.759947e+02 4.121396e-25
6.775536e+02 4.126039e-25
6.791160e+02 4.130702e-25
6.806821e+02 4.135385e-25
6.822517e+02 4.140087e-25
6.838250e+02 4.144809e-25
6.854019e+02 4.149551e-25
6.869825e+02 4.154314e-25
6.885666e+02 4.159096e-25
6.901545e+02 4.163898e-25
6.917460e+02 4.168720e-25
6.933412e+02 4.173563e-25
6.949400e+02 4.178426e-25
6.965425e+02 4.183309e-25
6.981488e+02 4.188212e-25
6.997587e+02 4.193136e-25
7.013724e+02 4.198080e-25
7.029897e+02 4.203044e-25
7.046108e+02 4.208029e-25
7.062357e+02 4.213035e-25
7.078643e+02 4.218061e-25
7.094966e+02 4.223107e-25
7.111327e+02 4.228175e-25
7.127726e+02 4.233263e-25
7.144162e+02 4.238372e-25
7.160637e+02 4.243502e-25
7.177149e+02 4.248652e-25
7.193700e+02 4.253824e-25
7.210289e+02 4.259016e-25
7.226916e+02 4.264230e-25
7.243581e+02 4.269464e-25
7.260285e+02 4.274720e-25
7.277027e+02 4.279997e-25
7.293808e+02 4.285295e-25
7.310627e+02 4.290614e-25
7.327486e+02 4.295955e-25
7.344383e+02 4.301317e-25
7.361319e+02 4.306700e-25
7.378294e+02 4.312105e-25
7.395309e+02 4.317531e-25
7.412363e+02 4.322979e-25
7.429455e+02 4.328449e-25
7.446588e+02 4.333940e-25
7.463760e+02 4.339453e-25
7.480971e+02 4.344987e-25
7.498222e+02 4.350544e-25
7.515513e+02 4.356122e-25
7.532844e+02 4.361722e-25
7.550215e+02 4.367344e-25
7.567626e+02 4.372989e-25
7.585077e+02 4.378655e-25
7.602568e+02 4.384343e-25
7.620100e+02 4.390054e-25
7.637672e+02 4.395786e-25
7.655284e+02 4.401541e-25
7.672937e+02 4.407319e-25
7.690631e+02 4.413118e-25
7.708366e+02 4.418941e-25
7.726141e+02 4.424785e-25
7.743958e+02 4.430652e-25
7.761816e+02 4.436542e-25
7.779714e+02 4.442454e-25
7.797654e+02 4.448389e-25
7.815636e+02 4.454347e-25
7.833659e+02 4.460328e-25
7.851723e+02 4.466332e-25
7.869829e+02 4.472358e-25
7.887977e+02 4.478407e-25
7.906167e+02 4.484480e-25
7.924399e+02 4.490576e-25
7.942672e+02 4.496694e-25
7.960988e+02 4.502836e-25
7.979346e+02 4.509002e-25
7.997747e+02 4.515191e-25
8.016190e+02 4.521403e-25
8.034675e+02 4.527639e-25
8.053203e+02 4.533898e-25
8.071774e+02 4.540182e-25
8.090387e+02 4.546489e-25
8.109044e+02 4.552820e-25
8.127744e+02 4.559175e-25
8.146486e+02 4.565555e-25
8.165272e+02 4.571959e-25
8.184101e+02 4.578388e-25
8.202974e+02 4.584843e-25
8.221890e+02 4.591322e-25
8.240850e+02 4.597828e-25
8.259853e+02 4.604361e-25
8.278900e+02 4.610922e-25
8.297992e+02 4.617512e-25
8.317127e+02 4.624134e-25
8.336306e+02 4.630792e-25
8.355530e+02 4.637491e-25
8.374798e+02 4.644244e-25
8.394110e+02 4.651071e-25
8.413467e+02 4.658019e-25
8.432868e+02 4.665204e-25
8.452315e+02 4.672987e-25
8.471806e+02 4.683036e-25
8.491342e+02 4.714995e-25
8.510923e+02 4.894690e-25
8.530549e+02 4.707607e-25
8.550221e+02 4.707880e-25
8.569938e+02 4.713232e-25
8.589700e+02 4.719571e-25
8.609508e+02 4.726241e-25
8.629361e+02 4.733064e-25
8.649261e+02 4.739974e-25
8.669206e+02 4.746943e-25
8.689197e+02 4.753957e-25
8.709235e+02 4.761009e-25
8.729318e+02 4.768095e-25
8.749448e+02 4.775211e-25
8.769624e+02 4.782357e-25
8.789847e+02 4.789532e-25
8.810117e+02 4.796733e-25
8.830433e+02 4.803963e-25
8.850796e+02 4.811219e-25
8.871206e+02 4.818501e-25
8.891663e+02 4.825810e-25
8.912167e+02 4.833146e-25
8.932719e+02 4.840508e-25
8.953318e+02 4.847896e-25
8.973964e+02 4.855311e-25
8.994658e+02 4.862751e-25
9.015400e+02 4.870219e-25
9.036189e+02 4.877712e-25
9.057027e+02 4.885232e-25
9.077913e+02 4.892778e-25
9.098846e+02 4.900351e-25
9.119828e+02 4.907950e-25
9.140859e+02 4.915576e-25
9.161938e+02 4.923229e-25
9.183065e+02 4.930908e-25
9.204241e+02 4.938613e-25
9.225466e+02 4.946346e-25
9.246740e+02 4.954105e-25
9.268063e+02 4.961891e-25
9.289436e+02 4.969704e-25
9.310857e+02 4.977544e-25
9.332328e+02 4.985411e-25
9.353848e+02 4.993305e-25
9.375419e+02 5.001226e-25
9.397038e+02 5.009174e-25
9.418708e+02 5.017150e-25
9.440428e+02 5.025153e-25
9.462197e+02 5.033183e-25
9.484017e+02 5.041241e-25
9.505887e+02 5.049326e-25
9.527808e+02 5.057438e-25
9.549779e+02 5.065579e-25
9.571801e+02 5.073746e-25
9.593874e+02 5.081942e-25
9.615997e+02 5.090166e-25
9.638172e+02 5.098417e-25
9.660398e+02 5.106696e-25
9.682674e+02 5.115003e-25
9.705003e+02 5.123338e-25
9.727383e+02 5.131702e-25
9.749814e+02 5.140093e-25
9.772297e+02 5.148513e-25
9.794832e+02 5.156961e-25
9.817419e+02 5.165437e-25
9.840058e+02 5.173942e-25
9.862749e+02 5.182475e-25
9.885493e+02 5.191037e-25
9.908289e+02 5.199627e-25
9.931138e+02 5.208246e-25
9.954039e+02 5.216894e-25
9.976993e+02 5.225570e-25