1.000000e+00 4.456561e-17
1.002306e+00 4.633447e-17
1.004617e+00 4.822452e-17
1.006934e+00 5.024345e-17
1.009256e+00 5.239952e-17
1.011583e+00 5.485165e-17
1.013916e+00 5.746851e-17
1.016254e+00 6.019770e-17
1.018598e+00 6.297553e-17
1.020947e+00 6.564834e-17
1.023301e+00 6.864845e-17
1.025661e+00 7.183307e-17
1.028026e+00 7.503024e-17
1.030396e+00 7.728870e-17
1.032773e+00 7.836481e-17
1.035154e+00 7.849514e-17
1.037541e+00 7.796011e-17
1.039934e+00 7.692547e-17
1.042332e+00 7.566587e-17
1.044735e+00 7.420969e-17
1.047145e+00 7.258555e-17
1.049559e+00 6.953977e-17
1.051980e+00 6.582339e-17
1.054406e+00 6.179736e-17
1.056837e+00 5.776714e-17
1.059274e+00 5.426547e-17
1.061717e+00 5.101977e-17
1.064165e+00 4.796111e-17
1.066619e+00 4.503387e-17
1.069079e+00 4.231146e-17
1.071544e+00 3.983257e-17
1.074015e+00 3.756769e-17
1.076492e+00 3.549120e-17
1.078974e+00 3.358199e-17
1.081462e+00 3.181416e-17
1.083956e+00 3.017869e-17
1.086456e+00 2.866712e-17
1.088961e+00 2.728544e-17
1.091472e+00 2.600011e-17
1.093989e+00 2.480301e-17
1.096512e+00 2.368678e-17
1.099040e+00 2.265576e-17
1.101575e+00 2.169104e-17
1.104115e+00 2.078739e-17
1.106661e+00 1.994006e-17
1.109213e+00 1.915199e-17
1.111771e+00 1.840944e-17
1.114335e+00 1.770924e-17
1.116904e+00 1.704838e-17
1.119480e+00 1.643028e-17
1.122062e+00 1.584526e-17
1.124649e+00 1.529087e-17
1.127242e+00 1.476490e-17
1.129842e+00 1.426938e-17
1.132447e+00 1.379850e-17
1.135059e+00 1.335063e-17
1.137676e+00 1.292426e-17
1.140300e+00 1.252076e-17
1.142929e+00 1.213565e-17
1.145565e+00 1.176833e-17
1.148207e+00 1.141871e-17
1.150854e+00 1.109102e-17
1.153508e+00 1.080551e-17
1.156168e+00 4.551406e-17
1.158834e+00 1.020946e-17
1.161507e+00 9.889835e-18
1.164185e+00 9.613318e-18
1.166870e+00 9.351957e-18
1.169560e+00 9.101877e-18
1.172257e+00 8.863035e-18
1.174961e+00 8.633376e-18
1.177670e+00 8.412339e-18
1.180386e+00 8.199450e-18
1.183108e+00 7.995292e-18
1.185836e+00 7.798268e-18
1.188571e+00 7.608105e-18
1.191312e+00 7.424547e-18
1.194059e+00 7.248157e-18
1.196812e+00 7.077633e-18
1.199572e+00 6.912712e-18
1.202338e+00 6.753142e-18
1.205111e+00 6.599494e-18
1.207890e+00 6.450744e-18
1.210675e+00 6.306678e-18
1.213467e+00 6.167094e-18
1.216265e+00 6.032361e-18
1.219070e+00 5.901724e-18
1.221881e+00 5.775027e-18
1.224699e+00 5.652121e-18
1.227523e+00 5.533332e-18
1.230354e+00 5.417975e-18
1.233191e+00 5.305936e-18
1.236035e+00 5.197106e-18
1.238885e+00 5.091791e-18
1.241742e+00 4.989420e-18
1.244605e+00 4.889888e-18
1.247475e+00 4.793092e-18
1.250352e+00 4.699289e-18
1.253235e+00 4.608018e-18
1.256125e+00 4.519198e-18
1.259022e+00 4.432750e-18
1.261925e+00 4.348911e-18
1.264835e+00 4.267258e-18
1.267752e+00 4.187721e-18
1.270676e+00 4.110231e-18
1.273606e+00 4.035012e-18
1.276543e+00 3.961707e-18
1.279486e+00 3.890260e-18
1.282437e+00 3.820609e-18
1.285394e+00 3.752911e-18
1.288358e+00 3.686772e-18
1.291329e+00 3.622086e-18
1.294307e+00 3.558859e-18
1.297292e+00 3.497511e-18
1.300283e+00 3.437564e-18
1.303282e+00 3.378907e-18
1.306287e+00 3.321428e-18
1.309300e+00 3.265033e-18
1.312319e+00 3.209552e-18
1.315345e+00 3.154980e-18
1.318378e+00 3.101302e-18
1.321418e+00 3.048612e-18
1.324466e+00 2.996796e-18
1.327520e+00 2.945781e-18
1.330581e+00 2.895488e-18
1.333649e+00 2.845901e-18
1.336725e+00 2.796899e-18
1.339807e+00 2.748415e-18
1.342897e+00 2.701020e-18
1.345994e+00 2.654735e-18
1.349098e+00 2.608964e-18
1.352209e+00 2.563629e-18
1.355327e+00 2.518644e-18
1.358452e+00 2.474035e-18
1.361585e+00 2.429585e-18
1.364725e+00 2.385193e-18
1.367872e+00 2.340749e-18
1.371026e+00 2.296229e-18
1.374188e+00 2.251403e-18
1.377356e+00 2.206143e-18
1.380533e+00 2.160315e-18
1.383716e+00 2.113865e-18
1.386907e+00 2.066569e-18
1.390105e+00 2.018291e-18
1.393311e+00 1.971724e-18
1.396524e+00 1.924752e-18
1.399744e+00 1.877026e-18
1.402972e+00 1.828488e-18
1.406207e+00 1.779094e-18
1.409450e+00 1.728866e-18
1.412700e+00 1.677738e-18
1.415958e+00 1.625721e-18
1.419223e+00 1.572852e-18
1.422496e+00 1.519230e-18
1.425776e+00 1.464902e-18
1.429064e+00 1.409983e-18
1.432359e+00 1.354614e-18
1.435662e+00 1.298981e-18
1.438973e+00 1.243237e-18
1.442291e+00 1.188447e-18
1.445617e+00 1.137173e-18
1.448951e+00 1.086447e-18
1.452292e+00 1.036400e-18
1.455641e+00 9.871797e-19
1.458998e+00 9.389277e-19
1.462362e+00 8.917848e-19
1.465735e+00 8.458584e-19
1.469115e+00 8.012540e-19
1.472502e+00 7.580619e-19
1.475898e+00 7.163624e-19
1.479301e+00 6.762080e-19
1.482713e+00 6.376423e-19
1.486132e+00 6.006937e-19
1.489559e+00 5.653785e-19
1.492994e+00 5.316944e-19
1.496437e+00 5.006107e-19
1.499888e+00 4.719573e-19
1.503346e+00 4.446961e-19
1.506813e+00 4.187925e-19
1.510288e+00 3.942099e-19
1.513770e+00 3.709080e-19
1.517261e+00 3.488445e-19
1.520760e+00 3.279730e-19
1.524267e+00 3.082470e-19
1.527782e+00 2.896188e-19
1.531305e+00 2.720410e-19
1.534836e+00 2.554653e-19
1.538375e+00 2.398443e-19
1.541923e+00 2.251315e-19
1.545479e+00 2.112813e-19
1.549043e+00 1.982492e-19
1.552615e+00 1.864690e-19
1.556195e+00 1.754841e-19
1.559784e+00 1.651277e-19
1.563380e+00 1.553665e-19
1.566986e+00 1.461686e-19
1.570599e+00 1.375035e-19
1.574221e+00 1.293421e-19
1.577851e+00 1.216566e-19
1.581490e+00 1.144204e-19
1.585137e+00 1.076085e-19
1.588792e+00 1.011968e-19
1.592456e+00 9.516255e-20
1.596128e+00 8.948429e-20
1.599809e+00 8.414155e-20
1.603498e+00 7.911503e-20
1.607195e+00 7.440216e-20
1.610902e+00 7.013329e-20
1.614616e+00 6.610777e-20
1.618340e+00 6.231196e-20
1.622072e+00 5.873292e-20
1.625812e+00 5.535846e-20
1.629561e+00 5.217701e-20
1.633319e+00 4.917767e-20
1.637085e+00 4.635011e-20
1.640861e+00 4.368458e-20
1.644644e+00 4.117188e-20
1.648437e+00 3.880331e-20
1.652238e+00 3.657066e-20
1.656048e+00 3.446618e-20
1.659867e+00 3.248255e-20
1.663695e+00 3.061287e-20
1.667531e+00 2.887294e-20
1.671377e+00 2.726728e-20
1.675231e+00 2.575078e-20
1.679094e+00 2.431852e-20
1.682966e+00 2.296581e-20
1.686847e+00 2.168830e-20
1.690737e+00 2.048178e-20
1.694636e+00 1.934233e-20
1.698544e+00 1.826622e-20
1.702460e+00 1.724993e-20
1.706386e+00 1.629016e-20
1.710321e+00 1.538376e-20
1.714265e+00 1.452777e-20
1.718218e+00 1.371939e-20
1.722181e+00 1.295598e-20
1.726152e+00 1.223504e-20
1.730132e+00 1.156733e-20
1.734122e+00 1.094239e-20
1.738121e+00 1.035122e-20
1.742129e+00 9.791984e-21
1.746147e+00 9.262967e-21
1.750173e+00 8.762537e-21
1.754209e+00 8.289150e-21
1.758254e+00 7.841346e-21
1.762309e+00 7.417745e-21
1.766373e+00 7.017040e-21
1.770446e+00 6.637997e-21
1.774529e+00 6.279444e-21
1.778621e+00 5.940275e-21
1.782722e+00 5.619445e-21
1.786833e+00 5.315964e-21
1.790954e+00 5.028894e-21
1.795084e+00 4.763864e-21
1.799223e+00 4.513141e-21
1.803372e+00 4.275555e-21
1.807531e+00 4.050467e-21
1.811699e+00 3.837236e-21
1.815877e+00 3.635236e-21
1.820064e+00 3.443975e-21
1.824261e+00 3.262824e-21
1.828468e+00 3.091231e-21
1.832684e+00 2.928693e-21
1.836911e+00 2.774735e-21
1.841147e+00 2.628904e-21
1.845392e+00 2.490774e-21
1.849648e+00 2.359937e-21
1.853913e+00 2.236014e-21
1.858188e+00 2.119263e-21
1.862473e+00 2.010512e-21
1.866768e+00 1.907383e-21
1.871073e+00 1.809590e-21
1.875388e+00 1.716857e-21
1.879712e+00 1.628923e-21
1.884047e+00 1.545509e-21
1.888391e+00 1.466241e-21
1.892746e+00 1.391054e-21
1.897111e+00 1.319738e-21
1.901486e+00 1.252171e-21
1.905870e+00 1.188251e-21
1.910265e+00 1.127649e-21
1.914670e+00 1.070195e-21
1.919086e+00 1.015873e-21
1.923511e+00 9.645267e-22
1.927947e+00 9.164060e-22
1.932393e+00 8.712414e-22
1.936849e+00 8.281720e-22
1.941315e+00 7.872474e-22
1.945792e+00 7.484251e-22
1.950279e+00 7.116002e-22
1.954776e+00 6.766774e-22
1.959284e+00 6.435574e-22
1.963802e+00 6.121502e-22
1.968331e+00 5.823725e-22
1.972870e+00 5.541448e-22
1.977419e+00 5.273867e-22
1.981979e+00 5.020251e-22
1.986549e+00 4.779951e-22
1.991130e+00 4.552284e-22
1.995722e+00 4.336606e-22
2.000324e+00 4.135470e-22
2.004937e+00 3.948916e-22
2.009560e+00 3.771920e-22
2.014194e+00 3.604024e-22
2.018839e+00 3.448035e-22
2.023495e+00 3.304486e-22
2.028161e+00 3.169497e-22
2.032838e+00 3.042726e-22
2.037525e+00 2.916105e-22
2.042224e+00 2.795401e-22
2.046933e+00 2.681162e-22
2.051654e+00 2.573111e-22
2.056385e+00 2.470986e-22
2.061127e+00 2.374430e-22
2.065880e+00 2.283169e-22
2.070644e+00 2.216221e-22
2.075419e+00 2.160890e-22
2.080205e+00 2.112124e-22
2.085001e+00 2.046704e-22
2.089810e+00 1.942270e-22
2.094629e+00 1.840948e-22
2.099459e+00 1.742691e-22
2.104300e+00 1.663029e-22
2.109153e+00 1.587985e-22
2.114016e+00 1.515458e-22
2.118891e+00 1.459258e-22
2.123778e+00 1.422793e-22
2.128675e+00 1.389624e-22
2.133584e+00 1.359033e-22
2.138504e+00 1.320612e-22
2.143435e+00 1.284398e-22
2.148378e+00 1.250431e-22
2.153332e+00 1.211087e-22
2.158298e+00 1.169587e-22
2.163275e+00 1.129465e-22
2.168263e+00 1.094485e-22
2.173263e+00 1.069103e-22
2.178275e+00 1.045143e-22
2.183298e+00 1.022516e-22
2.188333e+00 1.001254e-22
2.193379e+00 9.811624e-23
2.198437e+00 9.621619e-23
2.203507e+00 9.363987e-23
2.208588e+00 9.079519e-23
2.213681e+00 8.802153e-23
2.218786e+00 8.627764e-23
2.223902e+00 8.599094e-23
2.229031e+00 8.581853e-23
2.234171e+00 8.702382e-23
2.239323e+00 9.519018e-23
2.244487e+00 1.038589e-22
2.249663e+00 1.129165e-22
2.254850e+00 1.124651e-22
2.260050e+00 1.113697e-22
2.265262e+00 1.103031e-22
2.270485e+00 1.011364e-22
2.275721e+00 8.913314e-23
2.280969e+00 7.739192e-23
2.286229e+00 7.120126e-23
2.291501e+00 6.934309e-23
2.296785e+00 6.750713e-23
2.302082e+00 6.613099e-23
2.307390e+00 6.545517e-23
2.312711e+00 6.480358e-23
2.318044e+00 6.417356e-23
2.323390e+00 6.356803e-23
2.328747e+00 6.297866e-23
2.334117e+00 6.226281e-23
2.339500e+00 6.073276e-23
2.344895e+00 5.921509e-23
2.350302e+00 5.776550e-23
2.355722e+00 5.727295e-23
2.361154e+00 5.679067e-23
2.366599e+00 5.631779e-23
2.372057e+00 5.586142e-23
2.377527e+00 5.541308e-23
2.383009e+00 5.497199e-23
2.388504e+00 5.372607e-23
2.394012e+00 5.243736e-23
2.399533e+00 5.115728e-23
2.405066e+00 5.069661e-23
2.410612e+00 5.031584e-23
2.416171e+00 4.993953e-23
2.421743e+00 4.957348e-23
2.427327e+00 4.921180e-23
2.432925e+00 4.885355e-23
2.438535e+00 4.850455e-23
2.444159e+00 4.815892e-23
2.449795e+00 4.781592e-23
2.455444e+00 4.826948e-23
2.461106e+00 4.876254e-23
2.466782e+00 4.924770e-23
2.472470e+00 4.890937e-23
2.478172e+00 4.857256e-23
2.483886e+00 4.823788e-23
2.489614e+00 4.791051e-23
2.495355e+00 4.758426e-23
2.501110e+00 4.726025e-23
2.506877e+00 4.694239e-23
2.512658e+00 4.662535e-23
2.518452e+00 4.631099e-23
2.524260e+00 4.600167e-23
2.530081e+00 4.569295e-23
2.535915e+00 4.538748e-23
2.541763e+00 4.508593e-23
2.547624e+00 4.478481e-23
2.553499e+00 4.448762e-23
2.559388e+00 4.419320e-23
2.565289e+00 4.389909e-23
2.571205e+00 4.360970e-23
2.577134e+00 4.332194e-23
2.583077e+00 4.303439e-23
2.589034e+00 4.204144e-23
2.595004e+00 4.102055e-23
2.600988e+00 4.012831e-23
2.606986e+00 3.986723e-23
2.612998e+00 3.960631e-23
2.619023e+00 3.934745e-23
2.625063e+00 3.909171e-23
2.631116e+00 3.883607e-23
2.637184e+00 3.858356e-23
2.643265e+00 3.833288e-23
2.649360e+00 3.808226e-23
2.655470e+00 3.783588e-23
2.661593e+00 3.759003e-23
2.667731e+00 3.734501e-23
2.673883e+00 3.710379e-23
2.680049e+00 3.686259e-23
2.686229e+00 3.662347e-23
2.692424e+00 3.638672e-23
2.698632e+00 3.614998e-23
2.704855e+00 3.591660e-23
2.711093e+00 3.568416e-23
2.717345e+00 3.545218e-23
2.723611e+00 3.522393e-23
2.729891e+00 3.499566e-23
2.736187e+00 3.449621e-23
2.742496e+00 3.367210e-23
2.748821e+00 3.285229e-23
2.755159e+00 3.253022e-23
2.761513e+00 3.232145e-23
2.767881e+00 3.211339e-23
2.774264e+00 3.190823e-23
2.780661e+00 3.170309e-23
2.787073e+00 3.119204e-23
2.793500e+00 3.046541e-23
2.799942e+00 2.974331e-23
2.806399e+00 2.955025e-23
2.812870e+00 2.936202e-23
2.819357e+00 2.917509e-23
2.825858e+00 2.898998e-23
2.832375e+00 2.880493e-23
2.838906e+00 2.862243e-23
2.845453e+00 2.844041e-23
2.852014e+00 2.811924e-23
2.858591e+00 2.748622e-23
2.865183e+00 2.685768e-23
2.871790e+00 2.658706e-23
2.878413e+00 2.641943e-23
2.885050e+00 2.625253e-23
2.891703e+00 2.608755e-23
2.898372e+00 2.592266e-23
2.905055e+00 2.608484e-23
2.911754e+00 2.635734e-23
2.918469e+00 2.651522e-23
2.925199e+00 2.634745e-23
2.931944e+00 2.617974e-23
2.938705e+00 2.601409e-23
2.945482e+00 2.584902e-23
2.952274e+00 2.568482e-23
2.959082e+00 2.552232e-23
2.965906e+00 2.535987e-23
2.972745e+00 2.519962e-23
2.979601e+00 2.503970e-23
2.986472e+00 2.488090e-23
2.993358e+00 2.472343e-23
3.000261e+00 2.455070e-23
3.007180e+00 2.398973e-23
3.014114e+00 2.343311e-23
3.021065e+00 2.313769e-23
3.028031e+00 2.299224e-23
3.035014e+00 2.284736e-23
3.042013e+00 2.270407e-23
3.049028e+00 2.256088e-23
3.056059e+00 2.241945e-23
3.063106e+00 2.227837e-23
3.070170e+00 2.213833e-23
3.077250e+00 2.199933e-23
3.084346e+00 2.197105e-23
3.091458e+00 2.262047e-23
3.098587e+00 2.329004e-23
3.105733e+00 2.857290e-23
3.112894e+00 3.548458e-23
3.120073e+00 3.912803e-23
3.127268e+00 3.886591e-23
3.134479e+00 3.739075e-23
3.141707e+00 2.965680e-23
3.148952e+00 2.244433e-23
3.156214e+00 2.076306e-23
3.163492e+00 1.994284e-23
3.170787e+00 1.952294e-23
3.178099e+00 1.940132e-23
3.185427e+00 1.928023e-23
3.192773e+00 1.916030e-23
3.200136e+00 1.904052e-23
3.207515e+00 1.892225e-23
3.214912e+00 1.880411e-23
3.222325e+00 1.847019e-23
3.229756e+00 1.807291e-23
3.237204e+00 1.796860e-23
3.244669e+00 1.813600e-23
3.252151e+00 1.822560e-23
3.259651e+00 1.811226e-23
3.267167e+00 1.798076e-23
3.274702e+00 1.759519e-23
3.282253e+00 1.721381e-23
3.289822e+00 1.706901e-23
3.297408e+00 1.696335e-23
3.305012e+00 1.703111e-23
3.312634e+00 1.719250e-23
3.320272e+00 1.722900e-23
3.327929e+00 1.712175e-23
3.335603e+00 1.693724e-23
3.343295e+00 1.657091e-23
3.351005e+00 1.624265e-23
3.358732e+00 1.614245e-23
3.366478e+00 1.604239e-23
3.374241e+00 1.594347e-23
3.382022e+00 1.584472e-23
3.389821e+00 1.574694e-23
3.397638e+00 1.564946e-23
3.405473e+00 1.539533e-23
3.413326e+00 1.507678e-23
3.421197e+00 1.489008e-23
3.429086e+00 1.479868e-23
3.436994e+00 1.470783e-23
3.444919e+00 1.461759e-23
3.452863e+00 1.452780e-23
3.460826e+00 1.443870e-23
3.468806e+00 1.434996e-23
3.476805e+00 1.426198e-23
3.484823e+00 1.417429e-23
3.492859e+00 1.408740e-23
3.500914e+00 1.400074e-23
3.508987e+00 1.391493e-23
3.517078e+00 1.382931e-23
3.525189e+00 1.374456e-23
3.533318e+00 1.365996e-23
3.541466e+00 1.339197e-23
3.549633e+00 1.312736e-23
3.557818e+00 1.303931e-23
3.566022e+00 1.295964e-23
3.574246e+00 1.288071e-23
3.582488e+00 1.280200e-23
3.590749e+00 1.272402e-23
3.599029e+00 1.264626e-23
3.607329e+00 1.256920e-23
3.615647e+00 1.249238e-23
3.623985e+00 1.241624e-23
3.632342e+00 1.234034e-23
3.640718e+00 1.212855e-23
3.649114e+00 1.190174e-23
3.657529e+00 1.181370e-23
3.665963e+00 1.174193e-23
3.674417e+00 1.167079e-23
3.682890e+00 1.159987e-23
3.691383e+00 1.152958e-23
3.699895e+00 1.145949e-23
3.708427e+00 1.125941e-23
3.716979e+00 1.106566e-23
3.725550e+00 1.099899e-23
3.734141e+00 1.093253e-23
3.742752e+00 1.086663e-23
3.751383e+00 1.080097e-23
3.760034e+00 1.073582e-23
3.768704e+00 1.064421e-23
3.777395e+00 1.046764e-23
3.786106e+00 1.036356e-23
3.794836e+00 1.041152e-23
3.803587e+00 1.041545e-23
3.812358e+00 1.035252e-23
3.821150e+00 1.023388e-23
3.829961e+00 1.006371e-23
3.838793e+00 9.962370e-24
3.847646e+00 9.902437e-24
3.856518e+00 9.772852e-24
3.865411e+00 9.620377e-24
3.874325e+00 9.549807e-24
3.883259e+00 9.492583e-24
3.892214e+00 9.435815e-24
3.901190e+00 9.379265e-24
3.910186e+00 9.323131e-24
3.919203e+00 9.244310e-24
3.928240e+00 9.108598e-24
3.937299e+00 9.009782e-24
3.946378e+00 8.956030e-24
3.955479e+00 8.902599e-24
3.964600e+00 8.849439e-24
3.973743e+00 8.796634e-24
3.982906e+00 8.744059e-24
3.992091e+00 8.691874e-24
4.001296e+00 8.639907e-24
4.010524e+00 8.588305e-24
4.019772e+00 8.536950e-24
4.029041e+00 8.485912e-24
4.038332e+00 8.435162e-24
4.047645e+00 8.384684e-24
4.056979e+00 8.334532e-24
4.066334e+00 8.284605e-24
4.075711e+00 8.235044e-24
4.085110e+00 8.185700e-24
4.094530e+00 8.136687e-24
4.103972e+00 8.087925e-24
4.113436e+00 8.039446e-24
4.122922e+00 7.991262e-24
4.132429e+00 7.943310e-24
4.141958e+00 7.895696e-24
4.151510e+00 7.848295e-24
4.161083e+00 7.801215e-24
4.170679e+00 7.754376e-24
4.180296e+00 7.707807e-24
4.189936e+00 7.661524e-24
4.199598e+00 7.615460e-24
4.209282e+00 7.569727e-24
4.218989e+00 7.524203e-24
4.228718e+00 7.478972e-24
4.238470e+00 7.433990e-24
4.248244e+00 7.389248e-24
4.258040e+00 7.296452e-24
4.267859e+00 7.201942e-24
4.277701e+00 7.158768e-24
4.287565e+00 7.115817e-24
4.297452e+00 7.073109e-24
4.307362e+00 7.030666e-24
4.317295e+00 6.985223e-24
4.327251e+00 6.893456e-24
4.337230e+00 6.822415e-24
4.347231e+00 6.781557e-24
4.357256e+00 6.740946e-24
4.367304e+00 6.700535e-24
4.377375e+00 6.660393e-24
4.387469e+00 6.620457e-24
4.397587e+00 6.580747e-24
4.407728e+00 6.541280e-24
4.417892e+00 6.502011e-24
4.428079e+00 6.462995e-24
4.438291e+00 6.424188e-24
4.448525e+00 6.385593e-24
4.458784e+00 6.347244e-24
4.469066e+00 6.309088e-24
4.479371e+00 6.271167e-24
4.489701e+00 6.233462e-24
4.500054e+00 6.195950e-24
4.510431e+00 6.158691e-24
4.520832e+00 6.121622e-24
4.531257e+00 6.084764e-24
4.541707e+00 6.048135e-24
4.552180e+00 6.011694e-24
4.562677e+00 5.975479e-24
4.573199e+00 5.939471e-24
4.583745e+00 5.905270e-24
4.594315e+00 5.912101e-24
4.604909e+00 5.921760e-24
4.615528e+00 5.934538e-24
4.626172e+00 5.860655e-24
4.636840e+00 5.779374e-24
4.647532e+00 5.702618e-24
4.658249e+00 5.658745e-24
4.668991e+00 5.616551e-24
4.679758e+00 5.546389e-24
4.690550e+00 5.501203e-24
4.701366e+00 5.468030e-24
4.712208e+00 5.435065e-24
4.723074e+00 5.402286e-24
4.733965e+00 5.369684e-24
4.744882e+00 5.337291e-24
4.755824e+00 5.305076e-24
4.766791e+00 5.273037e-24
4.777783e+00 5.241205e-24
4.788800e+00 5.194416e-24
4.799843e+00 5.133309e-24
4.810912e+00 5.101963e-24
4.822006e+00 5.071203e-24
4.833126e+00 5.040613e-24
4.844271e+00 5.010218e-24
4.855442e+00 4.979990e-24
4.866638e+00 4.949930e-24
4.877861e+00 4.920063e-24
4.889109e+00 4.890361e-24
4.900384e+00 4.860824e-24
4.911684e+00 4.831476e-24
4.923010e+00 4.817675e-24
4.934363e+00 4.814405e-24
4.945741e+00 4.785246e-24
4.957146e+00 4.756256e-24
4.968578e+00 4.737953e-24
4.980035e+00 4.775530e-24
4.991519e+00 4.897307e-24
5.003030e+00 4.963540e-24
5.014567e+00 4.740613e-24
5.026130e+00 4.651238e-24
5.037721e+00 4.601690e-24
5.049338e+00 4.573692e-24
5.060981e+00 4.517362e-24
5.072652e+00 4.475572e-24
5.084350e+00 4.448402e-24
5.096074e+00 4.421405e-24
5.107826e+00 4.413712e-24
5.119605e+00 4.409208e-24
5.131410e+00 4.382360e-24
5.143243e+00 4.355680e-24
5.155104e+00 4.316618e-24
5.166991e+00 4.262727e-24
5.178907e+00 4.236837e-24
5.190849e+00 4.211097e-24
5.202819e+00 4.185505e-24
5.214817e+00 4.160068e-24
5.226842e+00 4.157936e-24
5.238896e+00 4.161987e-24
5.250977e+00 4.163115e-24
5.263085e+00 4.106493e-24
5.275222e+00 4.072470e-24
5.287387e+00 4.047640e-24
5.299580e+00 4.022955e-24
5.311800e+00 3.998431e-24
5.324049e+00 3.991869e-24
5.336327e+00 3.990603e-24
5.348632e+00 3.966188e-24
5.360966e+00 3.941929e-24
5.373329e+00 3.917812e-24
5.385720e+00 3.893837e-24
5.398139e+00 3.870010e-24
5.410587e+00 3.821449e-24
5.423064e+00 3.784224e-24
5.435570e+00 3.761135e-24
5.448104e+00 3.738191e-24
5.460668e+00 3.715391e-24
5.473260e+00 3.692726e-24
5.485881e+00 3.675677e-24
5.498532e+00 3.681208e-24
5.511212e+00 3.637329e-24
5.523920e+00 3.603451e-24
5.536659e+00 3.595936e-24
5.549426e+00 3.632851e-24
5.562223e+00 3.583751e-24
5.575050e+00 3.533578e-24
5.587906e+00 3.494930e-24
5.600792e+00 3.473628e-24
5.613707e+00 3.452467e-24
5.626652e+00 3.431439e-24
5.639627e+00 3.410543e-24
5.652632e+00 3.394870e-24
5.665668e+00 3.400130e-24
5.678733e+00 3.408096e-24
5.691828e+00 3.397718e-24
5.704953e+00 3.388946e-24
5.718109e+00 3.397473e-24
5.731295e+00 3.376600e-24
5.744511e+00 3.281768e-24
5.757758e+00 3.228482e-24
5.771036e+00 3.208917e-24
5.784344e+00 3.189485e-24
5.797682e+00 3.170190e-24
5.811052e+00 3.151029e-24
5.824452e+00 3.119600e-24
5.837883e+00 3.087082e-24
5.851346e+00 3.066674e-24
5.864839e+00 3.030092e-24
5.878363e+00 3.009597e-24
5.891919e+00 2.991644e-24
5.905506e+00 2.973823e-24
5.919124e+00 2.956132e-24
5.932773e+00 2.938574e-24
5.946454e+00 2.921151e-24
5.960167e+00 2.903860e-24
5.973911e+00 2.886700e-24
5.987687e+00 2.874945e-24
6.001495e+00 2.873384e-24
6.015334e+00 2.856445e-24
6.029206e+00 2.839642e-24
6.043109e+00 2.811082e-24
6.057044e+00 2.786525e-24
6.071012e+00 2.770292e-24
6.085012e+00 2.756092e-24
6.099044e+00 2.756468e-24
6.113108e+00 2.726419e-24
6.127205e+00 2.718565e-24
6.141335e+00 2.731344e-24
6.155496e+00 2.807817e-24
6.169691e+00 2.975434e-24
6.183918e+00 3.049342e-24
6.198179e+00 2.845961e-24
6.212472e+00 2.778571e-24
6.226798e+00 2.713006e-24
6.241157e+00 2.673141e-24
6.255549e+00 2.633623e-24
6.269974e+00 2.570712e-24
6.284433e+00 2.542471e-24
6.298925e+00 2.528305e-24
6.313450e+00 2.514265e-24
6.328009e+00 2.500347e-24
6.342601e+00 2.486552e-24
6.357228e+00 2.472878e-24
6.371887e+00 2.459325e-24
6.386581e+00 2.445891e-24
6.401308e+00 2.432576e-24
6.416070e+00 2.419380e-24
6.430865e+00 2.406303e-24
6.445695e+00 2.393342e-24
6.460559e+00 2.380496e-24
6.475457e+00 2.367764e-24
6.490389e+00 2.355145e-24
6.505356e+00 2.342639e-24
6.520358e+00 2.330245e-24
6.535394e+00 2.317961e-24
6.550464e+00 2.305786e-24
6.565570e+00 2.293722e-24
6.580710e+00 2.281764e-24
6.595885e+00 2.269914e-24
6.611095e+00 2.258169e-24
6.626341e+00 2.246528e-24
6.641621e+00 2.234991e-24
6.656937e+00 2.223556e-24
6.672288e+00 2.212223e-24
6.687674e+00 2.200989e-24
6.703096e+00 2.187609e-24
6.718553e+00 2.167063e-24
6.734046e+00 2.156230e-24
6.749575e+00 2.145492e-24
6.765140e+00 2.134850e-24
6.780740e+00 2.124300e-24
6.796376e+00 2.113843e-24
6.812049e+00 2.103476e-24
6.827758e+00 2.093200e-24
6.843502e+00 2.083012e-24
6.859284e+00 2.072912e-24
6.875101e+00 2.062898e-24
6.890955e+00 2.052970e-24
6.906846e+00 2.043126e-24
6.922773e+00 2.033366e-24
6.938737e+00 2.023687e-24
6.954738e+00 2.011493e-24
6.970775e+00 1.997807e-24
6.986850e+00 1.995132e-24
7.002962e+00 1.985770e-24
7.019111e+00 1.976484e-24
7.035297e+00 1.967273e-24
7.051520e+00 1.958136e-24
7.067781e+00 1.950358e-24
7.084080e+00 1.967047e-24
7.100415e+00 2.144967e-24
7.116789e+00 2.073019e-24
7.133200e+00 2.161856e-24
7.149650e+00 2.192795e-24
7.166137e+00 1.921569e-24
7.182662e+00 1.888294e-24
7.199225e+00 1.879036e-24
7.215827e+00 1.870573e-24
7.232466e+00 1.862172e-24
7.249145e+00 1.846629e-24
7.265861e+00 1.838038e-24
7.282616e+00 1.829884e-24
7.299410e+00 1.828883e-24
7.316243e+00 1.821040e-24
7.333114e+00 1.812982e-24
7.350024e+00 1.804977e-24
7.366973e+00 1.797024e-24
7.383962e+00 1.788852e-24
7.400989e+00 1.774315e-24
7.418056e+00 1.767134e-24
7.435162e+00 1.765720e-24
7.452307e+00 1.759050e-24
7.469493e+00 1.756691e-24
7.486717e+00 1.742748e-24
7.503982e+00 1.733582e-24
7.521286e+00 1.721156e-24
7.538630e+00 1.713742e-24
7.556014e+00 1.706371e-24
7.573438e+00 1.699043e-24
7.590903e+00 1.691756e-24
7.608407e+00 1.684511e-24
7.625953e+00 1.677307e-24
7.643538e+00 1.670143e-24
7.661164e+00 1.667002e-24
7.678831e+00 1.666830e-24
7.696538e+00 1.651401e-24
7.714287e+00 1.637491e-24
7.732076e+00 1.629862e-24
7.749906e+00 1.622986e-24
7.767777e+00 1.616467e-24
7.785690e+00 1.614266e-24
7.803644e+00 1.607459e-24
7.821639e+00 1.600692e-24
7.839676e+00 1.592116e-24
7.857754e+00 1.584700e-24
7.875874e+00 1.580626e-24
7.894036e+00 1.571011e-24
7.912240e+00 1.562858e-24
7.930485e+00 1.564364e-24
7.948773e+00 1.565046e-24
7.967103e+00 1.552964e-24
7.985475e+00 1.541593e-24
8.003890e+00 1.535234e-24
8.022347e+00 1.528918e-24
8.040846e+00 1.522646e-24
8.059389e+00 1.516418e-24
8.077974e+00 1.507357e-24
8.096602e+00 1.499933e-24
8.115272e+00 1.497647e-24
8.133986e+00 1.496836e-24
8.152743e+00 1.494997e-24
8.171544e+00 1.481975e-24
8.190387e+00 1.468659e-24
8.209274e+00 1.460907e-24
8.228205e+00 1.455177e-24
8.247179e+00 1.452266e-24
8.266197e+00 1.447189e-24
8.285259e+00 1.455239e-24
8.304365e+00 1.456148e-24
8.323515e+00 1.452521e-24
8.342709e+00 1.437251e-24
8.361947e+00 1.421757e-24
8.381230e+00 1.411563e-24
8.400557e+00 1.405825e-24
8.419929e+00 1.398040e-24
8.439346e+00 1.392919e-24
8.458807e+00 1.387854e-24
8.478313e+00 1.382847e-24
8.497864e+00 1.377896e-24
8.517460e+00 1.373004e-24
8.537101e+00 1.368722e-24
8.556788e+00 1.365886e-24
8.576520e+00 1.361146e-24
8.596298e+00 1.354558e-24
8.616121e+00 1.349435e-24
8.635989e+00 1.344903e-24
8.655904e+00 1.340432e-24
8.675865e+00 1.336024e-24
8.695871e+00 1.331678e-24
8.715924e+00 1.327396e-24
8.736023e+00 1.323178e-24
8.756168e+00 1.319024e-24
8.776360e+00 1.314934e-24
8.796599e+00 1.310911e-24
8.816884e+00 1.306953e-24
8.837215e+00 1.303062e-24
8.857594e+00 1.299238e-24
8.878020e+00 1.294221e-24
8.898493e+00 1.289980e-24
8.919012e+00 1.286381e-24
8.939580e+00 1.282852e-24
8.960195e+00 1.280452e-24
8.980857e+00 1.277746e-24
9.001567e+00 1.272694e-24
9.022324e+00 1.270017e-24
9.043130e+00 1.266972e-24
9.063984e+00 1.263200e-24
9.084885e+00 1.260337e-24
9.105835e+00 1.258305e-24
9.126833e+00 1.255373e-24
9.147880e+00 1.254819e-24
9.168975e+00 1.250524e-24
9.190118e+00 1.248618e-24
9.211311e+00 1.248511e-24
9.232552e+00 1.246698e-24
9.253843e+00 1.241901e-24
9.275182e+00 1.238309e-24
9.296571e+00 1.234951e-24
9.318009e+00 1.232589e-24
9.339496e+00 1.230617e-24
9.361033e+00 1.229678e-24
9.382620e+00 1.227009e-24
9.404256e+00 1.225249e-24
9.425942e+00 1.223635e-24
9.447679e+00 1.222099e-24
9.469465e+00 1.219443e-24
9.491302e+00 1.218057e-24
9.513189e+00 1.216723e-24
9.535126e+00 1.216460e-24
9.557114e+00 1.214159e-24
9.579153e+00 1.212897e-24
9.601243e+00 1.211623e-24
9.623383e+00 1.210318e-24
9.645575e+00 1.208964e-24
9.667817e+00 1.207540e-24
9.690112e+00 1.206032e-24
9.712457e+00 1.204426e-24
9.734854e+00 1.202711e-24
9.757303e+00 1.200884e-24
9.779803e+00 1.198943e-24
9.802355e+00 1.196891e-24
9.824960e+00 1.195226e-24
9.847616e+00 1.195541e-24
9.870325e+00 1.195011e-24
9.893086e+00 1.200285e-24
9.915899e+00 1.204277e-24
9.938766e+00 1.187074e-24
9.961684e+00 1.182765e-24
9.984656e+00 1.178958e-24
1.000768e+01 1.176518e-24
1.003076e+01 1.173086e-24
1.005389e+01 1.170103e-24
1.007707e+01 1.167852e-24
1.010031e+01 1.165271e-24
1.012360e+01 1.163009e-24
1.014695e+01 1.160798e-24
1.017035e+01 1.158639e-24
1.019380e+01 1.156534e-24
1.021731e+01 1.154482e-24
1.024087e+01 1.152483e-24
1.026448e+01 1.150537e-24
1.028815e+01 1.148823e-24
1.031188e+01 1.147431e-24
1.033566e+01 1.145000e-24
1.035949e+01 1.143594e-24
1.038338e+01 1.141544e-24
1.040732e+01 1.139881e-24
1.043132e+01 1.137807e-24
1.045538e+01 1.136173e-24
1.047949e+01 1.134636e-24
1.050365e+01 1.133135e-24
1.052788e+01 1.131668e-24
1.055215e+01 1.130233e-24
1.057649e+01 1.128830e-24
1.060088e+01 1.127455e-24
1.062532e+01 1.126109e-24
1.064982e+01 1.124789e-24
1.067438e+01 1.123494e-24
1.069900e+01 1.122632e-24
1.072367e+01 1.121495e-24
1.074840e+01 1.119747e-24
1.077318e+01 1.118541e-24
1.079803e+01 1.117036e-24
1.082293e+01 1.116184e-24
1.084789e+01 1.114727e-24
1.087290e+01 1.113553e-24
1.089797e+01 1.112437e-24
1.092311e+01 1.111336e-24
1.094829e+01 1.110249e-24
1.097354e+01 1.109174e-24
1.099885e+01 1.108407e-24
1.102421e+01 1.107230e-24
1.104963e+01 1.106019e-24
1.107511e+01 1.104851e-24
1.110065e+01 1.103966e-24
1.112625e+01 1.102802e-24
1.115191e+01 1.101692e-24
1.117762e+01 1.100698e-24
1.120340e+01 1.099710e-24
1.122923e+01 1.098910e-24
1.125513e+01 1.097752e-24
1.128108e+01 1.096781e-24
1.130710e+01 1.095815e-24
1.133317e+01 1.094853e-24
1.135931e+01 1.093895e-24
1.138550e+01 1.093162e-24
1.141176e+01 1.092207e-24
1.143807e+01 1.091037e-24
1.146445e+01 1.090088e-24
1.149088e+01 1.089142e-24
1.151738e+01 1.088447e-24
1.154394e+01 1.089854e-24
1.157056e+01 1.086830e-24
1.159724e+01 1.085363e-24
1.162399e+01 1.084502e-24
1.165079e+01 1.083656e-24
1.167766e+01 1.082650e-24
1.170459e+01 1.081714e-24
1.173158e+01 1.080631e-24
1.175863e+01 1.079680e-24
1.178575e+01 1.078704e-24
1.181293e+01 1.077618e-24
1.184017e+01 1.076724e-24
1.186747e+01 1.075854e-24
1.189484e+01 1.074890e-24
1.192227e+01 1.073923e-24
1.194976e+01 1.072952e-24
1.197731e+01 1.071978e-24
1.200493e+01 1.071110e-24
1.203262e+01 1.070016e-24
1.206037e+01 1.068894e-24
1.208818e+01 1.067904e-24
1.211605e+01 1.066910e-24
1.214399e+01 1.065910e-24
1.217200e+01 1.064905e-24
1.220006e+01 1.063894e-24
1.222820e+01 1.062878e-24
1.225640e+01 1.061857e-24
1.228466e+01 1.060838e-24
1.231299e+01 1.059914e-24
1.234138e+01 1.058872e-24
1.236984e+01 1.057731e-24
1.239837e+01 1.056771e-24
1.242696e+01 1.056088e-24
1.245561e+01 1.054914e-24
1.248434e+01 1.053837e-24
1.251313e+01 1.052641e-24
1.254198e+01 1.051402e-24
1.257090e+01 1.050205e-24
1.259989e+01 1.049105e-24
1.262895e+01 1.047974e-24
1.265807e+01 1.046884e-24
1.268726e+01 1.045762e-24
1.271652e+01 1.044550e-24
1.274584e+01 1.043414e-24
1.277523e+01 1.042271e-24
1.280469e+01 1.041121e-24
1.283422e+01 1.039963e-24
1.286382e+01 1.038798e-24
1.289348e+01 1.037624e-24
1.292321e+01 1.036444e-24
1.295301e+01 1.035315e-24
1.298288e+01 1.034058e-24
1.301282e+01 1.032909e-24
1.304283e+01 1.031672e-24
1.307291e+01 1.030422e-24
1.310305e+01 1.029194e-24
1.313327e+01 1.028026e-24
1.316355e+01 1.026859e-24
1.319391e+01 1.025464e-24
1.322433e+01 1.024205e-24
1.325483e+01 1.022938e-24
1.328539e+01 1.021663e-24
1.331603e+01 1.020380e-24
1.334674e+01 1.019152e-24
1.337752e+01 1.017792e-24
1.340836e+01 1.016487e-24
1.343928e+01 1.015122e-24
1.347027e+01 1.013802e-24
1.350134e+01 1.012478e-24
1.353247e+01 1.011188e-24
1.356368e+01 1.009845e-24
1.359496e+01 1.008446e-24
1.362631e+01 1.007136e-24
1.365773e+01 1.005770e-24
1.368922e+01 1.004398e-24
1.372079e+01 1.003018e-24
1.375243e+01 1.001631e-24
1.378414e+01 1.000237e-24
1.381593e+01 9.988365e-25
1.384779e+01 9.974289e-25
1.387972e+01 9.959726e-25
1.391173e+01 9.945522e-25
1.394381e+01 9.931252e-25
1.397596e+01 9.916917e-25
1.400819e+01 9.902914e-25
1.404050e+01 9.888447e-25
1.407287e+01 9.873534e-25
1.410533e+01 9.858951e-25
1.413785e+01 9.844308e-25
1.417045e+01 9.829606e-25
1.420313e+01 9.815210e-25
1.423588e+01 9.800033e-25
1.426871e+01 9.785164e-25
1.430162e+01 9.770242e-25
1.433460e+01 9.755267e-25
1.436765e+01 9.740242e-25
1.440078e+01 9.725167e-25
1.443399e+01 9.710044e-25
1.446728e+01 9.694594e-25
1.450064e+01 9.679394e-25
1.453408e+01 9.664403e-25
1.456759e+01 9.649103e-25
1.460119e+01 9.633763e-25
1.463486e+01 9.618383e-25
1.466860e+01 9.602966e-25
1.470243e+01 9.587514e-25
1.473633e+01 9.572027e-25
1.477032e+01 9.556508e-25
1.480438e+01 9.540958e-25
1.483852e+01 9.525379e-25
1.487273e+01 9.509773e-25
1.490703e+01 9.494141e-25
1.494141e+01 9.478486e-25
1.497586e+01 9.462809e-25
1.501040e+01 9.448393e-25
1.504501e+01 9.431471e-25
1.507970e+01 9.415448e-25
1.511448e+01 9.399705e-25
1.514933e+01 9.383950e-25
1.518427e+01 9.368185e-25
1.521928e+01 9.352411e-25
1.525438e+01 9.336631e-25
1.528955e+01 9.320847e-25
1.532481e+01 9.305154e-25
1.536015e+01 9.289348e-25
1.539557e+01 9.273488e-25
1.543107e+01 9.257708e-25
1.546666e+01 9.241933e-25
1.550232e+01 9.226167e-25
1.553807e+01 9.210411e-25
1.557390e+01 9.194668e-25
1.560982e+01 9.179042e-25
1.564581e+01 9.163272e-25
1.568189e+01 9.147538e-25
1.571805e+01 9.131869e-25
1.575430e+01 9.116223e-25
1.579063e+01 9.100604e-25
1.582704e+01 9.085014e-25
1.586354e+01 9.069454e-25
1.590012e+01 9.053928e-25
1.593679e+01 9.038437e-25
1.597354e+01 9.022984e-25
1.601037e+01 9.007627e-25
1.604729e+01 8.992202e-25
1.608430e+01 8.976877e-25
1.612139e+01 8.961600e-25
1.615857e+01 8.946250e-25
1.619583e+01 8.931077e-25
1.623317e+01 8.916077e-25
1.627061e+01 8.901015e-25
1.630813e+01 8.886012e-25
1.634574e+01 8.871070e-25
1.638343e+01 8.856193e-25
1.642121e+01 8.841383e-25
1.645908e+01 8.826709e-25
1.649703e+01 8.812214e-25
1.653507e+01 8.797803e-25
1.657320e+01 8.783766e-25
1.661142e+01 8.769545e-25
1.664973e+01 8.754855e-25
1.668812e+01 8.739993e-25
1.672661e+01 8.725708e-25
1.676518e+01 8.711492e-25
1.680384e+01 8.697482e-25
1.684259e+01 8.683510e-25
1.688143e+01 8.669648e-25
1.692035e+01 8.655924e-25
1.695937e+01 8.642300e-25
1.699848e+01 8.628779e-25
1.703768e+01 8.615361e-25
1.707697e+01 8.602050e-25
1.711635e+01 8.588848e-25
1.715582e+01 8.575756e-25
1.719538e+01 8.562777e-25
1.723503e+01 8.549914e-25
1.727478e+01 8.537167e-25
1.731461e+01 8.524539e-25
1.735454e+01 8.512033e-25
1.739456e+01 8.499649e-25
1.743467e+01 8.487324e-25
1.747488e+01 8.475193e-25
1.751517e+01 8.463191e-25
1.755556e+01 8.451383e-25
1.759605e+01 8.439643e-25
1.763662e+01 8.428037e-25
1.767729e+01 8.416566e-25
1.771806e+01 8.405227e-25
1.775892e+01 8.393978e-25
1.779987e+01 8.382925e-25
1.784092e+01 8.372014e-25
1.788206e+01 8.361245e-25
1.792329e+01 8.350742e-25
1.796462e+01 8.340151e-25
1.800605e+01 8.329814e-25
1.804757e+01 8.319633e-25
1.808919e+01 8.309601e-25
1.813090e+01 8.299721e-25
1.817271e+01 8.289992e-25
1.821462e+01 8.280416e-25
1.825662e+01 8.270995e-25
1.829872e+01 8.261728e-25
1.834092e+01 8.252617e-25
1.838322e+01 8.243663e-25
1.842561e+01 8.234867e-25
1.846810e+01 8.226188e-25
1.851068e+01 8.217709e-25
1.855337e+01 8.209390e-25
1.859615e+01 8.201230e-25
1.863904e+01 8.193232e-25
1.868202e+01 8.185394e-25
1.872510e+01 8.177718e-25
1.876828e+01 8.170203e-25
1.881156e+01 8.162851e-25
1.885494e+01 8.155662e-25
1.889842e+01 8.148635e-25
1.894200e+01 8.141770e-25
1.898568e+01 8.135069e-25
1.902946e+01 8.128531e-25
1.907334e+01 8.122156e-25
1.911733e+01 8.115944e-25
1.916141e+01 8.109896e-25
1.920560e+01 8.104010e-25
1.924989e+01 8.098287e-25
1.929428e+01 8.092726e-25
1.933877e+01 8.087328e-25
1.938336e+01 8.082091e-25
1.942806e+01 8.077016e-25
1.947286e+01 8.072103e-25
1.951777e+01 8.067350e-25
1.956278e+01 8.062757e-25
1.960789e+01 8.058324e-25
1.965310e+01 8.054049e-25
1.969842e+01 8.049933e-25
1.974385e+01 8.045974e-25
1.978938e+01 8.042208e-25
1.983501e+01 8.038525e-25
1.988075e+01 8.035033e-25
1.992660e+01 8.031695e-25
1.997255e+01 8.028509e-25
2.001861e+01 8.025474e-25
2.006477e+01 8.022589e-25
2.011104e+01 8.019832e-25
2.015741e+01 8.017251e-25
2.020390e+01 8.014798e-25
2.025049e+01 8.012517e-25
2.029719e+01 8.010358e-25
2.034399e+01 8.008339e-25
2.039090e+01 8.006450e-25
2.043793e+01 8.004713e-25
2.048506e+01 8.003102e-25
2.053229e+01 8.001622e-25
2.057964e+01 8.000267e-25
2.062710e+01 7.999046e-25
2.067466e+01 7.997945e-25
2.072234e+01 7.996965e-25
2.077013e+01 7.996087e-25
2.081802e+01 7.995356e-25
2.086603e+01 7.994720e-25
2.091415e+01 7.994193e-25
2.096237e+01 7.993771e-25
2.101071e+01 7.993451e-25
2.105916e+01 7.993228e-25
2.110773e+01 7.993085e-25
2.115640e+01 7.993047e-25
2.120519e+01 7.993095e-25
2.125409e+01 7.993225e-25
2.130310e+01 7.993432e-25
2.135223e+01 7.993713e-25
2.140146e+01 7.994063e-25
2.145082e+01 7.994477e-25
2.150028e+01 7.994950e-25
2.154986e+01 7.995478e-25
2.159956e+01 7.996057e-25
2.164936e+01 7.996680e-25
2.169929e+01 7.997343e-25
2.174933e+01 7.998041e-25
2.179948e+01 7.998769e-25
2.184975e+01 7.999521e-25
2.190014e+01 8.000293e-25
2.195064e+01 8.001078e-25
2.200126e+01 8.001872e-25
2.205199e+01 8.002668e-25
2.210284e+01 8.003463e-25
2.215381e+01 8.004250e-25
2.220490e+01 8.005023e-25
2.225610e+01 8.005778e-25
2.230743e+01 8.006508e-25
2.235887e+01 8.007210e-25
2.241043e+01 8.007876e-25
2.246211e+01 8.008501e-25
2.251390e+01 8.009081e-25
2.256582e+01 8.009610e-25
2.261786e+01 8.010083e-25
2.267002e+01 8.010494e-25
2.272229e+01 8.010839e-25
2.277469e+01 8.011112e-25
2.282721e+01 8.011309e-25
2.287985e+01 8.011424e-25
2.293261e+01 8.011454e-25
2.298549e+01 8.011392e-25
2.303850e+01 8.011235e-25
2.309162e+01 8.010978e-25
2.314487e+01 8.010617e-25
2.319825e+01 8.010147e-25
2.325174e+01 8.009565e-25
2.330536e+01 8.008866e-25
2.335910e+01 8.008048e-25
2.341297e+01 8.007105e-25
2.346696e+01 8.006035e-25
2.352107e+01 8.004832e-25
2.357531e+01 8.003499e-25
2.362968e+01 8.002027e-25
2.368417e+01 8.000415e-25
2.373878e+01 7.998660e-25
2.379353e+01 7.996753e-25
2.384839e+01 7.994705e-25
2.390339e+01 7.992507e-25
2.395851e+01 7.990163e-25
2.401376e+01 7.987658e-25
2.406914e+01 7.984997e-25
2.412464e+01 7.982173e-25
2.418027e+01 7.979195e-25
2.423603e+01 7.976057e-25
2.429192e+01 7.972764e-25
2.434794e+01 7.969302e-25
2.440408e+01 7.965676e-25
2.446036e+01 7.961879e-25
2.451676e+01 7.957925e-25
2.457330e+01 7.953811e-25
2.462997e+01 7.949525e-25
2.468676e+01 7.945074e-25
2.474369e+01 7.940457e-25
2.480075e+01 7.935675e-25
2.485794e+01 7.930735e-25
2.491526e+01 7.925622e-25
2.497272e+01 7.920352e-25
2.503031e+01 7.914903e-25
2.508803e+01 7.909291e-25
2.514588e+01 7.903526e-25
2.520387e+01 7.897600e-25
2.526199e+01 7.891515e-25
2.532024e+01 7.885271e-25
2.537863e+01 7.878869e-25
2.543715e+01 7.872316e-25
2.549581e+01 7.865600e-25
2.555460e+01 7.858735e-25
2.561353e+01 7.851719e-25
2.567260e+01 7.844554e-25
2.573180e+01 7.837241e-25
2.579114e+01 7.829781e-25
2.585061e+01 7.822178e-25
2.591022e+01 7.814433e-25
2.596997e+01 7.806549e-25
2.602986e+01 7.798526e-25
2.608988e+01 7.790368e-25
2.615005e+01 7.782076e-25
2.621035e+01 7.773653e-25
2.627079e+01 7.765102e-25
2.633137e+01 7.756424e-25
2.639209e+01 7.747621e-25
2.645295e+01 7.738697e-25
2.651395e+01 7.729654e-25
2.657509e+01 7.720494e-25
2.663638e+01 7.711219e-25
2.669780e+01 7.701832e-25
2.675937e+01 7.692335e-25
2.682107e+01 7.682732e-25
2.688292e+01 7.673024e-25
2.694492e+01 7.663214e-25
2.700705e+01 7.653305e-25
2.706933e+01 7.643299e-25
2.713175e+01 7.633198e-25
2.719432e+01 7.623005e-25
2.725703e+01 7.612723e-25
2.731988e+01 7.602354e-25
2.738288e+01 7.591901e-25
2.744603e+01 7.581365e-25
2.750932e+01 7.570750e-25
2.757275e+01 7.560059e-25
2.763634e+01 7.549292e-25
2.770007e+01 7.538454e-25
2.776394e+01 7.527546e-25
2.782797e+01 7.516570e-25
2.789214e+01 7.505529e-25
2.795646e+01 7.494426e-25
2.802093e+01 7.483263e-25
2.808554e+01 7.472041e-25
2.815031e+01 7.460764e-25
2.821522e+01 7.449433e-25
2.828029e+01 7.438051e-25
2.834550e+01 7.426620e-25
2.841087e+01 7.415142e-25
2.847638e+01 7.403619e-25
2.854205e+01 7.392053e-25
2.860787e+01 7.380447e-25
2.867384e+01 7.368802e-25
2.873996e+01 7.357121e-25
2.880623e+01 7.345405e-25
2.887266e+01 7.333656e-25
2.893924e+01 7.321877e-25
2.900598e+01 7.310069e-25
2.907286e+01 7.298234e-25
2.913991e+01 7.286373e-25
2.920710e+01 7.274490e-25
2.927446e+01 7.262584e-25
2.934196e+01 7.250659e-25
2.940963e+01 7.238716e-25
2.947744e+01 7.226756e-25
2.954542e+01 7.214781e-25
2.961355e+01 7.202793e-25
2.968184e+01 7.190793e-25
2.975029e+01 7.178783e-25
2.981889e+01 7.166764e-25
2.988765e+01 7.154738e-25
2.995658e+01 7.142707e-25
3.002566e+01 7.130673e-25
3.009489e+01 7.118631e-25
3.016429e+01 7.106590e-25
3.023385e+01 7.094549e-25
3.030357e+01 7.082509e-25
3.037345e+01 7.070471e-25
3.044349e+01 7.058436e-25
3.051370e+01 7.046406e-25
3.058406e+01 7.034381e-25
3.065459e+01 7.022364e-25
3.072528e+01 7.010355e-25
3.079613e+01 6.998355e-25
3.086715e+01 6.986364e-25
3.093833e+01 6.974386e-25
3.100967e+01 6.962419e-25
3.108118e+01 6.950466e-25
3.115285e+01 6.938526e-25
3.122469e+01 6.926602e-25
3.129670e+01 6.914694e-25
3.136887e+01 6.902803e-25
3.144120e+01 6.890929e-25
3.151371e+01 6.879074e-25
3.158638e+01 6.867238e-25
3.165922e+01 6.855423e-25
3.173222e+01 6.843628e-25
3.180540e+01 6.831855e-25
3.187874e+01 6.820104e-25
3.195225e+01 6.808376e-25
3.202594e+01 6.796672e-25
3.209979e+01 6.784993e-25
3.217381e+01 6.773338e-25
3.224800e+01 6.761709e-25
3.232237e+01 6.750107e-25
3.239690e+01 6.738531e-25
3.247161e+01 6.726982e-25
3.254649e+01 6.715461e-25
3.262154e+01 6.703969e-25
3.269677e+01 6.692506e-25
3.277217e+01 6.681072e-25
3.284774e+01 6.669667e-25
3.292349e+01 6.658294e-25
3.299941e+01 6.646950e-25
3.307551e+01 6.635638e-25
3.315178e+01 6.624358e-25
3.322823e+01 6.613110e-25
3.330485e+01 6.601895e-25
3.338165e+01 6.590710e-25
3.345863e+01 6.579560e-25
3.353579e+01 6.568443e-25
3.361312e+01 6.557361e-25
3.369063e+01 6.546312e-25
3.376832e+01 6.535295e-25
3.384619e+01 6.524314e-25
3.392424e+01 6.513370e-25
3.400247e+01 6.502459e-25
3.408088e+01 6.491584e-25
3.415947e+01 6.480742e-25
3.423825e+01 6.469940e-25
3.431720e+01 6.459172e-25
3.439634e+01 6.448439e-25
3.447565e+01 6.437742e-25
3.455515e+01 6.427083e-25
3.463484e+01 6.416462e-25
3.471471e+01 6.405876e-25
3.479476e+01 6.395326e-25
3.487500e+01 6.384814e-25
3.495542e+01 6.374341e-25
3.503603e+01 6.363904e-25
3.511682e+01 6.353505e-25
3.519780e+01 6.343141e-25
3.527897e+01 6.332818e-25
3.536032e+01 6.322532e-25
3.544186e+01 6.312282e-25
3.552359e+01 6.302071e-25
3.560551e+01 6.291899e-25
3.568761e+01 6.281764e-25
3.576991e+01 6.271666e-25
3.585240e+01 6.261607e-25
3.593507e+01 6.251588e-25
3.601794e+01 6.241605e-25
3.610100e+01 6.231661e-25
3.618424e+01 6.221753e-25
3.626769e+01 6.211886e-25
3.635132e+01 6.202056e-25
3.643515e+01 6.192265e-25
3.651917e+01 6.182511e-25
3.660338e+01 6.172796e-25
3.668779e+01 6.163119e-25
3.677239e+01 6.153480e-25
3.685719e+01 6.143879e-25
3.694218e+01 6.134316e-25
3.702737e+01 6.124791e-25
3.711275e+01 6.115304e-25
3.719834e+01 6.105855e-25
3.728412e+01 6.096444e-25
3.737009e+01 6.087070e-25
3.745627e+01 6.077735e-25
3.754264e+01 6.068437e-25
3.762922e+01 6.059177e-25
3.771599e+01 6.049954e-25
3.780296e+01 6.040769e-25
3.789014e+01 6.031621e-25
3.797751e+01 6.022512e-25
3.806509e+01 6.013437e-25
3.815287e+01 6.004401e-25
3.824085e+01 5.995402e-25
3.832903e+01 5.986441e-25
3.841742e+01 5.977515e-25
3.850601e+01 5.968627e-25
3.859480e+01 5.959776e-25
3.868380e+01 5.950961e-25
3.877301e+01 5.942182e-25
3.886242e+01 5.933440e-25
3.895204e+01 5.924734e-25
3.904186e+01 5.916065e-25
3.913189e+01 5.907431e-25
3.922213e+01 5.898834e-25
3.931258e+01 5.890273e-25
3.940323e+01 5.881748e-25
3.949410e+01 5.873259e-25
3.958517e+01 5.864807e-25
3.967645e+01 5.856394e-25
3.976795e+01 5.848024e-25
3.985965e+01 5.839711e-25
3.995157e+01 5.831537e-25
4.004370e+01 5.825397e-25
4.013604e+01 5.815900e-25
4.022859e+01 5.806732e-25
4.032136e+01 5.798456e-25
4.041434e+01 5.790285e-25
4.050754e+01 5.782163e-25
4.060095e+01 5.774082e-25
4.069457e+01 5.766037e-25
4.078842e+01 5.758026e-25
4.088247e+01 5.750050e-25
4.097675e+01 5.742109e-25
4.107124e+01 5.734200e-25
4.116595e+01 5.726323e-25
4.126088e+01 5.718481e-25
4.135603e+01 5.710671e-25
4.145140e+01 5.702894e-25
4.154698e+01 5.695149e-25
4.164279e+01 5.687436e-25
4.173882e+01 5.679756e-25
4.183507e+01 5.672108e-25
4.193154e+01 5.664491e-25
4.202824e+01 5.656906e-25
4.212516e+01 5.649353e-25
4.222230e+01 5.641831e-25
4.231966e+01 5.634341e-25
4.241725e+01 5.626881e-25
4.251507e+01 5.619452e-25
4.261311e+01 5.612055e-25
4.271137e+01 5.604688e-25
4.280986e+01 5.597351e-25
4.290858e+01 5.590044e-25
4.300753e+01 5.582768e-25
4.310671e+01 5.575521e-25
4.320611e+01 5.568305e-25
4.330575e+01 5.561118e-25
4.340561e+01 5.553961e-25
4.350570e+01 5.546833e-25
4.360603e+01 5.539735e-25
4.370658e+01 5.532665e-25
4.380737e+01 5.525624e-25
4.390839e+01 5.518613e-25
4.400964e+01 5.511629e-25
4.411113e+01 5.504674e-25
4.421285e+01 5.497748e-25
4.431481e+01 5.490849e-25
4.441700e+01 5.483979e-25
4.451942e+01 5.477136e-25
4.462208e+01 5.470321e-25
4.472498e+01 5.463534e-25
4.482812e+01 5.456774e-25
4.493149e+01 5.450041e-25
4.503511e+01 5.443336e-25
4.513896e+01 5.436657e-25
4.524305e+01 5.430006e-25
4.534738e+01 5.423380e-25
4.545195e+01 5.416781e-25
4.555676e+01 5.410208e-25
4.566182e+01 5.403662e-25
4.576711e+01 5.397142e-25
4.587265e+01 5.390647e-25
4.597843e+01 5.384179e-25
4.608446e+01 5.377735e-25
4.619073e+01 5.371318e-25
4.629725e+01 5.364925e-25
4.640401e+01 5.358558e-25
4.651102e+01 5.352216e-25
4.661827e+01 5.345899e-25
4.672578e+01 5.339607e-25
4.683353e+01 5.333338e-25
4.694152e+01 5.327095e-25
4.704977e+01 5.320876e-25
4.715827e+01 5.314681e-25
4.726702e+01 5.308510e-25
4.737601e+01 5.302362e-25
4.748526e+01 5.296239e-25
4.759476e+01 5.290139e-25
4.770452e+01 5.284062e-25
4.781453e+01 5.278009e-25
4.792479e+01 5.271979e-25
4.803530e+01 5.265972e-25
4.814607e+01 5.259988e-25
4.825710e+01 5.254027e-25
4.836838e+01 5.248088e-25
4.847992e+01 5.242172e-25
4.859171e+01 5.236278e-25
4.870376e+01 5.230407e-25
4.881607e+01 5.224557e-25
4.892864e+01 5.218730e-25
4.904147e+01 5.212925e-25
4.915456e+01 5.207141e-25
4.926792e+01 5.201378e-25
4.938153e+01 5.195637e-25
4.949540e+01 5.189918e-25
4.960954e+01 5.184219e-25
4.972394e+01 5.178542e-25
4.983860e+01 5.172886e-25
4.995353e+01 5.167257e-25
5.006872e+01 5.161637e-25
5.018418e+01 5.156041e-25
5.029991e+01 5.150467e-25
5.041590e+01 5.144913e-25
5.053216e+01 5.139380e-25
5.064869e+01 5.133866e-25
5.076548e+01 5.128372e-25
5.088255e+01 5.122899e-25
5.099988e+01 5.117445e-25
5.111749e+01 5.112010e-25
5.123537e+01 5.106596e-25
5.135352e+01 5.101200e-25
5.147194e+01 5.095824e-25
5.159063e+01 5.090467e-25
5.170960e+01 5.085129e-25
5.182884e+01 5.079810e-25
5.194836e+01 5.074509e-25
5.206816e+01 5.069228e-25
5.218822e+01 5.063964e-25
5.230857e+01 5.058719e-25
5.242920e+01 5.053493e-25
5.255010e+01 5.048285e-25
5.267128e+01 5.043095e-25
5.279274e+01 5.037923e-25
5.291448e+01 5.032768e-25
5.303650e+01 5.027632e-25
5.315880e+01 5.022513e-25
5.328139e+01 5.017412e-25
5.340425e+01 5.012328e-25
5.352741e+01 5.007262e-25
5.365084e+01 5.002213e-25
5.377456e+01 4.997181e-25
5.389856e+01 4.992166e-25
5.402285e+01 4.987168e-25
5.414743e+01 4.982187e-25
5.427230e+01 4.977223e-25
5.439745e+01 4.972275e-25
5.452289e+01 4.967344e-25
5.464862e+01 4.962429e-25
5.477464e+01 4.957531e-25
5.490095e+01 4.952649e-25
5.502755e+01 4.947783e-25
5.515445e+01 4.942933e-25
5.528163e+01 4.938099e-25
5.540911e+01 4.933281e-25
5.553689e+01 4.928479e-25
5.566495e+01 4.923693e-25
5.579332e+01 4.918922e-25
5.592198e+01 4.914167e-25
5.605093e+01 4.909427e-25
5.618019e+01 4.904702e-25
5.630974e+01 4.899992e-25
5.643959e+01 4.895296e-25
5.656974e+01 4.890620e-25
5.670019e+01 4.885956e-25
5.683094e+01 4.881306e-25
5.696200e+01 4.876672e-25
5.709335e+01 4.872053e-25
5.722501e+01 4.867450e-25
5.735697e+01 4.862863e-25
5.748923e+01 4.858300e-25
5.762181e+01 4.853817e-25
5.775468e+01 4.850640e-25
5.788786e+01 4.844686e-25
5.802135e+01 4.840129e-25
5.815515e+01 4.835616e-25
5.828926e+01 4.831121e-25
5.842367e+01 4.826642e-25
5.855840e+01 4.822178e-25
5.869344e+01 4.817727e-25
5.882878e+01 4.813291e-25
5.896444e+01 4.808867e-25
5.910041e+01 4.804458e-25
5.923670e+01 4.800062e-25
5.937330e+01 4.795679e-25
5.951022e+01 4.791310e-25
5.964745e+01 4.786954e-25
5.978500e+01 4.782610e-25
5.992286e+01 4.778280e-25
6.006104e+01 4.773963e-25
6.019954e+01 4.769659e-25
6.033836e+01 4.765367e-25
6.047750e+01 4.761089e-25
6.061697e+01 4.756822e-25
6.075675e+01 4.752569e-25
6.089686e+01 4.748328e-25
6.103728e+01 4.744100e-25
6.117804e+01 4.739884e-25
6.131911e+01 4.735680e-25
6.146052e+01 4.731489e-25
6.160224e+01 4.727309e-25
6.174430e+01 4.723142e-25
6.188668e+01 4.718987e-25
6.202939e+01 4.714844e-25
6.217243e+01 4.710712e-25
6.231580e+01 4.706593e-25
6.245950e+01 4.702486e-25
6.260354e+01 4.698390e-25
6.274790e+01 4.694306e-25
6.289260e+01 4.690233e-25
6.303763e+01 4.686172e-25
6.318299e+01 4.682122e-25
6.332869e+01 4.678084e-25
6.347473e+01 4.674057e-25
6.362110e+01 4.670042e-25
6.376781e+01 4.666038e-25
6.391486e+01 4.662045e-25
6.406225e+01 4.658063e-25
6.420998e+01 4.654092e-25
6.435805e+01 4.650132e-25
6.450646e+01 4.646183e-25
6.465521e+01 4.642245e-25
6.480431e+01 4.638318e-25
6.495375e+01 4.634401e-25
6.510353e+01 4.630496e-25
6.525366e+01 4.626600e-25
6.540413e+01 4.622716e-25
6.555496e+01 4.618842e-25
6.570613e+01 4.614979e-25
6.585765e+01 4.611126e-25
6.600951e+01 4.607283e-25
6.616173e+01 4.603451e-25
6.631430e+01 4.599629e-25
6.646722e+01 4.595817e-25
6.662050e+01 4.592016e-25
6.677412e+01 4.588225e-25
6.692811e+01 4.584443e-25
6.708244e+01 4.580672e-25
6.723714e+01 4.576910e-25
6.739218e+01 4.573159e-25
6.754759e+01 4.569418e-25
6.770336e+01 4.565686e-25
6.785948e+01 4.561964e-25
6.801597e+01 4.558252e-25
6.817281e+01 4.554550e-25
6.833002e+01 4.550857e-25
6.848759e+01 4.547174e-25
6.864552e+01 4.543500e-25
6.880382e+01 4.539836e-25
6.896248e+01 4.536181e-25
6.912151e+01 4.532536e-25
6.928090e+01 4.528900e-25
6.944067e+01 4.525273e-25
6.960080e+01 4.521656e-25
6.976130e+01 4.518048e-25
6.992217e+01 4.514449e-25
7.008341e+01 4.510859e-25
7.024502e+01 4.507279e-25
7.040701e+01 4.503708e-25
7.056936e+01 4.500145e-25
7.073210e+01 4.496591e-25
7.089521e+01 4.493047e-25
7.105869e+01 4.489511e-25
7.122255e+01 4.485984e-25
7.138679e+01 4.482466e-25
7.155141e+01 4.478957e-25
7.171641e+01 4.475456e-25
7.188179e+01 4.471964e-25
7.204755e+01 4.468481e-25
7.221369e+01 4.465007e-25
7.238022e+01 4.461541e-25
7.254713e+01 4.458084e-25
7.271442e+01 4.454635e-25
7.288210e+01 4.451194e-25
7.305017e+01 4.447762e-25
7.321862e+01 4.444339e-25
7.338746e+01 4.440923e-25
7.355669e+01 4.437516e-25
7.372632e+01 4.434118e-25
7.389633e+01 4.430727e-25
7.406674e+01 4.427345e-25
7.423753e+01 4.423971e-25
7.440873e+01 4.420605e-25
7.458031e+01 4.417247e-25
7.475230e+01 4.413898e-25
7.492468e+01 4.410556e-25
7.509745e+01 4.407223e-25
7.527063e+01 4.403897e-25
7.544420e+01 4.400579e-25
7.561818e+01 4.397269e-25
7.579255e+01 4.393968e-25
7.596733e+01 4.390674e-25
7.614251e+01 4.387388e-25
7.631810e+01 4.384109e-25
7.649409e+01 4.380838e-25
7.667048e+01 4.377575e-25
7.684729e+01 4.374320e-25
7.702450e+01 4.371073e-25
7.720212e+01 4.367833e-25
7.738015e+01 4.364600e-25
7.755858e+01 4.361375e-25
7.773744e+01 4.358158e-25
7.791670e+01 4.354948e-25
7.809638e+01 4.351746e-25
7.827647e+01 4.348551e-25
7.845697e+01 4.345364e-25
7.863789e+01 4.342183e-25
7.881923e+01 4.339011e-25
7.900099e+01 4.335845e-25
7.918317e+01 4.332687e-25
7.936577e+01 4.329537e-25
7.954878e+01 4.326393e-25
7.973222e+01 4.323257e-25
7.991609e+01 4.320128e-25
8.010037e+01 4.317006e-25
8.028509e+01 4.313891e-25
8.047022e+01 4.310783e-25
8.065579e+01 4.307683e-25
8.084178e+01 4.304589e-25
8.102820e+01 4.301503e-25
8.121506e+01 4.298424e-25
8.140234e+01 4.295352e-25
8.159005e+01 4.292286e-25
8.177820e+01 4.289228e-25
8.196678e+01 4.286176e-25
8.215580e+01 4.283131e-25
8.234525e+01 4.280094e-25
8.253514e+01 4.277063e-25
8.272546e+01 4.274038e-25
8.291623e+01 4.271021e-25
8.310744e+01 4.268011e-25
8.329908e+01 4.265007e-25
8.349117e+01 4.262010e-25
8.368370e+01 4.259019e-25
8.387668e+01 4.256036e-25
8.407010e+01 4.253059e-25
8.426396e+01 4.250088e-25
8.445828e+01 4.247124e-25
8.465304e+01 4.244167e-25
8.484825e+01 4.241217e-25
8.504391e+01 4.238273e-25
8.524002e+01 4.235335e-25
8.543659e+01 4.232404e-25
8.563360e+01 4.229480e-25
8.583107e+01 4.226562e-25
8.602900e+01 4.223650e-25
8.622738e+01 4.220745e-25
8.642623e+01 4.217846e-25
8.662553e+01 4.214954e-25
8.682528e+01 4.212068e-25
8.702550e+01 4.209189e-25
8.722619e+01 4.206315e-25
8.742733e+01 4.203449e-25
8.762894e+01 4.200588e-25
8.783101e+01 4.197733e-25
8.803355e+01 4.194885e-25
8.823656e+01 4.192043e-25
8.844003e+01 4.189208e-25
8.864397e+01 4.186378e-25
8.884839e+01 4.183555e-25
8.905327e+01 4.180738e-25
8.925863e+01 4.177927e-25
8.946446e+01 4.175122e-25
8.967077e+01 4.172324e-25
8.987755e+01 4.169531e-25
9.008481e+01 4.166745e-25
9.029254e+01 4.163964e-25
9.050076e+01 4.161190e-25
9.070945e+01 4.158421e-25
9.091863e+01 4.155659e-25
9.112829e+01 4.152903e-25
9.133843e+01 4.150153e-25
9.154906e+01 4.147409e-25
9.176017e+01 4.144671e-25
9.197177e+01 4.141939e-25
9.218386e+01 4.139213e-25
9.239644e+01 4.136494e-25
9.260950e+01 4.133780e-25
9.282306e+01 4.131072e-25
9.303711e+01 4.128372e-25
9.325166e+01 4.125678e-25
9.346669e+01 4.122989e-25
9.368223e+01 4.120309e-25
9.389826e+01 4.117637e-25
9.411479e+01 4.114973e-25
9.433182e+01 4.112317e-25
9.454935e+01 4.109672e-25
9.476738e+01 4.107051e-25
9.498592e+01 4.104433e-25
9.520496e+01 4.101787e-25
9.542450e+01 4.099147e-25
9.564455e+01 4.096513e-25
9.586511e+01 4.093885e-25
9.608617e+01 4.091262e-25
9.630775e+01 4.088645e-25
9.652983e+01 4.086033e-25
9.675243e+01 4.083428e-25
9.697554e+01 4.080827e-25
9.719917e+01 4.078232e-25
9.742331e+01 4.075643e-25
9.764797e+01 4.073060e-25
9.787315e+01 4.070482e-25
9.809884e+01 4.067909e-25
9.832506e+01 4.065342e-25
9.855180e+01 4.062781e-25
9.877906e+01 4.060225e-25
9.900685e+01 4.057674e-25
9.923516e+01 4.055129e-25
9.946399e+01 4.052590e-25
9.969336e+01 4.050055e-25
9.992325e+01 4.047527e-25
1.001537e+02 4.045004e-25
1.003846e+02 4.042486e-25
1.006161e+02 4.039973e-25
1.008481e+02 4.037466e-25
1.010807e+02 4.034965e-25
1.013138e+02 4.032468e-25
1.015474e+02 4.029977e-25
1.017816e+02 4.027492e-25
1.020163e+02 4.025012e-25
1.022515e+02 4.022537e-25
1.024873e+02 4.020067e-25
1.027237e+02 4.017603e-25
1.029606e+02 4.015144e-25
1.031980e+02 4.012690e-25
1.034360e+02 4.010242e-25
1.036745e+02 4.007799e-25
1.039136e+02 4.005361e-25
1.041532e+02 4.002928e-25
1.043934e+02 4.000501e-25
1.046341e+02 3.998079e-25
1.048754e+02 3.995662e-25
1.051172e+02 3.993250e-25
1.053596e+02 3.990844e-25
1.056026e+02 3.988443e-25
1.058461e+02 3.986046e-25
1.060902e+02 3.983656e-25
1.063348e+02 3.981270e-25
1.065800e+02 3.978889e-25
1.068258e+02 3.976514e-25
1.070722e+02 3.974143e-25
1.073191e+02 3.971778e-25
1.075665e+02 3.969418e-25
1.078146e+02 3.967063e-25
1.080632e+02 3.964713e-25
1.083124e+02 3.962369e-25
1.085622e+02 3.960029e-25
1.088125e+02 3.957695e-25
1.090634e+02 3.955365e-25
1.093149e+02 3.953041e-25
1.095670e+02 3.950721e-25
1.098197e+02 3.948407e-25
1.100729e+02 3.946098e-25
1.103268e+02 3.943794e-25
1.105812e+02 3.941494e-25
1.108362e+02 3.939200e-25
1.110918e+02 3.936911e-25
1.113480e+02 3.934627e-25
1.116047e+02 3.932348e-25
1.118621e+02 3.930074e-25
1.121200e+02 3.927805e-25
1.123786e+02 3.925541e-25
1.126377e+02 3.923282e-25
1.128975e+02 3.921027e-25
1.131578e+02 3.918778e-25
1.134188e+02 3.916534e-25
1.136803e+02 3.914295e-25
1.139425e+02 3.912060e-25
1.142052e+02 3.909831e-25
1.144686e+02 3.907606e-25
1.147325e+02 3.905387e-25
1.149971e+02 3.903172e-25
1.152623e+02 3.900962e-25
1.155281e+02 3.898757e-25
1.157945e+02 3.896558e-25
1.160615e+02 3.894363e-25
1.163292e+02 3.892172e-25
1.165974e+02 3.889987e-25
1.168663e+02 3.887807e-25
1.171358e+02 3.885631e-25
1.174059e+02 3.883461e-25
1.176766e+02 3.881295e-25
1.179480e+02 3.879134e-25
1.182200e+02 3.876978e-25
1.184926e+02 3.874827e-25
1.187658e+02 3.872680e-25
1.190397e+02 3.870539e-25
1.193142e+02 3.868402e-25
1.195894e+02 3.866270e-25
1.198651e+02 3.864143e-25
1.201416e+02 3.862021e-25
1.204186e+02 3.859904e-25
1.206963e+02 3.857792e-25
1.209746e+02 3.855684e-25
1.212536e+02 3.853581e-25
1.215332e+02 3.851482e-25
1.218134e+02 3.849389e-25
1.220943e+02 3.847300e-25
1.223759e+02 3.845217e-25
1.226581e+02 3.843138e-25
1.229410e+02 3.841063e-25
1.232245e+02 3.838994e-25
1.235086e+02 3.836929e-25
1.237934e+02 3.834869e-25
1.240789e+02 3.832814e-25
1.243650e+02 3.830764e-25
1.246518e+02 3.828718e-25
1.249393e+02 3.826677e-25
1.252274e+02 3.824641e-25
1.255161e+02 3.822610e-25
1.258056e+02 3.820583e-25
1.260957e+02 3.818561e-25
1.263865e+02 3.816544e-25
1.266779e+02 3.814532e-25
1.269700e+02 3.812524e-25
1.272628e+02 3.810521e-25
1.275563e+02 3.808523e-25
1.278504e+02 3.806529e-25
1.281453e+02 3.804541e-25
1.284408e+02 3.802556e-25
1.287370e+02 3.800577e-25
1.290338e+02 3.798602e-25
1.293314e+02 3.796632e-25
1.296296e+02 3.794667e-25
1.299285e+02 3.792707e-25
1.302282e+02 3.790751e-25
1.305285e+02 3.788800e-25
1.308295e+02 3.786853e-25
1.311312e+02 3.784911e-25
1.314335e+02 3.782974e-25
1.317366e+02 3.781042e-25
1.320404e+02 3.779114e-25
1.323449e+02 3.777191e-25
1.326501e+02 3.775273e-25
1.329560e+02 3.773359e-25
1.332626e+02 3.771451e-25
1.335699e+02 3.769546e-25
1.338779e+02 3.767647e-25
1.341866e+02 3.765752e-25
1.344961e+02 3.763862e-25
1.348062e+02 3.761976e-25
1.351171e+02 3.760095e-25
1.354287e+02 3.758219e-25
1.357410e+02 3.756347e-25
1.360540e+02 3.754481e-25
1.363677e+02 3.752618e-25
1.366822e+02 3.750761e-25
1.369974e+02 3.748908e-25
1.373133e+02 3.747060e-25
1.376299e+02 3.745216e-25
1.379473e+02 3.743377e-25
1.382654e+02 3.741543e-25
1.385843e+02 3.739714e-25
1.389038e+02 3.737889e-25
1.392241e+02 3.736068e-25
1.395452e+02 3.734253e-25
1.398670e+02 3.732442e-25
1.401895e+02 3.730636e-25
1.405128e+02 3.728834e-25
1.408368e+02 3.727037e-25
1.411616e+02 3.725245e-25
1.414871e+02 3.723457e-25
1.418134e+02 3.721674e-25
1.421404e+02 3.719896e-25
1.424682e+02 3.718122e-25
1.427967e+02 3.716353e-25
1.431260e+02 3.714589e-25
1.434561e+02 3.712829e-25
1.437869e+02 3.711074e-25
1.441184e+02 3.709324e-25
1.444508e+02 3.707578e-25
1.447839e+02 3.705837e-25
1.451178e+02 3.704101e-25
1.454524e+02 3.702369e-25
1.457878e+02 3.700642e-25
1.461240e+02 3.698920e-25
1.464610e+02 3.697202e-25
1.467987e+02 3.695489e-25
1.471372e+02 3.693780e-25
1.474765e+02 3.692076e-25
1.478166e+02 3.690377e-25
1.481575e+02 3.688683e-25
1.484991e+02 3.686993e-25
1.488416e+02 3.685308e-25
1.491848e+02 3.683628e-25
1.495288e+02 3.681952e-25
1.498736e+02 3.680281e-25
1.502192e+02 3.678614e-25
1.505657e+02 3.676953e-25
1.509129e+02 3.675295e-25
1.512609e+02 3.673643e-25
1.516097e+02 3.671995e-25
1.519593e+02 3.670352e-25
1.523097e+02 3.668714e-25
1.526609e+02 3.667080e-25
1.530130e+02 3.665451e-25
1.533658e+02 3.663827e-25
1.537195e+02 3.662207e-25
1.540740e+02 3.660592e-25
1.544293e+02 3.658982e-25
1.547854e+02 3.657376e-25
1.551423e+02 3.655776e-25
1.555001e+02 3.654179e-25
1.558587e+02 3.652588e-25
1.562181e+02 3.651001e-25
1.565783e+02 3.649419e-25
1.569394e+02 3.647842e-25
1.573013e+02 3.646269e-25
1.576640e+02 3.644701e-25
1.580276e+02 3.643138e-25
1.583920e+02 3.641579e-25
1.587573e+02 3.640025e-25
1.591233e+02 3.638476e-25
1.594903e+02 3.636932e-25
1.598581e+02 3.635392e-25
1.602267e+02 3.633857e-25
1.605962e+02 3.632327e-25
1.609665e+02 3.630802e-25
1.613377e+02 3.629281e-25
1.617098e+02 3.627765e-25
1.620827e+02 3.626254e-25
1.624564e+02 3.624747e-25
1.628311e+02 3.623245e-25
1.632065e+02 3.621748e-25
1.635829e+02 3.620256e-25
1.639601e+02 3.618769e-25
1.643382e+02 3.617286e-25
1.647172e+02 3.615808e-25
1.650970e+02 3.614335e-25
1.654777e+02 3.612866e-25
1.658593e+02 3.611403e-25
1.662418e+02 3.609944e-25
1.666252e+02 3.608490e-25
1.670094e+02 3.607040e-25
1.673945e+02 3.605596e-25
1.677805e+02 3.604156e-25
1.681674e+02 3.602721e-25
1.685552e+02 3.601291e-25
1.689439e+02 3.599866e-25
1.693335e+02 3.598445e-25
1.697240e+02 3.597030e-25
1.701154e+02 3.595619e-25
1.705077e+02 3.594213e-25
1.709009e+02 3.592812e-25
1.712950e+02 3.591415e-25
1.716900e+02 3.590024e-25
1.720859e+02 3.588637e-25
1.724827e+02 3.587255e-25
1.728805e+02 3.585878e-25
1.732791e+02 3.584506e-25
1.736787e+02 3.583138e-25
1.740792e+02 3.581776e-25
1.744806e+02 3.580418e-25
1.748830e+02 3.579066e-25
1.752863e+02 3.577718e-25
1.756905e+02 3.576375e-25
1.760956e+02 3.575037e-25
1.765017e+02 3.573704e-25
1.769087e+02 3.572375e-25
1.773167e+02 3.571052e-25
1.777256e+02 3.569733e-25
1.781354e+02 3.568420e-25
1.785462e+02 3.567111e-25
1.789579e+02 3.565807e-25
1.793706e+02 3.564509e-25
1.797842e+02 3.563215e-25
1.801988e+02 3.561926e-25
1.806143e+02 3.560642e-25
1.810308e+02 3.559363e-25
1.814483e+02 3.558089e-25
1.818667e+02 3.556820e-25
1.822861e+02 3.555556e-25
1.827065e+02 3.554296e-25
1.831278e+02 3.553042e-25
1.835501e+02 3.551793e-25
1.839734e+02 3.550549e-25
1.843976e+02 3.549310e-25
1.848228e+02 3.548075e-25
1.852490e+02 3.546846e-25
1.856762e+02 3.545622e-25
1.861044e+02 3.544403e-25
1.865335e+02 3.543189e-25
1.869637e+02 3.541980e-25
1.873948e+02 3.540776e-25
1.878270e+02 3.539577e-25
1.882601e+02 3.538383e-25
1.886942e+02 3.537194e-25
1.891293e+02 3.536010e-25
1.895655e+02 3.534831e-25
1.900026e+02 3.533658e-25
1.904408e+02 3.532489e-25
1.908799e+02 3.531326e-25
1.913201e+02 3.530167e-25
1.917613e+02 3.529014e-25
1.922035e+02 3.527866e-25
1.926467e+02 3.526723e-25
1.930910e+02 3.525585e-25
1.935362e+02 3.524452e-25
1.939825e+02 3.523325e-25
1.944298e+02 3.522202e-25
1.948782e+02 3.521085e-25
1.953276e+02 3.519973e-25
1.957780e+02 3.518866e-25
1.962295e+02 3.517764e-25
1.966820e+02 3.516668e-25
1.971355e+02 3.515577e-25
1.975901e+02 3.514491e-25
1.980458e+02 3.513410e-25
1.985025e+02 3.512334e-25
1.989602e+02 3.511264e-25
1.994190e+02 3.510198e-25
1.998789e+02 3.509138e-25
2.003398e+02 3.508084e-25
2.008018e+02 3.507034e-25
2.012648e+02 3.505990e-25
2.017290e+02 3.504951e-25
2.021942e+02 3.503918e-25
2.026604e+02 3.502889e-25
2.031277e+02 3.501866e-25
2.035962e+02 3.500849e-25
2.040657e+02 3.499836e-25
2.045362e+02 3.498829e-25
2.050079e+02 3.497828e-25
2.054806e+02 3.496831e-25
2.059545e+02 3.495841e-25
2.064294e+02 3.494855e-25
2.069054e+02 3.493875e-25
2.073826e+02 3.492900e-25
2.078608e+02 3.491931e-25
2.083401e+02 3.490967e-25
2.088206e+02 3.490008e-25
2.093021e+02 3.489055e-25
2.097848e+02 3.488107e-25
2.102685e+02 3.487165e-25
2.107534e+02 3.486228e-25
2.112394e+02 3.485297e-25
2.117265e+02 3.484371e-25
2.122148e+02 3.483451e-25
2.127041e+02 3.482536e-25
2.131946e+02 3.481626e-25
2.136863e+02 3.480722e-25
2.141790e+02 3.479824e-25
2.146729e+02 3.478931e-25
2.151680e+02 3.478044e-25
2.156641e+02 3.477162e-25
2.161615e+02 3.476286e-25
2.166599e+02 3.475415e-25
2.171595e+02 3.474550e-25
2.176603e+02 3.473691e-25
2.181622e+02 3.472837e-25
2.186653e+02 3.471989e-25
2.191696e+02 3.471146e-25
2.196750e+02 3.470310e-25
2.201816e+02 3.469478e-25
2.206893e+02 3.468653e-25
2.211982e+02 3.467833e-25
2.217083e+02 3.467018e-25
2.222195e+02 3.466210e-25
2.227320e+02 3.465407e-25
2.232456e+02 3.464610e-25
2.237604e+02 3.463818e-25
2.242764e+02 3.463033e-25
2.247936e+02 3.462253e-25
2.253120e+02 3.461479e-25
2.258315e+02 3.460710e-25
2.263523e+02 3.459948e-25
2.268743e+02 3.459191e-25
2.273975e+02 3.458440e-25
2.279218e+02 3.457695e-25
2.284474e+02 3.456955e-25
2.289742e+02 3.456222e-25
2.295022e+02 3.455494e-25
2.300315e+02 3.454772e-25
2.305619e+02 3.454056e-25
2.310936e+02 3.453346e-25
2.316265e+02 3.452642e-25
2.321606e+02 3.451944e-25
2.326960e+02 3.451252e-25
2.332326e+02 3.450565e-25
2.337704e+02 3.449885e-25
2.343095e+02 3.449211e-25
2.348498e+02 3.448542e-25
2.353914e+02 3.447880e-25
2.359342e+02 3.447223e-25
2.364783e+02 3.446573e-25
2.370236e+02 3.445928e-25
2.375702e+02 3.445290e-25
2.381180e+02 3.444658e-25
2.386671e+02 3.444032e-25
2.392175e+02 3.443411e-25
2.397691e+02 3.442797e-25
2.403220e+02 3.442189e-25
2.408762e+02 3.441588e-25
2.414317e+02 3.440992e-25
2.419884e+02 3.440402e-25
2.425465e+02 3.439819e-25
2.431058e+02 3.439242e-25
2.436664e+02 3.438671e-25
2.442283e+02 3.438106e-25
2.447915e+02 3.437547e-25
2.453560e+02 3.436995e-25
2.459217e+02 3.436449e-25
2.464888e+02 3.435909e-25
2.470572e+02 3.435376e-25
2.476270e+02 3.434848e-25
2.481980e+02 3.434327e-25
2.487703e+02 3.433813e-25
2.493440e+02 3.433304e-25
2.499190e+02 3.432802e-25
2.504953e+02 3.432307e-25
2.510730e+02 3.431817e-25
2.516519e+02 3.431335e-25
2.522322e+02 3.430858e-25
2.528139e+02 3.430388e-25
2.533969e+02 3.429925e-25
2.539812e+02 3.429467e-25
2.545669e+02 3.429017e-25
2.551539e+02 3.428573e-25
2.557423e+02 3.428135e-25
2.563321e+02 3.427704e-25
2.569232e+02 3.427279e-25
2.575156e+02 3.426861e-25
2.581095e+02 3.426449e-25
2.587047e+02 3.426044e-25
2.593012e+02 3.425646e-25
2.598992e+02 3.425254e-25
2.604985e+02 3.424869e-25
2.610992e+02 3.424491e-25
2.617013e+02 3.424119e-25
2.623048e+02 3.423753e-25
2.629097e+02 3.423395e-25
2.635160e+02 3.423043e-25
2.641236e+02 3.422698e-25
2.647327e+02 3.422360e-25
2.653432e+02 3.422028e-25
2.659551e+02 3.421703e-25
2.665684e+02 3.421385e-25
2.671831e+02 3.421074e-25
2.677992e+02 3.420769e-25
2.684167e+02 3.420472e-25
2.690357e+02 3.420181e-25
2.696561e+02 3.419897e-25
2.702779e+02 3.419620e-25
2.709012e+02 3.419350e-25
2.715259e+02 3.419087e-25
2.721520e+02 3.418831e-25
2.727796e+02 3.418581e-25
2.734087e+02 3.418339e-25
2.740391e+02 3.418104e-25
2.746711e+02 3.417875e-25
2.753045e+02 3.417654e-25
2.759393e+02 3.417440e-25
2.765756e+02 3.417233e-25
2.772134e+02 3.417033e-25
2.778527e+02 3.416840e-25
2.784934e+02 3.416654e-25
2.791356e+02 3.416475e-25
2.797793e+02 3.416303e-25
2.804245e+02 3.416139e-25
2.810712e+02 3.415981e-25
2.817193e+02 3.415831e-25
2.823690e+02 3.415689e-25
2.830201e+02 3.415553e-25
2.836727e+02 3.415425e-25
2.843269e+02 3.415304e-25
2.849826e+02 3.415190e-25
2.856397e+02 3.415083e-25
2.862984e+02 3.414984e-25
2.869586e+02 3.414893e-25
2.876203e+02 3.414808e-25
2.882836e+02 3.414731e-25
2.889484e+02 3.414662e-25
2.896147e+02 3.414600e-25
2.902826e+02 3.414545e-25
2.909520e+02 3.414498e-25
2.916229e+02 3.414458e-25
2.922954e+02 3.414426e-25
2.929694e+02 3.414401e-25
2.936450e+02 3.414384e-25
2.943221e+02 3.414374e-25
2.950009e+02 3.414372e-25
2.956811e+02 3.414378e-25
2.963630e+02 3.414391e-25
2.970464e+02 3.414412e-25
2.977314e+02 3.414441e-25
2.984179e+02 3.414477e-25
2.991061e+02 3.414521e-25
2.997958e+02 3.414573e-25
3.004872e+02 3.414632e-25
3.011801e+02 3.414700e-25
3.018746e+02 3.414775e-25
3.025708e+02 3.414858e-25
3.032685e+02 3.414948e-25
3.039678e+02 3.415047e-25
3.046688e+02 3.415153e-25
3.053713e+02 3.415268e-25
3.060755e+02 3.415390e-25
3.067813e+02 3.415520e-25
3.074888e+02 3.415659e-25
3.081979e+02 3.415805e-25
3.089086e+02 3.415959e-25
3.096209e+02 3.416121e-25
3.103349e+02 3.416291e-25
3.110505e+02 3.416470e-25
3.117678e+02 3.416656e-25
3.124868e+02 3.416851e-25
3.132073e+02 3.417053e-25
3.139296e+02 3.417264e-25
3.146535e+02 3.417483e-25
3.153791e+02 3.417711e-25
3.161064e+02 3.417946e-25
3.168353e+02 3.418190e-25
3.175660e+02 3.418442e-25
3.182983e+02 3.418702e-25
3.190323e+02 3.418971e-25
3.197680e+02 3.419248e-25
3.205053e+02 3.419533e-25
3.212444e+02 3.419827e-25
3.219852e+02 3.420129e-25
3.227277e+02 3.420440e-25
3.234719e+02 3.420759e-25
3.242179e+02 3.421086e-25
3.249655e+02 3.421422e-25
3.257149e+02 3.421767e-25
3.264660e+02 3.422120e-25
3.272188e+02 3.422481e-25
3.279734e+02 3.422852e-25
3.287297e+02 3.423231e-25
3.294878e+02 3.423618e-25
3.302476e+02 3.424015e-25
3.310091e+02 3.424419e-25
3.317724e+02 3.424833e-25
3.325375e+02 3.425256e-25
3.333043e+02 3.425687e-25
3.340729e+02 3.426127e-25
3.348433e+02 3.426576e-25
3.356155e+02 3.427033e-25
3.363894e+02 3.427500e-25
3.371651e+02 3.427975e-25
3.379426e+02 3.428460e-25
3.387219e+02 3.428953e-25
3.395030e+02 3.429455e-25
3.402859e+02 3.429967e-25
3.410706e+02 3.430487e-25
3.418571e+02 3.431016e-25
3.426454e+02 3.431555e-25
3.434356e+02 3.432102e-25
3.442275e+02 3.432659e-25
3.450213e+02 3.433225e-25
3.458170e+02 3.433800e-25
3.466144e+02 3.434384e-25
3.474137e+02 3.434977e-25
3.482148e+02 3.435580e-25
3.490178e+02 3.436192e-25
3.498227e+02 3.436814e-25
3.506294e+02 3.437444e-25
3.514379e+02 3.438084e-25
3.522483e+02 3.438734e-25
3.530606e+02 3.439393e-25
3.538748e+02 3.440061e-25
3.546908e+02 3.440739e-25
3.555087e+02 3.441426e-25
3.563285e+02 3.442123e-25
3.571502e+02 3.442830e-25
3.579738e+02 3.443546e-25
3.587993e+02 3.444272e-25
3.596267e+02 3.445007e-25
3.604560e+02 3.445752e-25
3.612872e+02 3.446507e-25
3.621204e+02 3.447272e-25
3.629554e+02 3.448046e-25
3.637924e+02 3.448830e-25
3.646313e+02 3.449624e-25
3.654721e+02 3.450428e-25
3.663149e+02 3.451242e-25
3.671597e+02 3.452066e-25
3.680063e+02 3.452899e-25
3.688550e+02 3.453743e-25
3.697055e+02 3.454597e-25
3.705581e+02 3.455461e-25
3.714126e+02 3.456335e-25
3.722691e+02 3.457219e-25
3.731275e+02 3.458113e-25
3.739880e+02 3.459018e-25
3.748504e+02 3.459933e-25
3.757148e+02 3.460858e-25
3.765812e+02 3.461794e-25
3.774496e+02 3.462739e-25
3.783200e+02 3.463696e-25
3.791924e+02 3.464663e-25
3.800668e+02 3.465640e-25
3.809433e+02 3.466628e-25
3.818217e+02 3.467626e-25
3.827022e+02 3.468636e-25
3.835847e+02 3.469656e-25
3.844693e+02 3.470686e-25
3.853558e+02 3.471728e-25
3.862445e+02 3.472780e-25
3.871352e+02 3.473844e-25
3.880279e+02 3.474918e-25
3.889227e+02 3.476004e-25
3.898196e+02 3.477101e-25
3.907185e+02 3.478209e-25
3.916195e+02 3.479328e-25
3.925226e+02 3.480459e-25
3.934277e+02 3.481602e-25
3.943350e+02 3.482756e-25
3.952443e+02 3.483922e-25
3.961557e+02 3.485100e-25
3.970693e+02 3.486290e-25
3.979849e+02 3.487492e-25
3.989027e+02 3.488707e-25
3.998226e+02 3.489935e-25
4.007445e+02 3.491175e-25
4.016687e+02 3.492429e-25
4.025949e+02 3.493696e-25
4.035233e+02 3.494978e-25
4.044538e+02 3.496273e-25
4.053865e+02 3.497584e-25
4.063213e+02 3.498910e-25
4.072583e+02 3.500252e-25
4.081975e+02 3.501612e-25
4.091388e+02 3.502990e-25
4.100822e+02 3.504387e-25
4.110279e+02 3.505805e-25
4.119757e+02 3.507246e-25
4.129257e+02 3.508712e-25
4.138780e+02 3.510208e-25
4.148324e+02 3.511736e-25
4.157890e+02 3.513302e-25
4.167478e+02 3.514913e-25
4.177088e+02 3.516579e-25
4.186720e+02 3.518314e-25
4.196375e+02 3.520136e-25
4.206052e+02 3.522073e-25
4.215751e+02 3.524168e-25
4.225473e+02 3.526487e-25
4.235217e+02 3.529137e-25
4.244983e+02 3.532307e-25
4.254772e+02 3.536346e-25
4.264584e+02 3.541966e-25
4.274418e+02 3.550812e-25
4.284275e+02 3.567431e-25
4.294154e+02 3.608586e-25
4.304056e+02 3.781807e-25
4.313982e+02 8.879987e-25
4.323930e+02 4.055594e-25
4.333901e+02 3.646261e-25
4.343895e+02 3.584734e-25
4.353912e+02 3.565891e-25
4.363952e+02 3.558467e-25
4.374015e+02 3.555341e-25
4.384102e+02 3.554190e-25
4.394212e+02 3.554073e-25
4.404345e+02 3.554552e-25
4.414501e+02 3.555400e-25
4.424681e+02 3.556490e-25
4.434884e+02 3.557748e-25
4.445111e+02 3.559126e-25
4.455362e+02 3.560594e-25
4.465636e+02 3.562132e-25
4.475934e+02 3.563726e-25
4.486255e+02 3.565365e-25
4.496600e+02 3.567042e-25
4.506970e+02 3.568752e-25
4.517363e+02 3.570491e-25
4.527780e+02 3.572255e-25
4.538221e+02 3.574044e-25
4.548686e+02 3.575853e-25
4.559175e+02 3.577683e-25
4.569689e+02 3.579532e-25
4.580227e+02 3.581398e-25
4.590789e+02 3.583283e-25
4.601375e+02 3.585183e-25
4.611986e+02 3.587100e-25
4.622621e+02 3.589033e-25
4.633281e+02 3.590981e-25
4.643965e+02 3.592945e-25
4.654674e+02 3.594923e-25
4.665408e+02 3.596916e-25
4.676166e+02 3.598924e-25
4.686950e+02 3.600946e-25
4.697758e+02 3.602982e-25
4.708591e+02 3.605033e-25
4.719449e+02 3.607098e-25
4.730332e+02 3.609177e-25
4.741240e+02 3.611270e-25
4.752174e+02 3.613378e-25
4.763132e+02 3.615499e-25
4.774116e+02 3.617634e-25
4.785125e+02 3.619784e-25
4.796160e+02 3.621947e-25
4.807220e+02 3.624124e-25
4.818305e+02 3.626315e-25
4.829416e+02 3.628521e-25
4.840553e+02 3.630740e-25
4.851715e+02 3.632973e-25
4.862903e+02 3.635221e-25
4.874117e+02 3.637482e-25
4.885357e+02 3.639757e-25
4.896623e+02 3.642047e-25
4.907914e+02 3.644351e-25
4.919232e+02 3.646668e-25
4.930576e+02 3.649001e-25
4.941946e+02 3.651347e-25
4.953342e+02 3.653710e-25
4.964764e+02 3.656071e-25
4.976213e+02 3.658466e-25
4.987688e+02 3.660870e-25
4.999190e+02 3.663288e-25
5.010718e+02 3.665720e-25
5.022273e+02 3.668166e-25
5.033854e+02 3.670626e-25
5.045462e+02 3.673101e-25
5.057097e+02 3.675590e-25
5.068759e+02 3.678094e-25
5.080447e+02 3.680612e-25
5.092163e+02 3.683145e-25
5.103906e+02 3.685693e-25
5.115675e+02 3.688255e-25
5.127472e+02 3.690831e-25
5.139296e+02 3.693423e-25
5.151147e+02 3.696029e-25
5.163026e+02 3.698650e-25
5.174932e+02 3.701286e-25
5.186865e+02 3.703936e-25
5.198826e+02 3.706602e-25
5.210815e+02 3.709282e-25
5.222831e+02 3.711978e-25
5.234875e+02 3.714688e-25
5.246946e+02 3.717413e-25
5.259046e+02 3.720154e-25
5.271173e+02 3.722909e-25
5.283329e+02 3.725680e-25
5.295512e+02 3.728466e-25
5.307724e+02 3.731267e-25
5.319963e+02 3.734084e-25
5.332231e+02 3.736915e-25
5.344527e+02 3.739762e-25
5.356852e+02 3.742625e-25
5.369205e+02 3.745502e-25
5.381586e+02 3.748396e-25
5.393996e+02 3.751304e-25
5.406435e+02 3.754229e-25
5.418902e+02 3.757168e-25
5.431398e+02 3.760124e-25
5.443923e+02 3.763095e-25
5.456477e+02 3.766081e-25
5.469059e+02 3.769084e-25
5.481671e+02 3.772102e-25
5.494312e+02 3.775136e-25
5.506982e+02 3.778186e-25
5.519681e+02 3.781252e-25
5.532409e+02 3.784333e-25
5.545167e+02 3.787431e-25
5.557954e+02 3.790545e-25
5.570771e+02 3.793674e-25
5.583617e+02 3.796820e-25
5.596493e+02 3.799982e-25
5.609399e+02 3.803160e-25
5.622334e+02 3.806354e-25
5.635299e+02 3.809564e-25
5.648294e+02 3.812791e-25
5.661319e+02 3.816034e-25
5.674374e+02 3.819293e-25
5.687459e+02 3.822569e-25
5.700575e+02 3.825861e-25
5.713720e+02 3.829170e-25
5.726896e+02 3.832495e-25
5.740102e+02 3.835837e-25
5.753339e+02 3.839196e-25
5.766606e+02 3.842571e-25
5.779904e+02 3.845962e-25
5.793233e+02 3.849371e-25
5.806592e+02 3.852796e-25
5.819982e+02 3.856238e-25
5.833403e+02 3.859697e-25
5.846855e+02 3.863173e-25
5.860338e+02 3.866666e-25
5.873852e+02 3.870175e-25
5.887397e+02 3.873702e-25
5.900973e+02 3.877246e-25
5.914581e+02 3.880807e-25
5.928220e+02 3.884385e-25
5.941890e+02 3.887980e-25
5.955593e+02 3.891593e-25
5.969326e+02 3.895223e-25
5.983091e+02 3.898870e-25
5.996889e+02 3.902534e-25
6.010717e+02 3.906216e-25
6.024578e+02 3.909915e-25
6.038471e+02 3.913632e-25
6.052396e+02 3.917366e-25
6.066353e+02 3.921118e-25
6.080342e+02 3.924888e-25
6.094363e+02 3.928675e-25
6.108417e+02 3.932479e-25
6.122503e+02 3.936302e-25
6.136621e+02 3.940142e-25
6.150772e+02 3.944001e-25
6.164956e+02 3.947877e-25
6.179172e+02 3.951771e-25
6.193422e+02 3.955683e-25
6.207704e+02 3.959612e-25
6.222019e+02 3.963560e-25
6.236367e+02 3.967527e-25
6.250748e+02 3.971511e-25
6.265162e+02 3.975513e-25
6.279610e+02 3.979534e-25
6.294090e+02 3.983573e-25
6.308605e+02 3.987630e-25
6.323152e+02 3.991705e-25
6.337734e+02 3.995799e-25
6.352348e+02 3.999911e-25
6.366997e+02 4.004042e-25
6.381679e+02 4.008192e-25
6.396396e+02 4.012360e-25
6.411146e+02 4.016546e-25
6.425930e+02 4.020751e-25
6.440748e+02 4.024975e-25
6.455600e+02 4.029218e-25
6.470487e+02 4.033479e-25
6.485408e+02 4.037760e-25
6.500364e+02 4.042059e-25
6.515353e+02 4.046377e-25
6.530378e+02 4.050714e-25
6.545437e+02 4.055070e-25
6.560531e+02 4.059445e-25
6.575659e+02 4.063839e-25
6.590823e+02 4.068253e-25
6.606021e+02 4.072685e-25
6.621255e+02 4.077137e-25
6.636524e+02 4.081608e-25
6.651828e+02 4.086099e-25
6.667167e+02 4.090609e-25
6.682541e+02 4.095138e-25
6.697951e+02 4.099687e-25
6.713397e+02 4.104255e-25
6.728878e+02 4.108843e-25
6.744395e+02 4.113450e-25
6.759947e+02 4.118077e-25
6.775536e+02 4.122724e-25
6.791160e+02 4.127391e-25
6.806821e+02 4.132077e-25
6.822517e+02 4.136783e-25
6.838250e+02 4.141509e-25
6.854019e+02 4.146255e-25
6.869825e+02 4.151021e-25
6.885666e+02 4.155807e-25
6.901545e+02 4.160613e-25
6.917460e+02 4.165439e-25
6.933412e+02 4.170286e-25
6.949400e+02 4.175152e-25
6.965425e+02 4.180039e-25
6.981488e+02 4.184946e-25
6.997587e+02 4.189874e-25
7.013724e+02 4.194821e-25
7.029897e+02 4.199790e-25
7.046108e+02 4.204779e-25
7.062357e+02 4.209788e-25
7.078643e+02 4.214818e-25
7.094966e+02 4.219869e-25
7.111327e+02 4.224940e-25
7.127726e+02 4.230032e-25
7.144162e+02 4.235145e-25
7.160637e+02 4.240278e-25
7.177149e+02 4.245433e-25
7.193700e+02 4.250608e-25
7.210289e+02 4.255805e-25
7.226916e+02 4.261022e-25
7.243581e+02 4.266260e-25
7.260285e+02 4.271520e-25
7.277027e+02 4.276801e-25
7.293808e+02 4.282103e-25
7.310627e+02 4.287426e-25
7.327486e+02 4.292771e-25
7.344383e+02 4.298137e-25
7.361319e+02 4.303524e-25
7.378294e+02 4.308933e-25
7.395309e+02 4.314363e-25
7.412363e+02 4.319815e-25
7.429455e+02 4.325289e-25
7.446588e+02 4.330784e-25
7.463760e+02 4.336301e-25
7.480971e+02 4.341839e-25
7.498222e+02 4.347400e-25
7.515513e+02 4.352982e-25
7.532844e+02 4.358586e-25
7.550215e+02 4.364213e-25
7.567626e+02 4.369861e-25
7.585077e+02 4.375531e-25
7.602568e+02 4.381223e-25
7.620100e+02 4.386938e-25
7.637672e+02 4.392675e-25
7.655284e+02 4.398434e-25
7.672937e+02 4.404215e-25
7.690631e+02 4.410019e-25
7.708366e+02 4.415845e-25
7.726141e+02 4.421694e-25
7.743958e+02 4.427565e-25
7.761816e+02 4.433459e-25
7.779714e+02 4.439376e-25
7.797654e+02 4.445315e-25
7.815636e+02 4.451277e-25
7.833659e+02 4.457261e-25
7.851723e+02 4.463269e-25
7.869829e+02 4.469300e-25
7.887977e+02 4.475353e-25
7.906167e+02 4.481430e-25
7.924399e+02 4.487530e-25
7.942672e+02 4.493653e-25
7.960988e+02 4.499799e-25
7.979346e+02 4.505968e-25
7.997747e+02 4.512161e-25
8.016190e+02 4.518378e-25
8.034675e+02 4.524618e-25
8.053203e+02 4.530882e-25
8.071774e+02 4.537169e-25
8.090387e+02 4.543480e-25
8.109044e+02 4.549816e-25
8.127744e+02 4.556175e-25
8.146486e+02 4.562559e-25
8.165272e+02 4.568968e-25
8.184101e+02 4.575401e-25
8.202974e+02 4.581859e-25
8.221890e+02 4.588343e-25
8.240850e+02 4.594854e-25
8.259853e+02 4.601391e-25
8.278900e+02 4.607955e-25
8.297992e+02 4.614550e-25
8.317127e+02 4.621176e-25
8.336306e+02 4.627838e-25
8.355530e+02 4.634542e-25
8.374798e+02 4.641299e-25
8.394110e+02 4.648130e-25
8.413467e+02 4.655083e-25
8.432868e+02 4.662272e-25
8.452315e+02 4.670060e-25
8.471806e+02 4.680115e-25
8.491342e+02 4.712094e-25
8.510923e+02 4.891896e-25
8.530549e+02 4.704702e-25
8.550221e+02 4.704975e-25
8.569938e+02 4.710330e-25
8.589700e+02 4.716673e-25
8.609508e+02 4.723347e-25
8.629361e+02 4.730174e-25
8.649261e+02 4.737089e-25
8.669206e+02 4.744062e-25
8.689197e+02 4.751080e-25
8.709235e+02 4.758137e-25
8.729318e+02 4.765227e-25
8.749448e+02 4.772347e-25
8.769624e+02 4.779497e-25
8.789847e+02 4.786676e-25
8.810117e+02 4.793882e-25
8.830433e+02 4.801116e-25
8.850796e+02 4.808376e-25
8.871206e+02 4.815663e-25
8.891663e+02 4.822976e-25
8.912167e+02 4.830316e-25
8.932719e+02 4.837682e-25
8.953318e+02 4.845075e-25
8.973964e+02 4.852494e-25
8.994658e+02 4.859939e-25
9.015400e+02 4.867410e-25
9.036189e+02 4.874908e-25
9.057027e+02 4.882432e-25
9.077913e+02 4.889983e-25
9.098846e+02 4.897560e-25
9.119828e+02 4.905164e-25
9.140859e+02 4.912794e-25
9.161938e+02 4.920451e-25
9.183065e+02 4.928134e-25
9.204241e+02 4.935844e-25
9.225466e+02 4.943581e-25
9.246740e+02 4.951344e-25
9.268063e+02 4.959135e-25
9.289436e+02 4.966952e-25
9.310857e+02 4.974796e-25
9.332328e+02 4.982668e-25
9.353848e+02 4.990566e-25
9.375419e+02 4.998491e-25
9.397038e+02 5.006444e-25
9.418708e+02 5.014424e-25
9.440428e+02 5.022431e-25
9.462197e+02 5.030466e-25
9.484017e+02 5.038528e-25
9.505887e+02 5.046617e-25
9.527808e+02 5.054734e-25
9.549779e+02 5.062879e-25
9.571801e+02 5.071051e-25
9.593874e+02 5.079251e-25
9.615997e+02 5.087479e-25
9.638172e+02 5.095734e-25
9.660398e+02 5.104018e-25
9.682674e+02 5.112329e-25
9.705003e+02 5.120669e-25
9.727383e+02 5.129037e-25
9.749814e+02 5.137432e-25
9.772297e+02 5.145856e-25
9.794832e+02 5.154309e-25
9.817419e+02 5.162789e-25
9.840058e+02 5.171298e-25
9.862749e+02 5.179836e-25
9.885493e+02 5.188402e-25
9.908289e+02 5.196997e-25
9.931138e+02 5.205620e-25
9.954039e+02 5.214272e-25
9.976993e+02 5.222953e-25