1.000000e+00 4.456561e-17
1.002306e+00 4.633447e-17
1.004617e+00 4.822452e-17
1.006934e+00 5.024345e-17
1.009256e+00 5.239952e-17
1.011583e+00 5.485166e-17
1.013916e+00 5.746851e-17
1.016254e+00 6.019770e-17
1.018598e+00 6.297553e-17
1.020947e+00 6.564834e-17
1.023301e+00 6.864845e-17
1.025661e+00 7.183307e-17
1.028026e+00 7.503024e-17
1.030396e+00 7.728870e-17
1.032773e+00 7.836481e-17
1.035154e+00 7.849514e-17
1.037541e+00 7.796011e-17
1.039934e+00 7.692547e-17
1.042332e+00 7.566587e-17
1.044735e+00 7.420969e-17
1.047145e+00 7.258555e-17
1.049559e+00 6.953977e-17
1.051980e+00 6.582339e-17
1.054406e+00 6.179736e-17
1.056837e+00 5.776715e-17
1.059274e+00 5.426547e-17
1.061717e+00 5.101977e-17
1.064165e+00 4.796111e-17
1.066619e+00 4.503387e-17
1.069079e+00 4.231146e-17
1.071544e+00 3.983257e-17
1.074015e+00 3.756769e-17
1.076492e+00 3.549120e-17
1.078974e+00 3.358199e-17
1.081462e+00 3.181417e-17
1.083956e+00 3.017870e-17
1.086456e+00 2.866712e-17
1.088961e+00 2.728545e-17
1.091472e+00 2.600012e-17
1.093989e+00 2.480301e-17
1.096512e+00 2.368678e-17
1.099040e+00 2.265576e-17
1.101575e+00 2.169104e-17
1.104115e+00 2.078739e-17
1.106661e+00 1.994006e-17
1.109213e+00 1.915199e-17
1.111771e+00 1.840945e-17
1.114335e+00 1.770924e-17
1.116904e+00 1.704839e-17
1.119480e+00 1.643029e-17
1.122062e+00 1.584526e-17
1.124649e+00 1.529088e-17
1.127242e+00 1.476490e-17
1.129842e+00 1.426938e-17
1.132447e+00 1.379850e-17
1.135059e+00 1.335063e-17
1.137676e+00 1.292426e-17
1.140300e+00 1.252076e-17
1.142929e+00 1.213565e-17
1.145565e+00 1.176833e-17
1.148207e+00 1.141872e-17
1.150854e+00 1.109103e-17
1.153508e+00 1.080551e-17
1.156168e+00 4.551406e-17
1.158834e+00 1.020946e-17
1.161507e+00 9.889839e-18
1.164185e+00 9.613322e-18
1.166870e+00 9.351961e-18
1.169560e+00 9.101881e-18
1.172257e+00 8.863039e-18
1.174961e+00 8.633379e-18
1.177670e+00 8.412342e-18
1.180386e+00 8.199453e-18
1.183108e+00 7.995295e-18
1.185836e+00 7.798270e-18
1.188571e+00 7.608107e-18
1.191312e+00 7.424549e-18
1.194059e+00 7.248159e-18
1.196812e+00 7.077636e-18
1.199572e+00 6.912714e-18
1.202338e+00 6.753144e-18
1.205111e+00 6.599497e-18
1.207890e+00 6.450747e-18
1.210675e+00 6.306680e-18
1.213467e+00 6.167097e-18
1.216265e+00 6.032363e-18
1.219070e+00 5.901726e-18
1.221881e+00 5.775030e-18
1.224699e+00 5.652124e-18
1.227523e+00 5.533335e-18
1.230354e+00 5.417978e-18
1.233191e+00 5.305939e-18
1.236035e+00 5.197109e-18
1.238885e+00 5.091794e-18
1.241742e+00 4.989424e-18
1.244605e+00 4.889891e-18
1.247475e+00 4.793096e-18
1.250352e+00 4.699292e-18
1.253235e+00 4.608021e-18
1.256125e+00 4.519201e-18
1.259022e+00 4.432752e-18
1.261925e+00 4.348914e-18
1.264835e+00 4.267261e-18
1.267752e+00 4.187723e-18
1.270676e+00 4.110233e-18
1.273606e+00 4.035014e-18
1.276543e+00 3.961710e-18
1.279486e+00 3.890262e-18
1.282437e+00 3.820611e-18
1.285394e+00 3.752913e-18
1.288358e+00 3.686774e-18
1.291329e+00 3.622088e-18
1.294307e+00 3.558861e-18
1.297292e+00 3.497513e-18
1.300283e+00 3.437567e-18
1.303282e+00 3.378909e-18
1.306287e+00 3.321431e-18
1.309300e+00 3.265035e-18
1.312319e+00 3.209554e-18
1.315345e+00 3.154982e-18
1.318378e+00 3.101304e-18
1.321418e+00 3.048614e-18
1.324466e+00 2.996798e-18
1.327520e+00 2.945783e-18
1.330581e+00 2.895490e-18
1.333649e+00 2.845903e-18
1.336725e+00 2.796901e-18
1.339807e+00 2.748417e-18
1.342897e+00 2.701022e-18
1.345994e+00 2.654737e-18
1.349098e+00 2.608966e-18
1.352209e+00 2.563630e-18
1.355327e+00 2.518645e-18
1.358452e+00 2.474036e-18
1.361585e+00 2.429586e-18
1.364725e+00 2.385194e-18
1.367872e+00 2.340750e-18
1.371026e+00 2.296231e-18
1.374188e+00 2.251405e-18
1.377356e+00 2.206145e-18
1.380533e+00 2.160316e-18
1.383716e+00 2.113866e-18
1.386907e+00 2.066570e-18
1.390105e+00 2.018293e-18
1.393311e+00 1.971726e-18
1.396524e+00 1.924754e-18
1.399744e+00 1.877028e-18
1.402972e+00 1.828489e-18
1.406207e+00 1.779095e-18
1.409450e+00 1.728867e-18
1.412700e+00 1.677738e-18
1.415958e+00 1.625722e-18
1.419223e+00 1.572853e-18
1.422496e+00 1.519231e-18
1.425776e+00 1.464903e-18
1.429064e+00 1.409984e-18
1.432359e+00 1.354615e-18
1.435662e+00 1.298981e-18
1.438973e+00 1.243238e-18
1.442291e+00 1.188448e-18
1.445617e+00 1.137174e-18
1.448951e+00 1.086448e-18
1.452292e+00 1.036401e-18
1.455641e+00 9.871807e-19
1.458998e+00 9.389288e-19
1.462362e+00 8.917859e-19
1.465735e+00 8.458596e-19
1.469115e+00 8.012552e-19
1.472502e+00 7.580632e-19
1.475898e+00 7.163638e-19
1.479301e+00 6.762095e-19
1.482713e+00 6.376439e-19
1.486132e+00 6.006953e-19
1.489559e+00 5.653802e-19
1.492994e+00 5.316962e-19
1.496437e+00 5.006126e-19
1.499888e+00 4.719593e-19
1.503346e+00 4.446982e-19
1.506813e+00 4.187948e-19
1.510288e+00 3.942123e-19
1.513770e+00 3.709106e-19
1.517261e+00 3.488472e-19
1.520760e+00 3.279759e-19
1.524267e+00 3.082501e-19
1.527782e+00 2.896221e-19
1.531305e+00 2.720445e-19
1.534836e+00 2.554690e-19
1.538375e+00 2.398486e-19
1.541923e+00 2.251362e-19
1.545479e+00 2.112864e-19
1.549043e+00 1.982545e-19
1.552615e+00 1.864746e-19
1.556195e+00 1.754900e-19
1.559784e+00 1.651340e-19
1.563380e+00 1.553731e-19
1.566986e+00 1.461755e-19
1.570599e+00 1.375103e-19
1.574221e+00 1.293488e-19
1.577851e+00 1.216635e-19
1.581490e+00 1.144278e-19
1.585137e+00 1.076160e-19
1.588792e+00 1.012042e-19
1.592456e+00 9.517004e-20
1.596128e+00 8.949269e-20
1.599809e+00 8.415097e-20
1.603498e+00 7.912496e-20
1.607195e+00 7.441258e-20
1.610902e+00 7.014375e-20
1.614616e+00 6.611804e-20
1.618340e+00 6.232231e-20
1.622072e+00 5.874377e-20
1.625812e+00 5.536998e-20
1.629561e+00 5.218989e-20
1.633319e+00 4.919205e-20
1.637085e+00 4.636425e-20
1.640861e+00 4.369843e-20
1.644644e+00 4.118617e-20
1.648437e+00 3.881827e-20
1.652238e+00 3.658632e-20
1.656048e+00 3.448257e-20
1.659867e+00 3.249927e-20
1.663695e+00 3.062925e-20
1.667531e+00 2.888895e-20
1.671377e+00 2.728295e-20
1.675231e+00 2.576608e-20
1.679094e+00 2.433350e-20
1.682966e+00 2.298043e-20
1.686847e+00 2.170347e-20
1.690737e+00 2.049763e-20
1.694636e+00 1.935888e-20
1.698544e+00 1.828350e-20
1.702460e+00 1.726724e-20
1.706386e+00 1.630702e-20
1.710321e+00 1.540074e-20
1.714265e+00 1.454551e-20
1.718218e+00 1.373792e-20
1.722181e+00 1.297533e-20
1.726152e+00 1.225525e-20
1.730132e+00 1.158840e-20
1.734122e+00 1.096436e-20
1.738121e+00 1.037413e-20
1.742129e+00 9.815865e-21
1.746147e+00 9.287865e-21
1.750173e+00 8.788573e-21
1.754209e+00 8.318332e-21
1.758254e+00 7.873997e-21
1.762309e+00 7.451829e-21
1.766373e+00 7.052567e-21
1.770446e+00 6.675029e-21
1.774529e+00 6.318041e-21
1.778621e+00 5.980507e-21
1.782722e+00 5.661374e-21
1.786833e+00 5.362472e-21
1.790954e+00 5.080957e-21
1.795084e+00 4.818710e-21
1.799223e+00 4.570205e-21
1.803372e+00 4.335012e-21
1.807531e+00 4.112428e-21
1.811699e+00 3.901807e-21
1.815877e+00 3.702516e-21
1.820064e+00 3.518252e-21
1.824261e+00 3.345790e-21
1.828468e+00 3.178574e-21
1.832684e+00 3.019492e-21
1.836911e+00 2.869121e-21
1.841147e+00 2.726995e-21
1.845392e+00 2.592707e-21
1.849648e+00 2.465836e-21
1.853913e+00 2.339135e-21
1.858188e+00 2.218676e-21
1.862473e+00 2.113383e-21
1.866768e+00 2.014075e-21
1.871073e+00 1.920230e-21
1.875388e+00 1.831550e-21
1.879712e+00 1.747800e-21
1.884047e+00 1.668710e-21
1.888391e+00 1.594065e-21
1.892746e+00 1.523624e-21
1.897111e+00 1.457190e-21
1.901486e+00 1.394549e-21
1.905870e+00 1.335517e-21
1.910265e+00 1.279904e-21
1.914670e+00 1.227539e-21
1.919086e+00 1.178253e-21
1.923511e+00 1.131884e-21
1.927947e+00 1.088712e-21
1.932393e+00 1.048449e-21
1.936849e+00 1.010581e-21
1.941315e+00 9.749585e-22
1.945792e+00 9.414894e-22
1.950279e+00 9.100249e-22
1.954776e+00 8.804882e-22
1.959284e+00 8.558602e-22
1.963802e+00 8.452725e-22
1.968331e+00 8.313013e-22
1.972870e+00 8.087963e-22
1.977419e+00 7.876860e-22
1.981979e+00 7.678803e-22
1.986549e+00 7.493083e-22
1.991130e+00 7.318692e-22
1.995722e+00 7.155193e-22
2.000324e+00 7.003348e-22
2.004937e+00 6.863051e-22
2.009560e+00 6.730650e-22
2.014194e+00 6.605863e-22
2.018839e+00 6.488031e-22
2.023495e+00 6.376707e-22
2.028161e+00 6.271516e-22
2.032838e+00 6.171836e-22
2.037525e+00 6.077580e-22
2.042224e+00 5.988001e-22
2.046933e+00 5.903112e-22
2.051654e+00 5.822287e-22
2.056385e+00 5.745387e-22
2.061127e+00 5.672091e-22
2.065880e+00 5.602035e-22
2.070644e+00 5.535259e-22
2.075419e+00 5.507577e-22
2.080205e+00 5.862038e-22
2.085001e+00 5.932782e-22
2.089810e+00 5.457321e-22
2.094629e+00 5.127486e-22
2.099459e+00 4.889158e-22
2.104300e+00 4.818697e-22
2.109153e+00 4.770762e-22
2.114016e+00 4.724522e-22
2.118891e+00 4.602107e-22
2.123778e+00 4.387941e-22
2.128675e+00 4.304006e-22
2.133584e+00 4.264244e-22
2.138504e+00 4.225769e-22
2.143435e+00 4.188246e-22
2.148378e+00 4.151775e-22
2.153332e+00 4.116310e-22
2.158298e+00 4.081564e-22
2.163275e+00 4.047759e-22
2.168263e+00 4.014567e-22
2.173263e+00 3.982090e-22
2.178275e+00 3.950270e-22
2.183298e+00 3.918946e-22
2.188333e+00 3.888340e-22
2.193379e+00 3.806927e-22
2.198437e+00 3.625894e-22
2.203507e+00 3.550999e-22
2.208588e+00 3.531178e-22
2.213681e+00 3.653715e-22
2.218786e+00 3.714344e-22
2.223902e+00 3.686780e-22
2.229031e+00 3.659658e-22
2.234171e+00 3.632796e-22
2.239323e+00 3.606339e-22
2.244487e+00 3.854218e-22
2.249663e+00 4.332192e-22
2.254850e+00 5.130872e-22
2.260050e+00 5.332135e-22
2.265262e+00 4.268366e-22
2.270485e+00 3.729928e-22
2.275721e+00 3.428890e-22
2.280969e+00 3.404602e-22
2.286229e+00 3.380516e-22
2.291501e+00 3.356593e-22
2.296785e+00 3.332999e-22
2.302082e+00 3.309546e-22
2.307390e+00 3.286290e-22
2.312711e+00 3.263299e-22
2.318044e+00 3.240438e-22
2.323390e+00 3.217800e-22
2.328747e+00 3.195365e-22
2.334117e+00 3.173051e-22
2.339500e+00 3.150981e-22
2.344895e+00 3.129071e-22
2.350302e+00 3.107276e-22
2.355722e+00 3.085739e-22
2.361154e+00 3.064329e-22
2.366599e+00 3.043032e-22
2.372057e+00 3.021994e-22
2.377527e+00 3.001062e-22
2.383009e+00 2.980253e-22
2.388504e+00 2.959679e-22
2.394012e+00 2.939207e-22
2.399533e+00 2.918863e-22
2.405066e+00 2.898738e-22
2.410612e+00 2.878712e-22
2.416171e+00 2.858811e-22
2.421743e+00 2.839119e-22
2.427327e+00 2.819525e-22
2.432925e+00 2.800048e-22
2.438535e+00 2.665837e-22
2.444159e+00 2.578054e-22
2.449795e+00 2.560250e-22
2.455444e+00 2.542642e-22
2.461106e+00 2.525122e-22
2.466782e+00 2.507692e-22
2.472470e+00 2.490454e-22
2.478172e+00 2.473308e-22
2.483886e+00 2.456250e-22
2.489614e+00 2.439362e-22
2.495355e+00 2.422581e-22
2.501110e+00 2.405887e-22
2.506877e+00 2.389336e-22
2.512658e+00 2.372911e-22
2.518452e+00 2.356573e-22
2.524260e+00 2.340348e-22
2.530081e+00 2.324272e-22
2.535915e+00 2.308281e-22
2.541763e+00 2.292376e-22
2.547624e+00 2.276638e-22
2.553499e+00 2.260987e-22
2.559388e+00 2.245421e-22
2.565289e+00 2.229985e-22
2.571205e+00 2.214667e-22
2.577134e+00 2.199432e-22
2.583077e+00 2.184289e-22
2.589034e+00 2.169297e-22
2.595004e+00 2.154387e-22
2.600988e+00 2.139559e-22
2.606986e+00 2.124856e-22
2.612998e+00 2.110264e-22
2.619023e+00 2.095753e-22
2.625063e+00 2.081323e-22
2.631116e+00 2.067041e-22
2.637184e+00 2.052840e-22
2.643265e+00 2.038720e-22
2.649360e+00 2.024698e-22
2.655470e+00 2.010801e-22
2.661593e+00 1.996983e-22
2.667731e+00 1.983244e-22
2.673883e+00 1.969615e-22
2.680049e+00 1.956093e-22
2.686229e+00 1.942650e-22
2.692424e+00 1.929284e-22
2.698632e+00 1.916032e-22
2.704855e+00 1.902877e-22
2.711093e+00 1.889798e-22
2.717345e+00 1.876797e-22
2.723611e+00 1.863907e-22
2.729891e+00 1.851110e-22
2.736187e+00 1.838388e-22
2.742496e+00 1.825743e-22
2.748821e+00 1.813201e-22
2.755159e+00 1.800753e-22
2.761513e+00 1.788380e-22
2.767881e+00 1.776081e-22
2.774264e+00 1.763873e-22
2.780661e+00 1.751767e-22
2.787073e+00 1.739733e-22
2.793500e+00 1.727773e-22
2.799942e+00 1.715887e-22
2.806399e+00 1.704113e-22
2.812870e+00 1.631568e-22
2.819357e+00 1.569370e-22
2.825858e+00 1.558581e-22
2.832375e+00 1.547878e-22
2.838906e+00 1.537256e-22
2.845453e+00 1.526700e-22
2.852014e+00 1.516210e-22
2.858591e+00 1.505785e-22
2.865183e+00 1.495452e-22
2.871790e+00 1.485188e-22
2.878413e+00 1.474989e-22
2.885050e+00 1.464853e-22
2.891703e+00 1.454781e-22
2.898372e+00 1.444801e-22
2.905055e+00 1.434885e-22
2.911754e+00 1.425031e-22
2.918469e+00 1.415239e-22
2.925199e+00 1.405510e-22
2.931944e+00 1.395866e-22
2.938705e+00 1.386286e-22
2.945482e+00 1.376767e-22
2.952274e+00 1.367309e-22
2.959082e+00 1.366500e-22
2.965906e+00 1.435444e-22
2.972745e+00 1.365185e-22
2.979601e+00 1.330139e-22
2.986472e+00 1.321004e-22
2.993358e+00 1.311929e-22
3.000261e+00 1.302912e-22
3.007180e+00 1.293970e-22
3.014114e+00 1.285090e-22
3.021065e+00 1.276267e-22
3.028031e+00 1.267503e-22
3.035014e+00 1.258795e-22
3.042013e+00 1.250144e-22
3.049028e+00 1.241564e-22
3.056059e+00 1.233043e-22
3.063106e+00 1.224579e-22
3.070170e+00 1.216170e-22
3.077250e+00 1.207817e-22
3.084346e+00 1.199519e-22
3.091458e+00 1.191278e-22
3.098587e+00 1.183104e-22
3.105733e+00 1.174985e-22
3.112894e+00 2.734216e-22
3.120073e+00 5.431234e-22
3.127268e+00 6.585988e-22
3.134479e+00 3.820778e-22
3.141707e+00 1.135186e-22
3.148952e+00 1.127397e-22
3.156214e+00 1.064631e-22
3.163492e+00 1.038545e-22
3.170787e+00 1.031418e-22
3.178099e+00 1.024339e-22
3.185427e+00 1.017307e-22
3.192773e+00 1.010322e-22
3.200136e+00 1.003385e-22
3.207515e+00 9.965017e-23
3.214912e+00 9.896661e-23
3.222325e+00 9.828763e-23
3.229756e+00 9.761322e-23
3.237204e+00 9.694335e-23
3.244669e+00 9.627800e-23
3.252151e+00 9.561715e-23
3.259651e+00 9.397824e-23
3.267167e+00 8.809969e-23
3.274702e+00 8.749535e-23
3.282253e+00 8.689550e-23
3.289822e+00 8.629969e-23
3.297408e+00 8.570792e-23
3.305012e+00 8.512016e-23
3.312634e+00 8.453638e-23
3.320272e+00 8.395656e-23
3.327929e+00 8.338068e-23
3.335603e+00 8.280872e-23
3.343295e+00 8.336536e-23
3.351005e+00 8.742950e-23
3.358732e+00 8.655761e-23
3.366478e+00 8.068933e-23
3.374241e+00 8.000741e-23
3.382022e+00 7.945884e-23
3.389821e+00 7.891401e-23
3.397638e+00 7.837289e-23
3.405473e+00 7.783546e-23
3.413326e+00 7.730170e-23
3.421197e+00 7.677158e-23
3.429086e+00 7.624508e-23
3.436994e+00 7.572219e-23
3.444919e+00 7.520287e-23
3.452863e+00 7.468710e-23
3.460826e+00 7.417487e-23
3.468806e+00 7.366615e-23
3.476805e+00 7.316091e-23
3.484823e+00 7.265914e-23
3.492859e+00 7.216081e-23
3.500914e+00 7.166589e-23
3.508987e+00 7.117438e-23
3.517078e+00 7.068624e-23
3.525189e+00 7.020145e-23
3.533318e+00 6.971999e-23
3.541466e+00 6.924194e-23
3.549633e+00 6.876716e-23
3.557818e+00 6.829563e-23
3.566022e+00 6.782733e-23
3.574246e+00 6.736224e-23
3.582488e+00 6.296504e-23
3.590749e+00 6.208953e-23
3.599029e+00 6.166404e-23
3.607329e+00 6.124145e-23
3.615647e+00 6.082176e-23
3.623985e+00 6.040495e-23
3.632342e+00 5.999099e-23
3.640718e+00 5.957986e-23
3.649114e+00 5.917155e-23
3.657529e+00 5.876604e-23
3.665963e+00 5.836330e-23
3.674417e+00 5.796332e-23
3.682890e+00 5.756608e-23
3.691383e+00 6.103832e-23
3.699895e+00 5.683014e-23
3.708427e+00 5.639062e-23
3.716979e+00 5.600422e-23
3.725550e+00 5.562047e-23
3.734141e+00 5.561172e-23
3.742752e+00 5.820401e-23
3.751383e+00 5.448493e-23
3.760034e+00 5.411159e-23
3.768704e+00 5.374080e-23
3.777395e+00 5.337255e-23
3.786106e+00 5.300681e-23
3.794836e+00 5.264358e-23
3.803587e+00 5.228282e-23
3.812358e+00 5.192453e-23
3.821150e+00 5.156869e-23
3.829961e+00 5.121527e-23
3.838793e+00 5.086426e-23
3.847646e+00 5.051564e-23
3.856518e+00 5.016940e-23
3.865411e+00 4.982552e-23
3.874325e+00 4.948397e-23
3.883259e+00 4.914475e-23
3.892214e+00 4.880800e-23
3.901190e+00 4.847357e-23
3.910186e+00 4.814141e-23
3.919203e+00 4.781150e-23
3.928240e+00 4.748384e-23
3.937299e+00 4.715840e-23
3.946378e+00 4.511550e-23
3.955479e+00 4.348682e-23
3.964600e+00 4.318892e-23
3.973743e+00 4.289304e-23
3.982906e+00 4.259915e-23
3.992091e+00 4.230736e-23
4.001296e+00 4.201764e-23
4.010524e+00 4.172988e-23
4.019772e+00 4.144406e-23
4.029041e+00 4.116017e-23
4.038332e+00 4.087818e-23
4.047645e+00 4.059810e-23
4.056979e+00 4.031989e-23
4.066334e+00 4.004355e-23
4.075711e+00 3.976923e-23
4.085110e+00 3.949682e-23
4.094530e+00 3.922624e-23
4.103972e+00 3.775891e-23
4.113436e+00 3.771558e-23
4.122922e+00 3.842529e-23
4.132429e+00 3.816187e-23
4.141958e+00 3.790026e-23
4.151510e+00 3.764059e-23
4.161083e+00 3.738264e-23
4.170679e+00 3.712640e-23
4.180296e+00 3.687187e-23
4.189936e+00 3.661902e-23
4.199598e+00 3.636785e-23
4.209282e+00 3.611852e-23
4.218989e+00 3.587092e-23
4.228718e+00 3.790414e-23
4.238470e+00 4.047582e-23
4.248244e+00 3.620752e-23
4.258040e+00 3.272171e-23
4.267859e+00 3.465736e-23
4.277701e+00 3.441964e-23
4.287565e+00 3.538405e-23
4.297452e+00 3.630455e-23
4.307362e+00 3.398944e-23
4.317295e+00 3.348426e-23
4.327251e+00 3.325445e-23
4.337230e+00 3.302614e-23
4.347231e+00 3.279930e-23
4.357256e+00 3.257393e-23
4.367304e+00 3.235012e-23
4.377375e+00 3.212792e-23
4.387469e+00 3.190716e-23
4.397587e+00 3.168780e-23
4.407728e+00 3.146985e-23
4.417892e+00 3.310187e-23
4.428079e+00 3.103859e-23
4.438291e+00 3.082506e-23
4.448525e+00 3.061288e-23
4.458784e+00 3.040211e-23
4.469066e+00 3.019288e-23
4.479371e+00 2.897355e-23
4.489701e+00 2.785986e-23
4.500054e+00 2.766809e-23
4.510431e+00 2.795157e-23
4.520832e+00 2.916685e-23
4.531257e+00 2.896562e-23
4.541707e+00 2.876565e-23
4.552180e+00 2.856719e-23
4.562677e+00 2.836994e-23
4.573199e+00 2.817390e-23
4.583745e+00 2.797911e-23
4.594315e+00 2.778573e-23
4.604909e+00 2.759352e-23
4.615528e+00 2.740247e-23
4.626172e+00 2.721271e-23
4.636840e+00 2.702423e-23
4.647532e+00 2.683686e-23
4.658249e+00 2.665060e-23
4.668991e+00 2.646571e-23
4.679758e+00 2.628191e-23
4.690550e+00 2.609918e-23
4.701366e+00 2.591767e-23
4.712208e+00 2.573733e-23
4.723074e+00 2.555802e-23
4.733965e+00 2.525691e-23
4.744882e+00 2.420850e-23
4.755824e+00 2.502680e-23
4.766791e+00 2.326027e-23
4.777783e+00 2.309817e-23
4.788800e+00 2.293698e-23
4.799843e+00 2.277669e-23
4.810912e+00 2.261753e-23
4.822006e+00 2.245924e-23
4.833126e+00 2.230182e-23
4.844271e+00 2.214549e-23
4.855442e+00 2.107929e-23
4.866638e+00 2.044909e-23
4.877861e+00 2.030586e-23
4.889109e+00 2.016339e-23
4.900384e+00 2.002172e-23
4.911684e+00 1.988098e-23
4.923010e+00 1.974098e-23
4.934363e+00 1.960177e-23
4.945741e+00 1.886600e-23
4.957146e+00 1.811077e-23
4.968578e+00 1.798321e-23
4.980035e+00 1.785639e-23
4.991519e+00 1.889640e-23
5.003030e+00 2.045364e-23
5.014567e+00 1.777561e-23
5.026130e+00 1.735604e-23
5.037721e+00 1.723272e-23
5.049338e+00 1.710999e-23
5.060981e+00 1.665360e-23
5.072652e+00 1.657041e-23
5.084350e+00 1.661963e-23
5.096074e+00 1.559533e-23
5.107826e+00 1.548398e-23
5.119605e+00 1.717966e-23
5.131410e+00 1.850516e-23
5.143243e+00 1.683189e-23
5.155104e+00 1.504462e-23
5.166991e+00 1.493614e-23
5.178907e+00 1.440394e-23
5.190849e+00 1.382121e-23
5.202819e+00 1.372175e-23
5.214817e+00 1.362277e-23
5.226842e+00 1.371752e-23
5.238896e+00 1.429673e-23
5.250977e+00 1.419193e-23
5.263085e+00 1.408768e-23
5.275222e+00 1.398384e-23
5.287387e+00 1.388057e-23
5.299580e+00 1.298578e-23
5.311800e+00 1.367536e-23
5.324049e+00 1.357343e-23
5.336327e+00 1.347200e-23
5.348632e+00 1.337100e-23
5.360966e+00 1.301909e-23
5.373329e+00 1.237917e-23
5.385720e+00 1.307073e-23
5.398139e+00 1.236871e-23
5.410587e+00 1.231048e-23
5.423064e+00 1.218950e-23
5.435570e+00 1.192073e-23
5.448104e+00 1.183030e-23
5.460668e+00 1.227514e-23
5.473260e+00 1.110795e-23
5.485881e+00 1.156154e-23
5.498532e+00 1.206636e-23
5.511212e+00 1.185285e-23
5.523920e+00 1.129658e-23
5.536659e+00 1.120913e-23
5.549426e+00 1.176761e-23
5.562223e+00 1.172210e-23
5.575050e+00 1.031664e-23
5.587906e+00 1.051876e-23
5.600792e+00 1.021337e-23
5.613707e+00 1.029598e-23
5.626652e+00 9.997337e-24
5.639627e+00 9.919559e-24
5.652632e+00 9.842237e-24
5.665668e+00 9.765359e-24
5.678733e+00 9.688980e-24
5.691828e+00 1.019546e-23
5.704953e+00 9.772485e-24
5.718109e+00 9.462691e-24
5.731295e+00 9.388268e-24
5.744511e+00 9.136066e-24
5.757758e+00 8.721594e-24
5.771036e+00 9.168121e-24
5.784344e+00 9.095797e-24
5.797682e+00 9.024049e-24
5.811052e+00 8.952856e-24
5.824452e+00 8.420526e-24
5.837883e+00 8.322629e-24
5.851346e+00 7.803681e-24
5.864839e+00 7.743898e-24
5.878363e+00 8.130227e-24
5.891919e+00 7.625809e-24
5.905506e+00 7.856153e-24
5.919124e+00 7.509771e-24
5.932773e+00 7.452506e-24
5.946454e+00 7.639686e-24
5.960167e+00 7.668333e-24
5.973911e+00 7.283875e-24
5.987687e+00 7.228724e-24
6.001495e+00 7.583354e-24
6.015334e+00 8.274817e-24
6.029206e+00 7.707668e-24
6.043109e+00 7.013381e-24
6.057044e+00 6.960873e-24
6.071012e+00 6.908903e-24
6.085012e+00 6.857448e-24
6.099044e+00 7.146404e-24
6.113108e+00 6.919287e-24
6.127205e+00 6.805976e-24
6.141335e+00 8.250636e-24
6.155496e+00 9.037881e-24
6.169691e+00 9.859876e-24
6.183918e+00 9.483234e-24
6.198179e+00 8.052050e-24
6.212472e+00 8.941214e-24
6.226798e+00 8.490043e-24
6.241157e+00 6.700706e-24
6.255549e+00 6.887602e-24
6.269974e+00 5.910359e-24
6.284433e+00 5.868552e-24
6.298925e+00 5.827172e-24
6.313450e+00 5.786212e-24
6.328009e+00 5.745655e-24
6.342601e+00 5.413742e-24
6.357228e+00 5.376313e-24
6.371887e+00 5.339249e-24
6.386581e+00 5.302537e-24
6.401308e+00 5.266170e-24
6.416070e+00 5.230151e-24
6.430865e+00 5.194480e-24
6.445695e+00 5.159140e-24
6.460559e+00 5.124126e-24
6.475457e+00 5.089432e-24
6.490389e+00 5.055066e-24
6.505356e+00 5.021016e-24
6.520358e+00 4.987271e-24
6.535394e+00 4.953828e-24
6.550464e+00 4.920683e-24
6.565570e+00 4.887839e-24
6.580710e+00 4.855287e-24
6.595885e+00 4.823019e-24
6.611095e+00 4.791030e-24
6.626341e+00 4.759317e-24
6.641621e+00 4.727875e-24
6.656937e+00 5.124104e-24
6.672288e+00 5.755634e-24
6.687674e+00 4.878363e-24
6.703096e+00 4.604784e-24
6.718553e+00 4.574652e-24
6.734046e+00 4.525741e-24
6.749575e+00 4.293715e-24
6.765140e+00 4.265965e-24
6.780740e+00 4.238440e-24
6.796376e+00 4.211137e-24
6.812049e+00 4.184054e-24
6.827758e+00 4.157186e-24
6.843502e+00 4.130532e-24
6.859284e+00 4.104090e-24
6.875101e+00 4.077856e-24
6.890955e+00 4.051832e-24
6.906846e+00 4.026012e-24
6.922773e+00 4.000394e-24
6.938737e+00 3.974973e-24
6.954738e+00 3.949750e-24
6.970775e+00 3.924720e-24
6.986850e+00 3.899882e-24
7.002962e+00 3.875233e-24
7.019111e+00 4.046073e-24
7.035297e+00 4.020366e-24
7.051520e+00 3.959812e-24
7.067781e+00 3.778495e-24
7.084080e+00 3.771665e-24
7.100415e+00 4.349495e-24
7.116789e+00 3.894701e-24
7.133200e+00 4.994231e-24
7.149650e+00 5.307267e-24
7.166137e+00 3.638736e-24
7.182662e+00 3.782807e-24
7.199225e+00 3.610285e-24
7.215827e+00 3.571153e-24
7.232466e+00 3.567441e-24
7.249145e+00 3.380159e-24
7.265861e+00 3.342707e-24
7.282616e+00 3.322192e-24
7.299410e+00 3.450359e-24
7.316243e+00 3.611402e-24
7.333114e+00 3.419081e-24
7.350024e+00 3.566048e-24
7.366973e+00 3.377021e-24
7.383962e+00 3.344601e-24
7.400989e+00 3.182643e-24
7.418056e+00 3.163271e-24
7.435162e+00 3.144034e-24
7.452307e+00 3.124933e-24
7.469493e+00 3.254370e-24
7.486717e+00 3.174598e-24
7.503982e+00 3.289750e-24
7.521286e+00 3.114502e-24
7.538630e+00 3.031410e-24
7.556014e+00 3.013094e-24
7.573438e+00 2.994905e-24
7.590903e+00 2.976841e-24
7.608407e+00 2.958903e-24
7.625953e+00 2.941090e-24
7.643538e+00 2.923401e-24
7.661164e+00 3.001675e-24
7.678831e+00 3.188252e-24
7.696538e+00 2.871061e-24
7.714287e+00 2.853854e-24
7.732076e+00 2.836765e-24
7.749906e+00 2.819795e-24
7.767777e+00 2.802945e-24
7.785690e+00 2.786211e-24
7.803644e+00 2.769593e-24
7.821639e+00 2.753091e-24
7.839676e+00 2.863431e-24
7.857754e+00 2.720429e-24
7.875874e+00 2.815986e-24
7.894036e+00 2.688228e-24
7.912240e+00 2.729679e-24
7.930485e+00 4.439338e-24
7.948773e+00 7.440821e-24
7.967103e+00 4.473730e-24
7.985475e+00 2.728987e-24
8.003890e+00 2.780995e-24
8.022347e+00 2.658940e-24
8.040846e+00 2.680529e-24
8.059389e+00 2.649928e-24
8.077974e+00 2.533963e-24
8.096602e+00 2.519149e-24
8.115272e+00 2.598500e-24
8.133986e+00 2.865949e-24
8.152743e+00 3.290015e-24
8.171544e+00 2.732051e-24
8.190387e+00 2.446736e-24
8.209274e+00 2.421226e-24
8.228205e+00 2.418545e-24
8.247179e+00 2.305950e-24
8.266197e+00 2.390794e-24
8.285259e+00 2.656190e-24
8.304365e+00 2.580578e-24
8.323515e+00 3.036970e-24
8.342709e+00 2.253477e-24
8.361947e+00 2.269775e-24
8.381230e+00 2.286430e-24
8.400557e+00 2.290932e-24
8.419929e+00 2.192247e-24
8.439346e+00 2.180144e-24
8.458807e+00 2.168148e-24
8.478313e+00 2.191730e-24
8.497864e+00 2.233629e-24
8.517460e+00 2.051840e-24
8.537101e+00 2.121244e-24
8.556788e+00 2.109788e-24
8.576520e+00 2.033653e-24
8.596298e+00 2.008790e-24
8.616121e+00 1.998289e-24
8.635989e+00 1.987896e-24
8.655904e+00 2.054162e-24
8.675865e+00 1.967428e-24
8.695871e+00 2.032693e-24
8.715924e+00 1.947393e-24
8.736023e+00 1.937540e-24
8.756168e+00 1.946782e-24
8.776360e+00 1.918165e-24
8.796599e+00 1.908646e-24
8.816884e+00 1.899239e-24
8.837215e+00 1.889949e-24
8.857594e+00 1.880773e-24
8.878020e+00 1.871717e-24
8.898493e+00 1.851183e-24
8.919012e+00 1.853961e-24
8.939580e+00 1.783018e-24
8.960195e+00 1.822790e-24
8.980857e+00 1.828255e-24
9.001567e+00 1.759170e-24
9.022324e+00 1.792181e-24
9.043130e+00 1.743894e-24
9.063984e+00 1.736452e-24
9.084885e+00 1.739953e-24
9.105835e+00 1.780411e-24
9.126833e+00 1.714936e-24
9.147880e+00 1.708047e-24
9.168975e+00 1.701303e-24
9.190118e+00 1.694709e-24
9.211311e+00 1.744575e-24
9.232552e+00 1.737890e-24
9.253843e+00 1.675863e-24
9.275182e+00 1.725035e-24
9.296571e+00 1.664107e-24
9.318009e+00 1.658477e-24
9.339496e+00 1.653014e-24
9.361033e+00 1.647716e-24
9.382620e+00 1.642579e-24
9.404256e+00 1.637599e-24
9.425942e+00 1.632767e-24
9.447679e+00 1.628071e-24
9.469465e+00 1.623495e-24
9.491302e+00 1.619018e-24
9.513189e+00 1.614617e-24
9.535126e+00 1.610261e-24
9.557114e+00 1.605915e-24
9.579153e+00 1.556043e-24
9.601243e+00 1.590266e-24
9.623383e+00 1.547669e-24
9.645575e+00 1.587854e-24
9.667817e+00 1.538759e-24
9.690112e+00 1.534019e-24
9.712457e+00 1.572494e-24
9.734854e+00 1.566873e-24
9.757303e+00 1.560987e-24
9.779803e+00 1.554842e-24
9.802355e+00 1.548452e-24
9.824960e+00 1.541845e-24
9.847616e+00 1.535053e-24
9.870325e+00 1.528111e-24
9.893086e+00 1.582293e-24
9.915899e+00 1.566590e-24
9.938766e+00 1.506784e-24
9.961684e+00 1.484229e-24
9.984656e+00 1.460980e-24
1.000768e+01 1.451476e-24
1.003076e+01 1.442190e-24
1.005389e+01 1.435824e-24
1.007707e+01 1.429558e-24
1.010031e+01 1.423401e-24
1.012360e+01 1.417362e-24
1.014695e+01 1.411442e-24
1.017035e+01 1.405645e-24
1.019380e+01 1.370671e-24
1.021731e+01 1.365525e-24
1.024087e+01 1.360492e-24
1.026448e+01 1.362817e-24
1.028815e+01 1.350749e-24
1.031188e+01 1.373375e-24
1.033566e+01 1.368392e-24
1.035949e+01 1.363512e-24
1.038338e+01 1.358732e-24
1.040732e+01 1.328144e-24
1.043132e+01 1.323897e-24
1.045538e+01 1.319732e-24
1.047949e+01 1.315646e-24
1.050365e+01 1.311638e-24
1.052788e+01 1.307703e-24
1.055215e+01 1.303839e-24
1.057649e+01 1.300043e-24
1.060088e+01 1.296313e-24
1.062532e+01 1.292646e-24
1.064982e+01 1.289039e-24
1.067438e+01 1.285491e-24
1.069900e+01 1.281999e-24
1.072367e+01 1.300398e-24
1.074840e+01 1.275177e-24
1.077318e+01 1.271842e-24
1.079803e+01 1.268557e-24
1.082293e+01 1.265318e-24
1.084789e+01 1.262125e-24
1.087290e+01 1.258977e-24
1.089797e+01 1.255871e-24
1.092311e+01 1.252806e-24
1.094829e+01 1.249781e-24
1.097354e+01 1.246795e-24
1.099885e+01 1.243846e-24
1.102421e+01 1.240934e-24
1.104963e+01 1.238057e-24
1.107511e+01 1.235214e-24
1.110065e+01 1.232405e-24
1.112625e+01 1.213922e-24
1.115191e+01 1.214849e-24
1.117762e+01 1.208871e-24
1.120340e+01 1.206386e-24
1.122923e+01 1.203927e-24
1.125513e+01 1.201493e-24
1.128108e+01 1.199084e-24
1.130710e+01 1.196698e-24
1.133317e+01 1.194335e-24
1.135931e+01 1.191995e-24
1.138550e+01 1.193173e-24
1.141176e+01 1.187378e-24
1.143807e+01 1.185100e-24
1.146445e+01 1.182842e-24
1.149088e+01 1.180603e-24
1.151738e+01 1.179457e-24
1.154394e+01 1.247335e-24
1.157056e+01 1.173994e-24
1.159724e+01 1.171825e-24
1.162399e+01 1.169672e-24
1.165079e+01 1.178387e-24
1.167766e+01 1.165412e-24
1.170459e+01 1.175005e-24
1.173158e+01 1.161211e-24
1.175863e+01 1.159131e-24
1.178575e+01 1.157064e-24
1.181293e+01 1.155010e-24
1.184017e+01 1.152968e-24
1.186747e+01 1.150938e-24
1.189484e+01 1.148919e-24
1.192227e+01 1.146912e-24
1.194976e+01 1.144914e-24
1.197731e+01 1.142927e-24
1.200493e+01 1.144995e-24
1.203262e+01 1.138982e-24
1.206037e+01 1.137023e-24
1.208818e+01 1.126563e-24
1.211605e+01 1.124738e-24
1.214399e+01 1.122919e-24
1.217200e+01 1.121107e-24
1.220006e+01 1.119360e-24
1.222820e+01 1.125440e-24
1.225640e+01 1.123535e-24
1.228466e+01 1.121636e-24
1.231299e+01 1.119743e-24
1.234138e+01 1.117856e-24
1.236984e+01 1.115974e-24
1.239837e+01 1.114098e-24
1.242696e+01 1.120427e-24
1.245561e+01 1.118448e-24
1.248434e+01 1.183486e-24
1.251313e+01 1.106640e-24
1.254198e+01 1.097969e-24
1.257090e+01 1.096214e-24
1.259989e+01 1.094460e-24
1.262895e+01 1.092708e-24
1.265807e+01 1.090959e-24
1.268726e+01 1.089210e-24
1.271652e+01 1.087464e-24
1.274584e+01 1.085719e-24
1.277523e+01 1.078628e-24
1.280469e+01 1.076960e-24
1.283422e+01 1.080489e-24
1.286382e+01 1.078747e-24
1.289348e+01 1.071952e-24
1.292321e+01 1.074167e-24
1.295301e+01 1.073524e-24
1.298288e+01 1.071783e-24
1.301282e+01 1.070043e-24
1.304283e+01 1.068302e-24
1.307291e+01 1.066561e-24
1.310305e+01 1.064820e-24
1.313327e+01 1.074063e-24
1.316355e+01 1.086340e-24
1.319391e+01 1.059592e-24
1.322433e+01 1.057848e-24
1.325483e+01 1.056103e-24
1.328539e+01 1.054357e-24
1.331603e+01 1.052610e-24
1.334674e+01 1.055536e-24
1.337752e+01 1.045079e-24
1.340836e+01 1.043385e-24
1.343928e+01 1.041689e-24
1.347027e+01 1.039991e-24
1.350134e+01 1.038291e-24
1.353247e+01 1.036589e-24
1.356368e+01 1.034885e-24
1.359496e+01 1.033178e-24
1.362631e+01 1.031469e-24
1.365773e+01 1.029758e-24
1.368922e+01 1.028045e-24
1.372079e+01 1.026330e-24
1.375243e+01 1.024612e-24
1.378414e+01 1.022892e-24
1.381593e+01 1.021170e-24
1.384779e+01 1.019446e-24
1.387972e+01 1.017720e-24
1.391173e+01 1.014839e-24
1.394381e+01 1.011523e-24
1.397596e+01 1.009828e-24
1.400819e+01 1.010793e-24
1.404050e+01 1.006432e-24
1.407287e+01 1.007318e-24
1.410533e+01 1.003025e-24
1.413785e+01 1.001319e-24
1.417045e+01 9.996095e-25
1.420313e+01 1.000344e-24
1.423588e+01 9.961845e-25
1.426871e+01 9.944688e-25
1.430162e+01 9.923438e-25
1.433460e+01 9.890125e-25
1.436765e+01 9.873192e-25
1.440078e+01 9.856238e-25
1.443399e+01 9.839263e-25
1.446728e+01 9.822268e-25
1.450064e+01 9.805254e-25
1.453408e+01 9.788223e-25
1.456759e+01 9.771176e-25
1.460119e+01 9.754113e-25
1.463486e+01 9.737035e-25
1.466860e+01 9.719945e-25
1.470243e+01 9.702844e-25
1.473633e+01 9.685732e-25
1.477032e+01 9.668610e-25
1.480438e+01 9.660042e-25
1.483852e+01 9.662183e-25
1.487273e+01 9.633322e-25
1.490703e+01 9.618725e-25
1.494141e+01 9.569247e-25
1.497586e+01 9.565770e-25
1.501040e+01 9.724160e-25
1.504501e+01 9.518378e-25
1.507970e+01 9.501423e-25
1.511448e+01 9.484471e-25
1.514933e+01 9.467524e-25
1.518427e+01 9.450583e-25
1.521928e+01 9.433651e-25
1.525438e+01 9.416728e-25
1.528955e+01 9.399818e-25
1.532481e+01 9.382682e-25
1.536015e+01 9.355974e-25
1.539557e+01 9.339251e-25
1.543107e+01 9.322545e-25
1.546666e+01 9.305859e-25
1.550232e+01 9.289194e-25
1.553807e+01 9.272552e-25
1.557390e+01 9.255935e-25
1.560982e+01 9.239346e-25
1.564581e+01 9.222785e-25
1.568189e+01 9.206256e-25
1.571805e+01 9.189761e-25
1.575430e+01 9.173301e-25
1.579063e+01 9.156879e-25
1.582704e+01 9.140496e-25
1.586354e+01 9.124155e-25
1.590012e+01 9.100759e-25
1.593679e+01 9.084608e-25
1.597354e+01 9.068505e-25
1.601037e+01 9.052451e-25
1.604729e+01 9.036448e-25
1.608430e+01 9.020500e-25
1.612139e+01 9.004607e-25
1.615857e+01 8.988773e-25
1.619583e+01 8.972999e-25
1.623317e+01 8.963539e-25
1.627061e+01 8.941643e-25
1.630813e+01 8.926065e-25
1.634574e+01 8.910557e-25
1.638343e+01 8.895121e-25
1.642121e+01 8.879759e-25
1.645908e+01 8.870214e-25
1.649703e+01 8.854927e-25
1.653507e+01 8.847618e-25
1.657320e+01 8.838161e-25
1.661142e+01 8.822936e-25
1.664973e+01 8.800760e-25
1.668812e+01 8.774503e-25
1.672661e+01 8.763986e-25
1.676518e+01 8.740769e-25
1.680384e+01 8.726340e-25
1.684259e+01 8.712010e-25
1.688143e+01 8.697781e-25
1.692035e+01 8.683655e-25
1.695937e+01 8.669634e-25
1.699848e+01 8.655720e-25
1.703768e+01 8.641915e-25
1.707697e+01 8.628223e-25
1.711635e+01 8.614644e-25
1.715582e+01 8.601181e-25
1.719538e+01 8.587835e-25
1.723503e+01 8.574610e-25
1.727478e+01 8.558286e-25
1.731461e+01 8.546115e-25
1.735454e+01 8.532545e-25
1.739456e+01 8.519863e-25
1.743467e+01 8.507311e-25
1.747488e+01 8.494890e-25
1.751517e+01 8.482601e-25
1.755556e+01 8.470446e-25
1.759605e+01 8.458427e-25
1.763662e+01 8.446546e-25
1.767729e+01 8.434804e-25
1.771806e+01 8.423203e-25
1.775892e+01 8.411745e-25
1.779987e+01 8.400430e-25
1.784092e+01 8.389261e-25
1.788206e+01 8.378239e-25
1.792329e+01 8.367364e-25
1.796462e+01 8.356640e-25
1.800605e+01 8.346065e-25
1.804757e+01 8.335643e-25
1.808919e+01 8.323285e-25
1.813090e+01 8.313201e-25
1.817271e+01 8.303272e-25
1.821462e+01 8.293498e-25
1.825662e+01 8.283881e-25
1.829872e+01 8.276359e-25
1.834092e+01 8.265121e-25
1.838322e+01 8.255980e-25
1.842561e+01 8.246998e-25
1.846810e+01 8.238177e-25
1.851068e+01 8.229518e-25
1.855337e+01 8.221021e-25
1.859615e+01 8.212686e-25
1.863904e+01 8.204514e-25
1.868202e+01 8.196267e-25
1.872510e+01 8.188662e-25
1.876828e+01 8.179554e-25
1.881156e+01 8.172060e-25
1.885494e+01 8.164730e-25
1.889842e+01 8.157565e-25
1.894200e+01 8.150565e-25
1.898568e+01 8.143730e-25
1.902946e+01 8.137060e-25
1.907334e+01 8.130555e-25
1.911733e+01 8.124312e-25
1.916141e+01 8.118040e-25
1.920560e+01 8.112030e-25
1.924989e+01 8.106184e-25
1.929428e+01 8.100502e-25
1.933877e+01 8.094985e-25
1.938336e+01 8.089631e-25
1.942806e+01 8.084441e-25
1.947286e+01 8.079414e-25
1.951777e+01 8.074549e-25
1.956278e+01 8.069846e-25
1.960789e+01 8.067464e-25
1.965310e+01 8.060575e-25
1.969842e+01 8.055802e-25
1.974385e+01 8.051753e-25
1.978938e+01 8.050564e-25
1.983501e+01 8.044810e-25
1.988075e+01 8.041397e-25
1.992660e+01 8.037128e-25
1.997255e+01 8.033859e-25
2.001861e+01 8.031551e-25
2.006477e+01 8.027778e-25
2.011104e+01 8.024962e-25
2.015741e+01 8.022295e-25
2.020390e+01 8.019774e-25
2.025049e+01 8.017398e-25
2.029719e+01 8.015166e-25
2.034399e+01 8.013074e-25
2.039090e+01 8.011122e-25
2.043793e+01 8.010940e-25
2.048506e+01 8.008321e-25
2.053229e+01 8.006080e-25
2.057964e+01 8.004331e-25
2.062710e+01 8.002795e-25
2.067466e+01 8.001639e-25
2.072234e+01 8.000605e-25
2.077013e+01 7.999689e-25
2.081802e+01 7.998889e-25
2.086603e+01 7.998203e-25
2.091415e+01 7.997625e-25
2.096237e+01 7.997418e-25
2.101071e+01 7.996785e-25
2.105916e+01 7.996514e-25
2.110773e+01 7.996339e-25
2.115640e+01 7.996255e-25
2.120519e+01 7.996258e-25
2.125409e+01 7.996343e-25
2.130310e+01 7.996507e-25
2.135223e+01 7.996746e-25
2.140146e+01 7.997054e-25
2.145082e+01 7.997427e-25
2.150028e+01 7.997861e-25
2.154986e+01 7.998350e-25
2.159956e+01 7.998890e-25
2.164936e+01 7.999476e-25
2.169929e+01 8.000102e-25
2.174933e+01 8.000764e-25
2.179948e+01 8.001457e-25
2.184975e+01 8.002175e-25
2.190014e+01 8.002913e-25
2.195064e+01 8.003665e-25
2.200126e+01 8.004427e-25
2.205199e+01 8.005192e-25
2.210284e+01 8.005956e-25
2.215381e+01 8.006712e-25
2.220490e+01 8.007456e-25
2.225610e+01 8.008182e-25
2.230743e+01 8.008885e-25
2.235887e+01 8.009558e-25
2.241043e+01 8.010197e-25
2.246211e+01 8.010797e-25
2.251390e+01 8.011351e-25
2.256582e+01 8.011855e-25
2.261786e+01 8.012303e-25
2.267002e+01 8.012690e-25
2.272229e+01 8.013012e-25
2.277469e+01 8.013262e-25
2.282721e+01 8.013436e-25
2.287985e+01 8.013530e-25
2.293261e+01 8.013537e-25
2.298549e+01 8.013454e-25
2.303850e+01 8.013277e-25
2.309162e+01 8.013000e-25
2.314487e+01 8.012619e-25
2.319825e+01 8.012130e-25
2.325174e+01 8.011529e-25
2.330536e+01 8.010812e-25
2.335910e+01 8.010271e-25
2.341297e+01 8.009015e-25
2.346696e+01 8.007927e-25
2.352107e+01 8.006709e-25
2.357531e+01 8.005358e-25
2.362968e+01 8.003869e-25
2.368417e+01 8.002241e-25
2.373878e+01 8.000470e-25
2.379353e+01 7.998555e-25
2.384839e+01 7.996491e-25
2.390339e+01 7.994278e-25
2.395851e+01 7.991913e-25
2.401376e+01 7.989660e-25
2.406914e+01 7.986719e-25
2.412464e+01 7.983887e-25
2.418027e+01 7.980895e-25
2.423603e+01 7.977744e-25
2.429192e+01 7.974431e-25
2.434794e+01 7.970955e-25
2.440408e+01 7.967316e-25
2.446036e+01 7.963514e-25
2.451676e+01 7.959546e-25
2.457330e+01 7.955414e-25
2.462997e+01 7.951116e-25
2.468676e+01 7.946652e-25
2.474369e+01 7.942024e-25
2.480075e+01 7.937230e-25
2.485794e+01 7.932507e-25
2.491526e+01 7.927381e-25
2.497272e+01 7.922092e-25
2.503031e+01 7.916490e-25
2.508803e+01 7.910793e-25
2.514588e+01 7.905130e-25
2.520387e+01 7.899081e-25
2.526199e+01 7.892984e-25
2.532024e+01 7.886729e-25
2.537863e+01 7.880317e-25
2.543715e+01 7.873748e-25
2.549581e+01 7.867026e-25
2.555460e+01 7.860150e-25
2.561353e+01 7.853124e-25
2.567260e+01 7.845948e-25
2.573180e+01 7.838624e-25
2.579114e+01 7.831154e-25
2.585061e+01 7.823541e-25
2.591022e+01 7.815786e-25
2.596997e+01 7.807781e-25
2.602986e+01 7.799681e-25
2.608988e+01 7.791514e-25
2.615005e+01 7.783213e-25
2.621035e+01 7.774782e-25
2.627079e+01 7.766221e-25
2.633137e+01 7.757535e-25
2.639209e+01 7.748724e-25
2.645295e+01 7.739791e-25
2.651395e+01 7.730739e-25
2.657509e+01 7.721570e-25
2.663638e+01 7.712287e-25
2.669780e+01 7.702892e-25
2.675937e+01 7.693387e-25
2.682107e+01 7.683775e-25
2.688292e+01 7.674059e-25
2.694492e+01 7.664240e-25
2.700705e+01 7.654323e-25
2.706933e+01 7.644308e-25
2.713175e+01 7.634199e-25
2.719432e+01 7.623998e-25
2.725703e+01 7.613708e-25
2.731988e+01 7.603331e-25
2.738288e+01 7.592869e-25
2.744603e+01 7.582326e-25
2.750932e+01 7.571703e-25
2.757275e+01 7.561003e-25
2.763634e+01 7.550228e-25
2.770007e+01 7.539382e-25
2.776394e+01 7.528343e-25
2.782797e+01 7.517360e-25
2.789214e+01 7.506313e-25
2.795646e+01 7.495203e-25
2.802093e+01 7.484033e-25
2.808554e+01 7.472805e-25
2.815031e+01 7.461521e-25
2.821522e+01 7.450183e-25
2.828029e+01 7.438794e-25
2.834550e+01 7.427417e-25
2.841087e+01 7.415872e-25
2.847638e+01 7.404342e-25
2.854205e+01 7.392770e-25
2.860787e+01 7.381157e-25
2.867384e+01 7.369506e-25
2.873996e+01 7.357818e-25
2.880623e+01 7.346096e-25
2.887266e+01 7.334341e-25
2.893924e+01 7.322660e-25
2.900598e+01 7.310844e-25
2.907286e+01 7.299002e-25
2.913991e+01 7.287134e-25
2.920710e+01 7.275243e-25
2.927446e+01 7.263331e-25
2.934196e+01 7.251399e-25
2.940963e+01 7.239448e-25
2.947744e+01 7.227481e-25
2.954542e+01 7.215404e-25
2.961355e+01 7.203409e-25
2.968184e+01 7.191404e-25
2.975029e+01 7.179388e-25
2.981889e+01 7.167363e-25
2.988765e+01 7.155331e-25
2.995658e+01 7.143364e-25
3.002566e+01 7.131341e-25
3.009489e+01 7.119206e-25
3.016429e+01 7.107160e-25
3.023385e+01 7.095113e-25
3.030357e+01 7.083067e-25
3.037345e+01 7.071023e-25
3.044349e+01 7.058983e-25
3.051370e+01 7.046947e-25
3.058406e+01 7.034918e-25
3.065459e+01 7.022895e-25
3.072528e+01 7.010880e-25
3.079613e+01 6.998874e-25
3.086715e+01 6.986879e-25
3.093833e+01 6.974895e-25
3.100967e+01 6.962923e-25
3.108118e+01 6.950964e-25
3.115285e+01 6.939020e-25
3.122469e+01 6.927091e-25
3.129670e+01 6.915177e-25
3.136887e+01 6.903281e-25
3.144120e+01 6.891402e-25
3.151371e+01 6.879542e-25
3.158638e+01 6.867702e-25
3.165922e+01 6.855952e-25
3.173222e+01 6.844082e-25
3.180540e+01 6.832304e-25
3.187874e+01 6.820548e-25
3.195225e+01 6.808816e-25
3.202594e+01 6.797107e-25
3.209979e+01 6.785423e-25
3.217381e+01 6.773829e-25
3.224800e+01 6.762130e-25
3.232237e+01 6.750523e-25
3.239690e+01 6.738943e-25
3.247161e+01 6.727389e-25
3.254649e+01 6.715864e-25
3.262154e+01 6.704368e-25
3.269677e+01 6.692900e-25
3.277217e+01 6.681462e-25
3.284774e+01 6.670053e-25
3.292349e+01 6.658675e-25
3.299941e+01 6.647328e-25
3.307551e+01 6.636012e-25
3.315178e+01 6.624727e-25
3.322823e+01 6.613475e-25
3.330485e+01 6.602254e-25
3.338165e+01 6.591067e-25
3.345863e+01 6.579913e-25
3.353579e+01 6.568792e-25
3.361312e+01 6.557704e-25
3.369063e+01 6.546651e-25
3.376832e+01 6.535632e-25
3.384619e+01 6.524648e-25
3.392424e+01 6.513698e-25
3.400247e+01 6.502784e-25
3.408088e+01 6.491905e-25
3.415947e+01 6.481061e-25
3.423825e+01 6.470254e-25
3.431720e+01 6.459482e-25
3.439634e+01 6.448746e-25
3.447565e+01 6.438047e-25
3.455515e+01 6.427385e-25
3.463484e+01 6.416759e-25
3.471471e+01 6.406169e-25
3.479476e+01 6.395617e-25
3.487500e+01 6.385102e-25
3.495542e+01 6.374625e-25
3.503603e+01 6.364185e-25
3.511682e+01 6.353782e-25
3.519780e+01 6.343417e-25
3.527897e+01 6.333089e-25
3.536032e+01 6.322799e-25
3.544186e+01 6.312547e-25
3.552359e+01 6.302333e-25
3.560551e+01 6.292157e-25
3.568761e+01 6.282019e-25
3.576991e+01 6.271920e-25
3.585240e+01 6.261858e-25
3.593507e+01 6.251834e-25
3.601794e+01 6.241849e-25
3.610100e+01 6.231897e-25
3.618424e+01 6.221989e-25
3.626769e+01 6.212090e-25
3.635132e+01 6.202258e-25
3.643515e+01 6.192464e-25
3.651917e+01 6.182708e-25
3.660338e+01 6.173002e-25
3.668779e+01 6.163341e-25
3.677239e+01 6.153699e-25
3.685719e+01 6.144095e-25
3.694218e+01 6.134530e-25
3.702737e+01 6.125002e-25
3.711275e+01 6.115513e-25
3.719834e+01 6.106062e-25
3.728412e+01 6.096648e-25
3.737009e+01 6.087272e-25
3.745627e+01 6.077934e-25
3.754264e+01 6.068634e-25
3.762922e+01 6.059372e-25
3.771599e+01 6.050147e-25
3.780296e+01 6.040959e-25
3.789014e+01 6.031809e-25
3.797751e+01 6.022696e-25
3.806509e+01 6.013621e-25
3.815287e+01 6.004583e-25
3.824085e+01 5.995582e-25
3.832903e+01 5.986617e-25
3.841742e+01 5.977690e-25
3.850601e+01 5.968800e-25
3.859480e+01 5.959946e-25
3.868380e+01 5.951129e-25
3.877301e+01 5.942348e-25
3.886242e+01 5.933604e-25
3.895204e+01 5.924896e-25
3.904186e+01 5.916225e-25
3.913189e+01 5.907589e-25
3.922213e+01 5.898990e-25
3.931258e+01 5.890427e-25
3.940323e+01 5.881900e-25
3.949410e+01 5.873410e-25
3.958517e+01 5.864956e-25
3.967645e+01 5.856542e-25
3.976795e+01 5.848169e-25
3.985965e+01 5.839855e-25
3.995157e+01 5.831679e-25
4.004370e+01 5.825538e-25
4.013604e+01 5.816041e-25
4.022859e+01 5.806874e-25
4.032136e+01 5.798599e-25
4.041434e+01 5.790427e-25
4.050754e+01 5.782306e-25
4.060095e+01 5.774225e-25
4.069457e+01 5.766180e-25
4.078842e+01 5.758170e-25
4.088247e+01 5.750194e-25
4.097675e+01 5.742252e-25
4.107124e+01 5.734344e-25
4.116595e+01 5.726468e-25
4.126088e+01 5.718626e-25
4.135603e+01 5.710816e-25
4.145140e+01 5.703039e-25
4.154698e+01 5.695294e-25
4.164279e+01 5.687582e-25
4.173882e+01 5.679902e-25
4.183507e+01 5.672254e-25
4.193154e+01 5.664638e-25
4.202824e+01 5.657053e-25
4.212516e+01 5.649501e-25
4.222230e+01 5.641979e-25
4.231966e+01 5.634489e-25
4.241725e+01 5.627029e-25
4.251507e+01 5.619601e-25
4.261311e+01 5.612203e-25
4.271137e+01 5.604836e-25
4.280986e+01 5.597500e-25
4.290858e+01 5.590194e-25
4.300753e+01 5.582918e-25
4.310671e+01 5.575672e-25
4.320611e+01 5.568455e-25
4.330575e+01 5.561269e-25
4.340561e+01 5.554112e-25
4.350570e+01 5.546984e-25
4.360603e+01 5.539886e-25
4.370658e+01 5.532817e-25
4.380737e+01 5.525776e-25
4.390839e+01 5.518764e-25
4.400964e+01 5.511781e-25
4.411113e+01 5.504827e-25
4.421285e+01 5.497901e-25
4.431481e+01 5.491002e-25
4.441700e+01 5.484132e-25
4.451942e+01 5.477290e-25
4.462208e+01 5.470475e-25
4.472498e+01 5.463688e-25
4.482812e+01 5.456928e-25
4.493149e+01 5.450196e-25
4.503511e+01 5.443491e-25
4.513896e+01 5.436812e-25
4.524305e+01 5.430160e-25
4.534738e+01 5.423535e-25
4.545195e+01 5.416937e-25
4.555676e+01 5.410365e-25
4.566182e+01 5.403818e-25
4.576711e+01 5.397298e-25
4.587265e+01 5.390804e-25
4.597843e+01 5.384336e-25
4.608446e+01 5.377893e-25
4.619073e+01 5.371476e-25
4.629725e+01 5.365084e-25
4.640401e+01 5.358717e-25
4.651102e+01 5.352375e-25
4.661827e+01 5.346058e-25
4.672578e+01 5.339765e-25
4.683353e+01 5.333498e-25
4.694152e+01 5.327254e-25
4.704977e+01 5.321035e-25
4.715827e+01 5.314840e-25
4.726702e+01 5.308670e-25
4.737601e+01 5.302523e-25
4.748526e+01 5.296399e-25
4.759476e+01 5.290300e-25
4.770452e+01 5.284223e-25
4.781453e+01 5.278170e-25
4.792479e+01 5.272141e-25
4.803530e+01 5.266134e-25
4.814607e+01 5.260150e-25
4.825710e+01 5.254189e-25
4.836838e+01 5.248251e-25
4.847992e+01 5.242335e-25
4.859171e+01 5.236441e-25
4.870376e+01 5.230570e-25
4.881607e+01 5.224721e-25
4.892864e+01 5.218893e-25
4.904147e+01 5.213088e-25
4.915456e+01 5.207304e-25
4.926792e+01 5.201542e-25
4.938153e+01 5.195801e-25
4.949540e+01 5.190082e-25
4.960954e+01 5.184384e-25
4.972394e+01 5.178706e-25
4.983860e+01 5.173050e-25
4.995353e+01 5.167415e-25
5.006872e+01 5.161800e-25
5.018418e+01 5.156206e-25
5.029991e+01 5.150632e-25
5.041590e+01 5.145079e-25
5.053216e+01 5.139546e-25
5.064869e+01 5.134032e-25
5.076548e+01 5.128539e-25
5.088255e+01 5.123066e-25
5.099988e+01 5.117612e-25
5.111749e+01 5.112178e-25
5.123537e+01 5.106763e-25
5.135352e+01 5.101368e-25
5.147194e+01 5.095992e-25
5.159063e+01 5.090635e-25
5.170960e+01 5.085297e-25
5.182884e+01 5.079978e-25
5.194836e+01 5.074678e-25
5.206816e+01 5.069397e-25
5.218822e+01 5.064134e-25
5.230857e+01 5.058889e-25
5.242920e+01 5.053663e-25
5.255010e+01 5.048455e-25
5.267128e+01 5.043265e-25
5.279274e+01 5.038093e-25
5.291448e+01 5.032939e-25
5.303650e+01 5.027803e-25
5.315880e+01 5.022684e-25
5.328139e+01 5.017583e-25
5.340425e+01 5.012500e-25
5.352741e+01 5.007434e-25
5.365084e+01 5.002385e-25
5.377456e+01 4.997353e-25
5.389856e+01 4.992338e-25
5.402285e+01 4.987341e-25
5.414743e+01 4.982360e-25
5.427230e+01 4.977396e-25
5.439745e+01 4.972448e-25
5.452289e+01 4.967517e-25
5.464862e+01 4.962603e-25
5.477464e+01 4.957705e-25
5.490095e+01 4.952823e-25
5.502755e+01 4.947957e-25
5.515445e+01 4.943107e-25
5.528163e+01 4.938274e-25
5.540911e+01 4.933456e-25
5.553689e+01 4.928654e-25
5.566495e+01 4.923868e-25
5.579332e+01 4.919097e-25
5.592198e+01 4.914342e-25
5.605093e+01 4.909602e-25
5.618019e+01 4.904877e-25
5.630974e+01 4.900168e-25
5.643959e+01 4.895472e-25
5.656974e+01 4.890796e-25
5.670019e+01 4.886132e-25
5.683094e+01 4.881483e-25
5.696200e+01 4.876849e-25
5.709335e+01 4.872230e-25
5.722501e+01 4.867627e-25
5.735697e+01 4.863041e-25
5.748923e+01 4.858477e-25
5.762181e+01 4.853995e-25
5.775468e+01 4.850817e-25
5.788786e+01 4.844863e-25
5.802135e+01 4.840307e-25
5.815515e+01 4.835794e-25
5.828926e+01 4.831300e-25
5.842367e+01 4.826821e-25
5.855840e+01 4.822357e-25
5.869344e+01 4.817906e-25
5.882878e+01 4.813470e-25
5.896444e+01 4.809047e-25
5.910041e+01 4.804638e-25
5.923670e+01 4.800242e-25
5.937330e+01 4.795859e-25
5.951022e+01 4.791490e-25
5.964745e+01 4.787134e-25
5.978500e+01 4.782791e-25
5.992286e+01 4.778461e-25
6.006104e+01 4.774144e-25
6.019954e+01 4.769840e-25
6.033836e+01 4.765548e-25
6.047750e+01 4.761270e-25
6.061697e+01 4.757004e-25
6.075675e+01 4.752751e-25
6.089686e+01 4.748510e-25
6.103728e+01 4.744282e-25
6.117804e+01 4.740066e-25
6.131911e+01 4.735862e-25
6.146052e+01 4.731671e-25
6.160224e+01 4.727492e-25
6.174430e+01 4.723325e-25
6.188668e+01 4.719170e-25
6.202939e+01 4.715027e-25
6.217243e+01 4.710896e-25
6.231580e+01 4.706777e-25
6.245950e+01 4.702669e-25
6.260354e+01 4.698573e-25
6.274790e+01 4.694489e-25
6.289260e+01 4.690417e-25
6.303763e+01 4.686356e-25
6.318299e+01 4.682307e-25
6.332869e+01 4.678269e-25
6.347473e+01 4.674242e-25
6.362110e+01 4.670227e-25
6.376781e+01 4.666223e-25
6.391486e+01 4.662230e-25
6.406225e+01 4.658248e-25
6.420998e+01 4.654277e-25
6.435805e+01 4.650318e-25
6.450646e+01 4.646369e-25
6.465521e+01 4.642431e-25
6.480431e+01 4.638504e-25
6.495375e+01 4.634587e-25
6.510353e+01 4.630682e-25
6.525366e+01 4.626787e-25
6.540413e+01 4.622903e-25
6.555496e+01 4.619029e-25
6.570613e+01 4.615166e-25
6.585765e+01 4.611313e-25
6.600951e+01 4.607470e-25
6.616173e+01 4.603638e-25
6.631430e+01 4.599816e-25
6.646722e+01 4.596005e-25
6.662050e+01 4.592203e-25
6.677412e+01 4.588412e-25
6.692811e+01 4.584631e-25
6.708244e+01 4.580860e-25
6.723714e+01 4.577099e-25
6.739218e+01 4.573348e-25
6.754759e+01 4.569606e-25
6.770336e+01 4.565875e-25
6.785948e+01 4.562153e-25
6.801597e+01 4.558441e-25
6.817281e+01 4.554739e-25
6.833002e+01 4.551046e-25
6.848759e+01 4.547363e-25
6.864552e+01 4.543689e-25
6.880382e+01 4.540025e-25
6.896248e+01 4.536371e-25
6.912151e+01 4.532726e-25
6.928090e+01 4.529090e-25
6.944067e+01 4.525464e-25
6.960080e+01 4.521847e-25
6.976130e+01 4.518239e-25
6.992217e+01 4.514640e-25
7.008341e+01 4.511050e-25
7.024502e+01 4.507470e-25
7.040701e+01 4.503898e-25
7.056936e+01 4.500336e-25
7.073210e+01 4.496783e-25
7.089521e+01 4.493238e-25
7.105869e+01 4.489703e-25
7.122255e+01 4.486176e-25
7.138679e+01 4.482658e-25
7.155141e+01 4.479149e-25
7.171641e+01 4.475649e-25
7.188179e+01 4.472157e-25
7.204755e+01 4.468674e-25
7.221369e+01 4.465200e-25
7.238022e+01 4.461734e-25
7.254713e+01 4.458277e-25
7.271442e+01 4.454828e-25
7.288210e+01 4.451388e-25
7.305017e+01 4.447956e-25
7.321862e+01 4.444532e-25
7.338746e+01 4.441117e-25
7.355669e+01 4.437711e-25
7.372632e+01 4.434312e-25
7.389633e+01 4.430922e-25
7.406674e+01 4.427540e-25
7.423753e+01 4.424166e-25
7.440873e+01 4.420800e-25
7.458031e+01 4.417443e-25
7.475230e+01 4.414093e-25
7.492468e+01 4.410752e-25
7.509745e+01 4.407419e-25
7.527063e+01 4.404093e-25
7.544420e+01 4.400776e-25
7.561818e+01 4.397466e-25
7.579255e+01 4.394164e-25
7.596733e+01 4.390870e-25
7.614251e+01 4.387584e-25
7.631810e+01 4.384306e-25
7.649409e+01 4.381036e-25
7.667048e+01 4.377773e-25
7.684729e+01 4.374518e-25
7.702450e+01 4.371270e-25
7.720212e+01 4.368030e-25
7.738015e+01 4.364798e-25
7.755858e+01 4.361573e-25
7.773744e+01 4.358356e-25
7.791670e+01 4.355147e-25
7.809638e+01 4.351945e-25
7.827647e+01 4.348750e-25
7.845697e+01 4.345563e-25
7.863789e+01 4.342383e-25
7.881923e+01 4.339210e-25
7.900099e+01 4.336045e-25
7.918317e+01 4.332887e-25
7.936577e+01 4.329737e-25
7.954878e+01 4.326593e-25
7.973222e+01 4.323457e-25
7.991609e+01 4.320328e-25
8.010037e+01 4.317207e-25
8.028509e+01 4.314092e-25
8.047022e+01 4.310985e-25
8.065579e+01 4.307884e-25
8.084178e+01 4.304791e-25
8.102820e+01 4.301705e-25
8.121506e+01 4.298625e-25
8.140234e+01 4.295553e-25
8.159005e+01 4.292488e-25
8.177820e+01 4.289430e-25
8.196678e+01 4.286378e-25
8.215580e+01 4.283334e-25
8.234525e+01 4.280296e-25
8.253514e+01 4.277265e-25
8.272546e+01 4.274241e-25
8.291623e+01 4.271224e-25
8.310744e+01 4.268214e-25
8.329908e+01 4.265210e-25
8.349117e+01 4.262213e-25
8.368370e+01 4.259223e-25
8.387668e+01 4.256239e-25
8.407010e+01 4.253263e-25
8.426396e+01 4.250292e-25
8.445828e+01 4.247329e-25
8.465304e+01 4.244372e-25
8.484825e+01 4.241421e-25
8.504391e+01 4.238477e-25
8.524002e+01 4.235540e-25
8.543659e+01 4.232609e-25
8.563360e+01 4.229685e-25
8.583107e+01 4.226767e-25
8.602900e+01 4.223856e-25
8.622738e+01 4.220951e-25
8.642623e+01 4.218052e-25
8.662553e+01 4.215160e-25
8.682528e+01 4.212274e-25
8.702550e+01 4.209395e-25
8.722619e+01 4.206522e-25
8.742733e+01 4.203655e-25
8.762894e+01 4.200794e-25
8.783101e+01 4.197940e-25
8.803355e+01 4.195092e-25
8.823656e+01 4.192250e-25
8.844003e+01 4.189415e-25
8.864397e+01 4.186586e-25
8.884839e+01 4.183762e-25
8.905327e+01 4.180945e-25
8.925863e+01 4.178135e-25
8.946446e+01 4.175330e-25
8.967077e+01 4.172531e-25
8.987755e+01 4.169739e-25
9.008481e+01 4.166952e-25
9.029254e+01 4.164172e-25
9.050076e+01 4.161398e-25
9.070945e+01 4.158629e-25
9.091863e+01 4.155867e-25
9.112829e+01 4.153111e-25
9.133843e+01 4.150360e-25
9.154906e+01 4.147616e-25
9.176017e+01 4.144877e-25
9.197177e+01 4.142145e-25
9.218386e+01 4.139418e-25
9.239644e+01 4.136698e-25
9.260950e+01 4.133983e-25
9.282306e+01 4.131274e-25
9.303711e+01 4.128571e-25
9.325166e+01 4.125874e-25
9.346669e+01 4.123182e-25
9.368223e+01 4.120496e-25
9.389826e+01 4.117817e-25
9.411479e+01 4.115142e-25
9.433182e+01 4.112474e-25
9.454935e+01 4.109812e-25
9.476738e+01 4.107155e-25
9.498592e+01 4.104504e-25
9.520496e+01 4.101858e-25
9.542450e+01 4.099218e-25
9.564455e+01 4.096584e-25
9.586511e+01 4.093956e-25
9.608617e+01 4.091333e-25
9.630775e+01 4.088716e-25
9.652983e+01 4.086105e-25
9.675243e+01 4.083499e-25
9.697554e+01 4.080899e-25
9.719917e+01 4.078304e-25
9.742331e+01 4.075715e-25
9.764797e+01 4.073131e-25
9.787315e+01 4.070553e-25
9.809884e+01 4.067981e-25
9.832506e+01 4.065414e-25
9.855180e+01 4.062852e-25
9.877906e+01 4.060296e-25
9.900685e+01 4.057746e-25
9.923516e+01 4.055201e-25
9.946399e+01 4.052661e-25
9.969336e+01 4.050127e-25
9.992325e+01 4.047599e-25
1.001537e+02 4.045076e-25
1.003846e+02 4.042558e-25
1.006161e+02 4.040045e-25
1.008481e+02 4.037538e-25
1.010807e+02 4.035037e-25
1.013138e+02 4.032541e-25
1.015474e+02 4.030050e-25
1.017816e+02 4.027564e-25
1.020163e+02 4.025084e-25
1.022515e+02 4.022609e-25
1.024873e+02 4.020140e-25
1.027237e+02 4.017676e-25
1.029606e+02 4.015217e-25
1.031980e+02 4.012763e-25
1.034360e+02 4.010315e-25
1.036745e+02 4.007872e-25
1.039136e+02 4.005434e-25
1.041532e+02 4.003001e-25
1.043934e+02 4.000574e-25
1.046341e+02 3.998152e-25
1.048754e+02 3.995735e-25
1.051172e+02 3.993323e-25
1.053596e+02 3.990917e-25
1.056026e+02 3.988516e-25
1.058461e+02 3.986120e-25
1.060902e+02 3.983729e-25
1.063348e+02 3.981343e-25
1.065800e+02 3.978962e-25
1.068258e+02 3.976587e-25
1.070722e+02 3.974217e-25
1.073191e+02 3.971852e-25
1.075665e+02 3.969492e-25
1.078146e+02 3.967137e-25
1.080632e+02 3.964787e-25
1.083124e+02 3.962442e-25
1.085622e+02 3.960103e-25
1.088125e+02 3.957768e-25
1.090634e+02 3.955439e-25
1.093149e+02 3.953114e-25
1.095670e+02 3.950795e-25
1.098197e+02 3.948481e-25
1.100729e+02 3.946172e-25
1.103268e+02 3.943868e-25
1.105812e+02 3.941568e-25
1.108362e+02 3.939274e-25
1.110918e+02 3.936985e-25
1.113480e+02 3.934701e-25
1.116047e+02 3.932422e-25
1.118621e+02 3.930148e-25
1.121200e+02 3.927879e-25
1.123786e+02 3.925615e-25
1.126377e+02 3.923356e-25
1.128975e+02 3.921102e-25
1.131578e+02 3.918852e-25
1.134188e+02 3.916608e-25
1.136803e+02 3.914369e-25
1.139425e+02 3.912135e-25
1.142052e+02 3.909905e-25
1.144686e+02 3.907681e-25
1.147325e+02 3.905461e-25
1.149971e+02 3.903247e-25
1.152623e+02 3.901037e-25
1.155281e+02 3.898832e-25
1.157945e+02 3.896632e-25
1.160615e+02 3.894437e-25
1.163292e+02 3.892247e-25
1.165974e+02 3.890062e-25
1.168663e+02 3.887882e-25
1.171358e+02 3.885706e-25
1.174059e+02 3.883536e-25
1.176766e+02 3.881370e-25
1.179480e+02 3.879209e-25
1.182200e+02 3.877053e-25
1.184926e+02 3.874902e-25
1.187658e+02 3.872756e-25
1.190397e+02 3.870614e-25
1.193142e+02 3.868478e-25
1.195894e+02 3.866346e-25
1.198651e+02 3.864219e-25
1.201416e+02 3.862097e-25
1.204186e+02 3.859979e-25
1.206963e+02 3.857867e-25
1.209746e+02 3.855759e-25
1.212536e+02 3.853656e-25
1.215332e+02 3.851558e-25
1.218134e+02 3.849465e-25
1.220943e+02 3.847376e-25
1.223759e+02 3.845292e-25
1.226581e+02 3.843214e-25
1.229410e+02 3.841139e-25
1.232245e+02 3.839070e-25
1.235086e+02 3.837005e-25
1.237934e+02 3.834945e-25
1.240789e+02 3.832890e-25
1.243650e+02 3.830840e-25
1.246518e+02 3.828794e-25
1.249393e+02 3.826754e-25
1.252274e+02 3.824717e-25
1.255161e+02 3.822686e-25
1.258056e+02 3.820660e-25
1.260957e+02 3.818638e-25
1.263865e+02 3.816621e-25
1.266779e+02 3.814608e-25
1.269700e+02 3.812600e-25
1.272628e+02 3.810598e-25
1.275563e+02 3.808599e-25
1.278504e+02 3.806606e-25
1.281453e+02 3.804617e-25
1.284408e+02 3.802633e-25
1.287370e+02 3.800654e-25
1.290338e+02 3.798679e-25
1.293314e+02 3.796709e-25
1.296296e+02 3.794744e-25
1.299285e+02 3.792783e-25
1.302282e+02 3.790828e-25
1.305285e+02 3.788877e-25
1.308295e+02 3.786930e-25
1.311312e+02 3.784988e-25
1.314335e+02 3.783051e-25
1.317366e+02 3.781119e-25
1.320404e+02 3.779192e-25
1.323449e+02 3.777269e-25
1.326501e+02 3.775350e-25
1.329560e+02 3.773437e-25
1.332626e+02 3.771528e-25
1.335699e+02 3.769624e-25
1.338779e+02 3.767724e-25
1.341866e+02 3.765829e-25
1.344961e+02 3.763939e-25
1.348062e+02 3.762053e-25
1.351171e+02 3.760173e-25
1.354287e+02 3.758296e-25
1.357410e+02 3.756425e-25
1.360540e+02 3.754558e-25
1.363677e+02 3.752696e-25
1.366822e+02 3.750839e-25
1.369974e+02 3.748986e-25
1.373133e+02 3.747138e-25
1.376299e+02 3.745294e-25
1.379473e+02 3.743455e-25
1.382654e+02 3.741621e-25
1.385843e+02 3.739791e-25
1.389038e+02 3.737967e-25
1.392241e+02 3.736146e-25
1.395452e+02 3.734331e-25
1.398670e+02 3.732520e-25
1.401895e+02 3.730714e-25
1.405128e+02 3.728912e-25
1.408368e+02 3.727115e-25
1.411616e+02 3.725323e-25
1.414871e+02 3.723535e-25
1.418134e+02 3.721753e-25
1.421404e+02 3.719974e-25
1.424682e+02 3.718201e-25
1.427967e+02 3.716432e-25
1.431260e+02 3.714667e-25
1.434561e+02 3.712908e-25
1.437869e+02 3.711153e-25
1.441184e+02 3.709402e-25
1.444508e+02 3.707657e-25
1.447839e+02 3.705916e-25
1.451178e+02 3.704179e-25
1.454524e+02 3.702448e-25
1.457878e+02 3.700721e-25
1.461240e+02 3.698998e-25
1.464610e+02 3.697281e-25
1.467987e+02 3.695568e-25
1.471372e+02 3.693859e-25
1.474765e+02 3.692155e-25
1.478166e+02 3.690456e-25
1.481575e+02 3.688762e-25
1.484991e+02 3.687072e-25
1.488416e+02 3.685387e-25
1.491848e+02 3.683707e-25
1.495288e+02 3.682031e-25
1.498736e+02 3.680360e-25
1.502192e+02 3.678694e-25
1.505657e+02 3.677032e-25
1.509129e+02 3.675375e-25
1.512609e+02 3.673722e-25
1.516097e+02 3.672075e-25
1.519593e+02 3.670432e-25
1.523097e+02 3.668793e-25
1.526609e+02 3.667160e-25
1.530130e+02 3.665531e-25
1.533658e+02 3.663906e-25
1.537195e+02 3.662287e-25
1.540740e+02 3.660672e-25
1.544293e+02 3.659062e-25
1.547854e+02 3.657456e-25
1.551423e+02 3.655855e-25
1.555001e+02 3.654259e-25
1.558587e+02 3.652668e-25
1.562181e+02 3.651081e-25
1.565783e+02 3.649499e-25
1.569394e+02 3.647922e-25
1.573013e+02 3.646349e-25
1.576640e+02 3.644781e-25
1.580276e+02 3.643218e-25
1.583920e+02 3.641659e-25
1.587573e+02 3.640105e-25
1.591233e+02 3.638556e-25
1.594903e+02 3.637012e-25
1.598581e+02 3.635472e-25
1.602267e+02 3.633938e-25
1.605962e+02 3.632407e-25
1.609665e+02 3.630882e-25
1.613377e+02 3.629361e-25
1.617098e+02 3.627845e-25
1.620827e+02 3.626334e-25
1.624564e+02 3.624828e-25
1.628311e+02 3.623326e-25
1.632065e+02 3.621829e-25
1.635829e+02 3.620337e-25
1.639601e+02 3.618849e-25
1.643382e+02 3.617367e-25
1.647172e+02 3.615889e-25
1.650970e+02 3.614415e-25
1.654777e+02 3.612947e-25
1.658593e+02 3.611483e-25
1.662418e+02 3.610025e-25
1.666252e+02 3.608571e-25
1.670094e+02 3.607121e-25
1.673945e+02 3.605677e-25
1.677805e+02 3.604237e-25
1.681674e+02 3.602802e-25
1.685552e+02 3.601372e-25
1.689439e+02 3.599947e-25
1.693335e+02 3.598526e-25
1.697240e+02 3.597111e-25
1.701154e+02 3.595700e-25
1.705077e+02 3.594294e-25
1.709009e+02 3.592893e-25
1.712950e+02 3.591496e-25
1.716900e+02 3.590105e-25
1.720859e+02 3.588718e-25
1.724827e+02 3.587336e-25
1.728805e+02 3.585959e-25
1.732791e+02 3.584587e-25
1.736787e+02 3.583220e-25
1.740792e+02 3.581857e-25
1.744806e+02 3.580500e-25
1.748830e+02 3.579147e-25
1.752863e+02 3.577799e-25
1.756905e+02 3.576456e-25
1.760956e+02 3.575118e-25
1.765017e+02 3.573785e-25
1.769087e+02 3.572457e-25
1.773167e+02 3.571133e-25
1.777256e+02 3.569815e-25
1.781354e+02 3.568502e-25
1.785462e+02 3.567193e-25
1.789579e+02 3.565889e-25
1.793706e+02 3.564590e-25
1.797842e+02 3.563297e-25
1.801988e+02 3.562008e-25
1.806143e+02 3.560724e-25
1.810308e+02 3.559445e-25
1.814483e+02 3.558171e-25
1.818667e+02 3.556902e-25
1.822861e+02 3.555638e-25
1.827065e+02 3.554378e-25
1.831278e+02 3.553124e-25
1.835501e+02 3.551875e-25
1.839734e+02 3.550631e-25
1.843976e+02 3.549392e-25
1.848228e+02 3.548158e-25
1.852490e+02 3.546928e-25
1.856762e+02 3.545704e-25
1.861044e+02 3.544485e-25
1.865335e+02 3.543271e-25
1.869637e+02 3.542062e-25
1.873948e+02 3.540858e-25
1.878270e+02 3.539659e-25
1.882601e+02 3.538465e-25
1.886942e+02 3.537276e-25
1.891293e+02 3.536092e-25
1.895655e+02 3.534914e-25
1.900026e+02 3.533740e-25
1.904408e+02 3.532572e-25
1.908799e+02 3.531408e-25
1.913201e+02 3.530250e-25
1.917613e+02 3.529097e-25
1.922035e+02 3.527949e-25
1.926467e+02 3.526806e-25
1.930910e+02 3.525668e-25
1.935362e+02 3.524535e-25
1.939825e+02 3.523408e-25
1.944298e+02 3.522285e-25
1.948782e+02 3.521168e-25
1.953276e+02 3.520056e-25
1.957780e+02 3.518949e-25
1.962295e+02 3.517847e-25
1.966820e+02 3.516751e-25
1.971355e+02 3.515660e-25
1.975901e+02 3.514573e-25
1.980458e+02 3.513493e-25
1.985025e+02 3.512417e-25
1.989602e+02 3.511346e-25
1.994190e+02 3.510281e-25
1.998789e+02 3.509221e-25
2.003398e+02 3.508167e-25
2.008018e+02 3.507117e-25
2.012648e+02 3.506073e-25
2.017290e+02 3.505034e-25
2.021942e+02 3.504001e-25
2.026604e+02 3.502973e-25
2.031277e+02 3.501950e-25
2.035962e+02 3.500932e-25
2.040657e+02 3.499920e-25
2.045362e+02 3.498913e-25
2.050079e+02 3.497911e-25
2.054806e+02 3.496915e-25
2.059545e+02 3.495924e-25
2.064294e+02 3.494938e-25
2.069054e+02 3.493958e-25
2.073826e+02 3.492983e-25
2.078608e+02 3.492014e-25
2.083401e+02 3.491050e-25
2.088206e+02 3.490092e-25
2.093021e+02 3.489138e-25
2.097848e+02 3.488191e-25
2.102685e+02 3.487248e-25
2.107534e+02 3.486312e-25
2.112394e+02 3.485380e-25
2.117265e+02 3.484455e-25
2.122148e+02 3.483534e-25
2.127041e+02 3.482619e-25
2.131946e+02 3.481710e-25
2.136863e+02 3.480806e-25
2.141790e+02 3.479908e-25
2.146729e+02 3.479015e-25
2.151680e+02 3.478128e-25
2.156641e+02 3.477246e-25
2.161615e+02 3.476370e-25
2.166599e+02 3.475499e-25
2.171595e+02 3.474634e-25
2.176603e+02 3.473775e-25
2.181622e+02 3.472921e-25
2.186653e+02 3.472073e-25
2.191696e+02 3.471230e-25
2.196750e+02 3.470394e-25
2.201816e+02 3.469562e-25
2.206893e+02 3.468737e-25
2.211982e+02 3.467917e-25
2.217083e+02 3.467103e-25
2.222195e+02 3.466294e-25
2.227320e+02 3.465491e-25
2.232456e+02 3.464694e-25
2.237604e+02 3.463903e-25
2.242764e+02 3.463117e-25
2.247936e+02 3.462337e-25
2.253120e+02 3.461563e-25
2.258315e+02 3.460795e-25
2.263523e+02 3.460032e-25
2.268743e+02 3.459275e-25
2.273975e+02 3.458524e-25
2.279218e+02 3.457779e-25
2.284474e+02 3.457040e-25
2.289742e+02 3.456306e-25
2.295022e+02 3.455578e-25
2.300315e+02 3.454857e-25
2.305619e+02 3.454141e-25
2.310936e+02 3.453431e-25
2.316265e+02 3.452727e-25
2.321606e+02 3.452028e-25
2.326960e+02 3.451336e-25
2.332326e+02 3.450650e-25
2.337704e+02 3.449970e-25
2.343095e+02 3.449295e-25
2.348498e+02 3.448627e-25
2.353914e+02 3.447964e-25
2.359342e+02 3.447308e-25
2.364783e+02 3.446657e-25
2.370236e+02 3.446013e-25
2.375702e+02 3.445375e-25
2.381180e+02 3.444742e-25
2.386671e+02 3.444116e-25
2.392175e+02 3.443496e-25
2.397691e+02 3.442882e-25
2.403220e+02 3.442274e-25
2.408762e+02 3.441672e-25
2.414317e+02 3.441077e-25
2.419884e+02 3.440487e-25
2.425465e+02 3.439904e-25
2.431058e+02 3.439327e-25
2.436664e+02 3.438756e-25
2.442283e+02 3.438191e-25
2.447915e+02 3.437632e-25
2.453560e+02 3.437080e-25
2.459217e+02 3.436534e-25
2.464888e+02 3.435994e-25
2.470572e+02 3.435460e-25
2.476270e+02 3.434933e-25
2.481980e+02 3.434412e-25
2.487703e+02 3.433898e-25
2.493440e+02 3.433389e-25
2.499190e+02 3.432887e-25
2.504953e+02 3.432392e-25
2.510730e+02 3.431902e-25
2.516519e+02 3.431420e-25
2.522322e+02 3.430943e-25
2.528139e+02 3.430473e-25
2.533969e+02 3.430010e-25
2.539812e+02 3.429552e-25
2.545669e+02 3.429102e-25
2.551539e+02 3.428658e-25
2.557423e+02 3.428220e-25
2.563321e+02 3.427789e-25
2.569232e+02 3.427364e-25
2.575156e+02 3.426946e-25
2.581095e+02 3.426534e-25
2.587047e+02 3.426129e-25
2.593012e+02 3.425731e-25
2.598992e+02 3.425339e-25
2.604985e+02 3.424954e-25
2.610992e+02 3.424576e-25
2.617013e+02 3.424204e-25
2.623048e+02 3.423839e-25
2.629097e+02 3.423480e-25
2.635160e+02 3.423128e-25
2.641236e+02 3.422783e-25
2.647327e+02 3.422445e-25
2.653432e+02 3.422113e-25
2.659551e+02 3.421788e-25
2.665684e+02 3.421470e-25
2.671831e+02 3.421159e-25
2.677992e+02 3.420855e-25
2.684167e+02 3.420557e-25
2.690357e+02 3.420266e-25
2.696561e+02 3.419982e-25
2.702779e+02 3.419705e-25
2.709012e+02 3.419435e-25
2.715259e+02 3.419172e-25
2.721520e+02 3.418916e-25
2.727796e+02 3.418667e-25
2.734087e+02 3.418424e-25
2.740391e+02 3.418189e-25
2.746711e+02 3.417961e-25
2.753045e+02 3.417739e-25
2.759393e+02 3.417525e-25
2.765756e+02 3.417318e-25
2.772134e+02 3.417118e-25
2.778527e+02 3.416925e-25
2.784934e+02 3.416739e-25
2.791356e+02 3.416560e-25
2.797793e+02 3.416389e-25
2.804245e+02 3.416224e-25
2.810712e+02 3.416067e-25
2.817193e+02 3.415917e-25
2.823690e+02 3.415774e-25
2.830201e+02 3.415638e-25
2.836727e+02 3.415510e-25
2.843269e+02 3.415389e-25
2.849826e+02 3.415275e-25
2.856397e+02 3.415169e-25
2.862984e+02 3.415070e-25
2.869586e+02 3.414978e-25
2.876203e+02 3.414894e-25
2.882836e+02 3.414817e-25
2.889484e+02 3.414747e-25
2.896147e+02 3.414685e-25
2.902826e+02 3.414630e-25
2.909520e+02 3.414583e-25
2.916229e+02 3.414543e-25
2.922954e+02 3.414511e-25
2.929694e+02 3.414486e-25
2.936450e+02 3.414469e-25
2.943221e+02 3.414460e-25
2.950009e+02 3.414458e-25
2.956811e+02 3.414463e-25
2.963630e+02 3.414477e-25
2.970464e+02 3.414498e-25
2.977314e+02 3.414526e-25
2.984179e+02 3.414563e-25
2.991061e+02 3.414607e-25
2.997958e+02 3.414658e-25
3.004872e+02 3.414718e-25
3.011801e+02 3.414785e-25
3.018746e+02 3.414860e-25
3.025708e+02 3.414943e-25
3.032685e+02 3.415034e-25
3.039678e+02 3.415132e-25
3.046688e+02 3.415239e-25
3.053713e+02 3.415353e-25
3.060755e+02 3.415475e-25
3.067813e+02 3.415606e-25
3.074888e+02 3.415744e-25
3.081979e+02 3.415890e-25
3.089086e+02 3.416044e-25
3.096209e+02 3.416206e-25
3.103349e+02 3.416377e-25
3.110505e+02 3.416555e-25
3.117678e+02 3.416741e-25
3.124868e+02 3.416936e-25
3.132073e+02 3.417139e-25
3.139296e+02 3.417350e-25
3.146535e+02 3.417569e-25
3.153791e+02 3.417796e-25
3.161064e+02 3.418031e-25
3.168353e+02 3.418275e-25
3.175660e+02 3.418527e-25
3.182983e+02 3.418787e-25
3.190323e+02 3.419056e-25
3.197680e+02 3.419333e-25
3.205053e+02 3.419618e-25
3.212444e+02 3.419912e-25
3.219852e+02 3.420214e-25
3.227277e+02 3.420525e-25
3.234719e+02 3.420844e-25
3.242179e+02 3.421171e-25
3.249655e+02 3.421507e-25
3.257149e+02 3.421852e-25
3.264660e+02 3.422205e-25
3.272188e+02 3.422567e-25
3.279734e+02 3.422937e-25
3.287297e+02 3.423316e-25
3.294878e+02 3.423703e-25
3.302476e+02 3.424100e-25
3.310091e+02 3.424505e-25
3.317724e+02 3.424918e-25
3.325375e+02 3.425341e-25
3.333043e+02 3.425772e-25
3.340729e+02 3.426212e-25
3.348433e+02 3.426661e-25
3.356155e+02 3.427118e-25
3.363894e+02 3.427585e-25
3.371651e+02 3.428060e-25
3.379426e+02 3.428545e-25
3.387219e+02 3.429038e-25
3.395030e+02 3.429540e-25
3.402859e+02 3.430051e-25
3.410706e+02 3.430572e-25
3.418571e+02 3.431101e-25
3.426454e+02 3.431640e-25
3.434356e+02 3.432187e-25
3.442275e+02 3.432744e-25
3.450213e+02 3.433310e-25
3.458170e+02 3.433885e-25
3.466144e+02 3.434469e-25
3.474137e+02 3.435062e-25
3.482148e+02 3.435665e-25
3.490178e+02 3.436277e-25
3.498227e+02 3.436898e-25
3.506294e+02 3.437529e-25
3.514379e+02 3.438169e-25
3.522483e+02 3.438819e-25
3.530606e+02 3.439478e-25
3.538748e+02 3.440146e-25
3.546908e+02 3.440824e-25
3.555087e+02 3.441511e-25
3.563285e+02 3.442208e-25
3.571502e+02 3.442914e-25
3.579738e+02 3.443631e-25
3.587993e+02 3.444356e-25
3.596267e+02 3.445092e-25
3.604560e+02 3.445837e-25
3.612872e+02 3.446592e-25
3.621204e+02 3.447356e-25
3.629554e+02 3.448130e-25
3.637924e+02 3.448915e-25
3.646313e+02 3.449709e-25
3.654721e+02 3.450512e-25
3.663149e+02 3.451326e-25
3.671597e+02 3.452150e-25
3.680063e+02 3.452984e-25
3.688550e+02 3.453827e-25
3.697055e+02 3.454681e-25
3.705581e+02 3.455545e-25
3.714126e+02 3.456419e-25
3.722691e+02 3.457303e-25
3.731275e+02 3.458198e-25
3.739880e+02 3.459102e-25
3.748504e+02 3.460017e-25
3.757148e+02 3.460942e-25
3.765812e+02 3.461878e-25
3.774496e+02 3.462824e-25
3.783200e+02 3.463780e-25
3.791924e+02 3.464747e-25
3.800668e+02 3.465724e-25
3.809433e+02 3.466712e-25
3.818217e+02 3.467710e-25
3.827022e+02 3.468720e-25
3.835847e+02 3.469740e-25
3.844693e+02 3.470770e-25
3.853558e+02 3.471812e-25
3.862445e+02 3.472864e-25
3.871352e+02 3.473928e-25
3.880279e+02 3.475002e-25
3.889227e+02 3.476088e-25
3.898196e+02 3.477185e-25
3.907185e+02 3.478293e-25
3.916195e+02 3.479412e-25
3.925226e+02 3.480543e-25
3.934277e+02 3.481685e-25
3.943350e+02 3.482839e-25
3.952443e+02 3.484005e-25
3.961557e+02 3.485183e-25
3.970693e+02 3.486373e-25
3.979849e+02 3.487576e-25
3.989027e+02 3.488791e-25
3.998226e+02 3.490018e-25
4.007445e+02 3.491259e-25
4.016687e+02 3.492512e-25
4.025949e+02 3.493780e-25
4.035233e+02 3.495061e-25
4.044538e+02 3.496357e-25
4.053865e+02 3.497667e-25
4.063213e+02 3.498993e-25
4.072583e+02 3.500336e-25
4.081975e+02 3.501695e-25
4.091388e+02 3.503073e-25
4.100822e+02 3.504470e-25
4.110279e+02 3.505888e-25
4.119757e+02 3.507329e-25
4.129257e+02 3.508796e-25
4.138780e+02 3.510291e-25
4.148324e+02 3.511819e-25
4.157890e+02 3.513385e-25
4.167478e+02 3.514996e-25
4.177088e+02 3.516662e-25
4.186720e+02 3.518396e-25
4.196375e+02 3.520218e-25
4.206052e+02 3.522156e-25
4.215751e+02 3.524251e-25
4.225473e+02 3.526569e-25
4.235217e+02 3.529220e-25
4.244983e+02 3.532390e-25
4.254772e+02 3.536429e-25
4.264584e+02 3.542048e-25
4.274418e+02 3.550894e-25
4.284275e+02 3.567513e-25
4.294154e+02 3.608667e-25
4.304056e+02 3.781884e-25
4.313982e+02 8.880020e-25
4.323930e+02 4.055666e-25
4.333901e+02 3.646341e-25
4.343895e+02 3.584815e-25
4.353912e+02 3.565973e-25
4.363952e+02 3.558549e-25
4.374015e+02 3.555423e-25
4.384102e+02 3.554272e-25
4.394212e+02 3.554155e-25
4.404345e+02 3.554634e-25
4.414501e+02 3.555482e-25
4.424681e+02 3.556572e-25
4.434884e+02 3.557830e-25
4.445111e+02 3.559208e-25
4.455362e+02 3.560676e-25
4.465636e+02 3.562214e-25
4.475934e+02 3.563808e-25
4.486255e+02 3.565446e-25
4.496600e+02 3.567124e-25
4.506970e+02 3.568834e-25
4.517363e+02 3.570572e-25
4.527780e+02 3.572337e-25
4.538221e+02 3.574125e-25
4.548686e+02 3.575935e-25
4.559175e+02 3.577764e-25
4.569689e+02 3.579613e-25
4.580227e+02 3.581480e-25
4.590789e+02 3.583364e-25
4.601375e+02 3.585265e-25
4.611986e+02 3.587181e-25
4.622621e+02 3.589114e-25
4.633281e+02 3.591062e-25
4.643965e+02 3.593026e-25
4.654674e+02 3.595004e-25
4.665408e+02 3.596997e-25
4.676166e+02 3.599005e-25
4.686950e+02 3.601027e-25
4.697758e+02 3.603063e-25
4.708591e+02 3.605114e-25
4.719449e+02 3.607179e-25
4.730332e+02 3.609258e-25
4.741240e+02 3.611351e-25
4.752174e+02 3.613458e-25
4.763132e+02 3.615580e-25
4.774116e+02 3.617715e-25
4.785125e+02 3.619864e-25
4.796160e+02 3.622027e-25
4.807220e+02 3.624205e-25
4.818305e+02 3.626396e-25
4.829416e+02 3.628601e-25
4.840553e+02 3.630820e-25
4.851715e+02 3.633054e-25
4.862903e+02 3.635301e-25
4.874117e+02 3.637562e-25
4.885357e+02 3.639837e-25
4.896623e+02 3.642127e-25
4.907914e+02 3.644431e-25
4.919232e+02 3.646748e-25
4.930576e+02 3.649080e-25
4.941946e+02 3.651427e-25
4.953342e+02 3.653790e-25
4.964764e+02 3.656151e-25
4.976213e+02 3.658546e-25
4.987688e+02 3.660950e-25
4.999190e+02 3.663367e-25
5.010718e+02 3.665799e-25
5.022273e+02 3.668245e-25
5.033854e+02 3.670705e-25
5.045462e+02 3.673180e-25
5.057097e+02 3.675669e-25
5.068759e+02 3.678173e-25
5.080447e+02 3.680691e-25
5.092163e+02 3.683224e-25
5.103906e+02 3.685772e-25
5.115675e+02 3.688334e-25
5.127472e+02 3.690910e-25
5.139296e+02 3.693502e-25
5.151147e+02 3.696108e-25
5.163026e+02 3.698729e-25
5.174932e+02 3.701364e-25
5.186865e+02 3.704015e-25
5.198826e+02 3.706680e-25
5.210815e+02 3.709361e-25
5.222831e+02 3.712056e-25
5.234875e+02 3.714766e-25
5.246946e+02 3.717492e-25
5.259046e+02 3.720232e-25
5.271173e+02 3.722988e-25
5.283329e+02 3.725758e-25
5.295512e+02 3.728544e-25
5.307724e+02 3.731345e-25
5.319963e+02 3.734162e-25
5.332231e+02 3.736993e-25
5.344527e+02 3.739840e-25
5.356852e+02 3.742702e-25
5.369205e+02 3.745580e-25
5.381586e+02 3.748473e-25
5.393996e+02 3.751382e-25
5.406435e+02 3.754306e-25
5.418902e+02 3.757246e-25
5.431398e+02 3.760201e-25
5.443923e+02 3.763172e-25
5.456477e+02 3.766159e-25
5.469059e+02 3.769161e-25
5.481671e+02 3.772179e-25
5.494312e+02 3.775213e-25
5.506982e+02 3.778263e-25
5.519681e+02 3.781329e-25
5.532409e+02 3.784410e-25
5.545167e+02 3.787508e-25
5.557954e+02 3.790621e-25
5.570771e+02 3.793751e-25
5.583617e+02 3.796897e-25
5.596493e+02 3.800058e-25
5.609399e+02 3.803236e-25
5.622334e+02 3.806430e-25
5.635299e+02 3.809641e-25
5.648294e+02 3.812867e-25
5.661319e+02 3.816110e-25
5.674374e+02 3.819370e-25
5.687459e+02 3.822645e-25
5.700575e+02 3.825938e-25
5.713720e+02 3.829246e-25
5.726896e+02 3.832571e-25
5.740102e+02 3.835913e-25
5.753339e+02 3.839272e-25
5.766606e+02 3.842647e-25
5.779904e+02 3.846038e-25
5.793233e+02 3.849447e-25
5.806592e+02 3.852872e-25
5.819982e+02 3.856314e-25
5.833403e+02 3.859773e-25
5.846855e+02 3.863248e-25
5.860338e+02 3.866741e-25
5.873852e+02 3.870251e-25
5.887397e+02 3.873777e-25
5.900973e+02 3.877321e-25
5.914581e+02 3.880882e-25
5.928220e+02 3.884460e-25
5.941890e+02 3.888055e-25
5.955593e+02 3.891668e-25
5.969326e+02 3.895297e-25
5.983091e+02 3.898944e-25
5.996889e+02 3.902609e-25
6.010717e+02 3.906290e-25
6.024578e+02 3.909990e-25
6.038471e+02 3.913706e-25
6.052396e+02 3.917441e-25
6.066353e+02 3.921192e-25
6.080342e+02 3.924962e-25
6.094363e+02 3.928749e-25
6.108417e+02 3.932554e-25
6.122503e+02 3.936376e-25
6.136621e+02 3.940216e-25
6.150772e+02 3.944074e-25
6.164956e+02 3.947950e-25
6.179172e+02 3.951844e-25
6.193422e+02 3.955756e-25
6.207704e+02 3.959686e-25
6.222019e+02 3.963634e-25
6.236367e+02 3.967600e-25
6.250748e+02 3.971584e-25
6.265162e+02 3.975586e-25
6.279610e+02 3.979607e-25
6.294090e+02 3.983646e-25
6.308605e+02 3.987703e-25
6.323152e+02 3.991778e-25
6.337734e+02 3.995872e-25
6.352348e+02 3.999984e-25
6.366997e+02 4.004115e-25
6.381679e+02 4.008264e-25
6.396396e+02 4.012432e-25
6.411146e+02 4.016619e-25
6.425930e+02 4.020824e-25
6.440748e+02 4.025048e-25
6.455600e+02 4.029290e-25
6.470487e+02 4.033551e-25
6.485408e+02 4.037832e-25
6.500364e+02 4.042131e-25
6.515353e+02 4.046449e-25
6.530378e+02 4.050786e-25
6.545437e+02 4.055142e-25
6.560531e+02 4.059517e-25
6.575659e+02 4.063911e-25
6.590823e+02 4.068324e-25
6.606021e+02 4.072757e-25
6.621255e+02 4.077209e-25
6.636524e+02 4.081680e-25
6.651828e+02 4.086170e-25
6.667167e+02 4.090680e-25
6.682541e+02 4.095209e-25
6.697951e+02 4.099758e-25
6.713397e+02 4.104326e-25
6.728878e+02 4.108914e-25
6.744395e+02 4.113521e-25
6.759947e+02 4.118148e-25
6.775536e+02 4.122795e-25
6.791160e+02 4.127461e-25
6.806821e+02 4.132147e-25
6.822517e+02 4.136853e-25
6.838250e+02 4.141579e-25
6.854019e+02 4.146325e-25
6.869825e+02 4.151091e-25
6.885666e+02 4.155877e-25
6.901545e+02 4.160683e-25
6.917460e+02 4.165509e-25
6.933412e+02 4.170355e-25
6.949400e+02 4.175222e-25
6.965425e+02 4.180109e-25
6.981488e+02 4.185016e-25
6.997587e+02 4.189943e-25
7.013724e+02 4.194891e-25
7.029897e+02 4.199859e-25
7.046108e+02 4.204848e-25
7.062357e+02 4.209857e-25
7.078643e+02 4.214887e-25
7.094966e+02 4.219938e-25
7.111327e+02 4.225009e-25
7.127726e+02 4.230101e-25
7.144162e+02 4.235213e-25
7.160637e+02 4.240347e-25
7.177149e+02 4.245501e-25
7.193700e+02 4.250677e-25
7.210289e+02 4.255873e-25
7.226916e+02 4.261090e-25
7.243581e+02 4.266329e-25
7.260285e+02 4.271588e-25
7.277027e+02 4.276869e-25
7.293808e+02 4.282171e-25
7.310627e+02 4.287494e-25
7.327486e+02 4.292839e-25
7.344383e+02 4.298204e-25
7.361319e+02 4.303592e-25
7.378294e+02 4.309001e-25
7.395309e+02 4.314431e-25
7.412363e+02 4.319883e-25
7.429455e+02 4.325356e-25
7.446588e+02 4.330851e-25
7.463760e+02 4.336368e-25
7.480971e+02 4.341906e-25
7.498222e+02 4.347467e-25
7.515513e+02 4.353049e-25
7.532844e+02 4.358653e-25
7.550215e+02 4.364279e-25
7.567626e+02 4.369927e-25
7.585077e+02 4.375598e-25
7.602568e+02 4.381290e-25
7.620100e+02 4.387004e-25
7.637672e+02 4.392741e-25
7.655284e+02 4.398500e-25
7.672937e+02 4.404281e-25
7.690631e+02 4.410085e-25
7.708366e+02 4.415911e-25
7.726141e+02 4.421760e-25
7.743958e+02 4.427631e-25
7.761816e+02 4.433525e-25
7.779714e+02 4.439441e-25
7.797654e+02 4.445380e-25
7.815636e+02 4.451342e-25
7.833659e+02 4.457327e-25
7.851723e+02 4.463334e-25
7.869829e+02 4.469365e-25
7.887977e+02 4.475418e-25
7.906167e+02 4.481495e-25
7.924399e+02 4.487595e-25
7.942672e+02 4.493718e-25
7.960988e+02 4.499864e-25
7.979346e+02 4.506033e-25
7.997747e+02 4.512226e-25
8.016190e+02 4.518442e-25
8.034675e+02 4.524682e-25
8.053203e+02 4.530946e-25
8.071774e+02 4.537233e-25
8.090387e+02 4.543545e-25
8.109044e+02 4.549880e-25
8.127744e+02 4.556239e-25
8.146486e+02 4.562623e-25
8.165272e+02 4.569032e-25
8.184101e+02 4.575465e-25
8.202974e+02 4.581923e-25
8.221890e+02 4.588407e-25
8.240850e+02 4.594917e-25
8.259853e+02 4.601454e-25
8.278900e+02 4.608019e-25
8.297992e+02 4.614613e-25
8.317127e+02 4.621239e-25
8.336306e+02 4.627901e-25
8.355530e+02 4.634605e-25
8.374798e+02 4.641362e-25
8.394110e+02 4.648193e-25
8.413467e+02 4.655145e-25
8.432868e+02 4.662334e-25
8.452315e+02 4.670122e-25
8.471806e+02 4.680178e-25
8.491342e+02 4.712156e-25
8.510923e+02 4.891956e-25
8.530549e+02 4.704764e-25
8.550221e+02 4.705037e-25
8.569938e+02 4.710392e-25
8.589700e+02 4.716734e-25
8.609508e+02 4.723409e-25
8.629361e+02 4.730236e-25
8.649261e+02 4.737150e-25
8.669206e+02 4.744123e-25
8.689197e+02 4.751142e-25
8.709235e+02 4.758198e-25
8.729318e+02 4.765288e-25
8.749448e+02 4.772408e-25
8.769624e+02 4.779558e-25
8.789847e+02 4.786737e-25
8.810117e+02 4.793943e-25
8.830433e+02 4.801176e-25
8.850796e+02 4.808436e-25
8.871206e+02 4.815723e-25
8.891663e+02 4.823037e-25
8.912167e+02 4.830376e-25
8.932719e+02 4.837742e-25
8.953318e+02 4.845135e-25
8.973964e+02 4.852554e-25
8.994658e+02 4.859999e-25
9.015400e+02 4.867470e-25
9.036189e+02 4.874968e-25
9.057027e+02 4.882492e-25
9.077913e+02 4.890043e-25
9.098846e+02 4.897620e-25
9.119828e+02 4.905223e-25
9.140859e+02 4.912853e-25
9.161938e+02 4.920510e-25
9.183065e+02 4.928193e-25
9.204241e+02 4.935903e-25
9.225466e+02 4.943640e-25
9.246740e+02 4.951403e-25
9.268063e+02 4.959193e-25
9.289436e+02 4.967011e-25
9.310857e+02 4.974855e-25
9.332328e+02 4.982726e-25
9.353848e+02 4.990624e-25
9.375419e+02 4.998550e-25
9.397038e+02 5.006502e-25
9.418708e+02 5.014482e-25
9.440428e+02 5.022489e-25
9.462197e+02 5.030524e-25
9.484017e+02 5.038585e-25
9.505887e+02 5.046675e-25
9.527808e+02 5.054792e-25
9.549779e+02 5.062936e-25
9.571801e+02 5.071108e-25
9.593874e+02 5.079308e-25
9.615997e+02 5.087536e-25
9.638172e+02 5.095791e-25
9.660398e+02 5.104075e-25
9.682674e+02 5.112386e-25
9.705003e+02 5.120726e-25
9.727383e+02 5.129093e-25
9.749814e+02 5.137489e-25
9.772297e+02 5.145913e-25
9.794832e+02 5.154365e-25
9.817419e+02 5.162846e-25
9.840058e+02 5.171355e-25
9.862749e+02 5.179892e-25
9.885493e+02 5.188458e-25
9.908289e+02 5.197053e-25
9.931138e+02 5.205676e-25
9.954039e+02 5.214328e-25
9.976993e+02 5.223009e-25
1.000000e+03 nan
