10 6.33607241000000e-11
5.88235294000000 1.25103383000000e-10
2.50000000000000 2.94459267000000e-10
1.25000000000000 4.41443524000000e-10
0.806451613000000 1.28937819000000e-09
0.416666667000000 1.41167989000000e-08
0.232558140000000 6.02960118000000e-08
0.200000000000000 7.01420201000000e-08
0.166666667000000 3.38850047000000e-08
0.100000000000000 1.03352297000000e-08
0.0833333333000000 9.30381509000000e-09
0.0641025641000000 1.94316761000000e-08
0.0456621005000000 4.64534909000000e-09
0.0316455696000000 2.82984031000000e-09
0.0222222222000000 3.02017874000000e-09
0.0142857143000000 4.69699538000000e-09
0.00990099010000000 9.03943956000000e-09
0.00649350649000000 1.38035000000000e-08
0.00304878049000000 2.20363120000000e-08
0.00166666667000000 5.76650330000000e-08
0.000100000000000000 4.05340624000000e-05